1e-07 7.238212 1.083893280986173 28.92638795901269
1.071519305237607e-07 7.146694812161622 1.113260719642229 28.19191898254716
1.148153621496882e-07 7.055081319411893 1.142633264990067 27.45659832262834
1.230268770812381e-07 6.964408742751059 1.171353993047905 26.73750335551224
1.318256738556407e-07 6.875368815996341 1.198991562693759 26.0459893009955
1.412537544622755e-07 6.787523799889163 1.225824904423559 25.37481833224219
1.513561248436207e-07 6.700771393834859 1.251906142748719 24.72177112162894
1.62181009735893e-07 6.615059720921832 1.277256635596027 24.08555637794628
1.737800828749376e-07 6.530426948489368 1.301857755583081 23.46701315366844
1.862087136662866e-07 6.446836723734724 1.325734274142069 22.86521032471722
1.995262314968879e-07 6.364234452801231 1.348920466825303 22.2787087772843
2.137962089502232e-07 6.282658489125049 1.371339988391886 21.70785677206275
2.290867652767775e-07 6.202076201606376 1.391269725260916 21.15227319242445
2.454708915685028e-07 6.122393977796684 1.409997971823671 20.61052584940887
2.630267991895382e-07 6.043556116682636 1.427623344276228 20.08215749085925
2.818382931264455e-07 5.96560733633201 1.44427068213319 19.56769127187141
3.019951720402019e-07 5.88858971313503 1.460032842352169 19.06649528168026
3.235936569296281e-07 5.812534820379951 1.47498268194133 18.57820789762516
3.467368504525316e-07 5.737426216864941 1.489219092700322 18.10324423222666
3.715352290971728e-07 5.663261905725974 1.502787265834386 17.64091965661611
3.981071705534969e-07 5.590045501960821 1.515708194057612 17.19053139274401
4.265795188015925e-07 5.517796151396618 1.528062955320621 16.75258481128491
4.570881896148752e-07 5.446480809973476 1.539893407163139 16.32656503263446
4.897788193684457e-07 5.376052946518862 1.551203022825746 15.9115293434361
5.248074602497723e-07 5.306520861050923 1.562038868311651 15.50762424509847
5.62341325190349e-07 5.237884694828536 1.572446119667774 15.11485068222073
6.025595860743581e-07 5.170099937803339 1.58241577080468 14.73233437495787
6.45654229034655e-07 5.103151941474926 1.591957506231801 14.35975168584746
6.918309709189363e-07 5.037062154315061 1.601125911713478 13.99750363052807
7.413102413009177e-07 4.971785036625495 1.609910277244059 13.64482582350369
7.943282347242822e-07 4.907283184386201 1.618300301774591 13.30110227153083
8.511380382023759e-07 4.843581637079378 1.62634710835526 12.96677732498312
9.120108393559096e-07 4.780660611857868 1.634039161052246 12.64141325776338
9.772372209558111e-07 4.718492315826161 1.641346694667711 12.32441552752647
1.047128548050899e-06 4.657111884393955 1.648294621982535 12.01617325944009
1.122018454301963e-06 4.596481315965487 1.654900378397244 11.71632347073077
1.202264434617413e-06 4.536521860681511 1.661156191638818 11.42398191936431
1.288249551693132e-06 4.477216046566097 1.667077819768696 11.13899348780745
1.380384264602884e-06 4.418589246523961 1.672676674173924 10.86160590582555
1.479108388168207e-06 4.360604126393143 1.677924056067794 10.59126650325512
1.584893192461114e-06 4.30321918964102 1.682805925853029 10.32760982536955
1.698243652461746e-06 4.246436233827739 1.687349335344547 10.07088182885208
1.819700858609983e-06 4.190329060708122 1.691556132022103 9.820939215466341
1.949844599758045e-06 4.13497305681024 1.695423902971964 9.577646437758565
2.089296130854041e-06 4.080380295752216 1.69896532041747 9.341230965334343
2.238721138568338e-06 4.026483408704054 1.70218077584049 9.111329477960972
2.39883291901949e-06 3.973210526486834 1.705065423248548 8.887431419383759
2.570395782768865e-06 3.920557033929311 1.707633590216452 8.669648797628801
2.754228703338163e-06 3.868540955400987 1.709864714016671 8.45794334107379
2.951209226666384e-06 3.817150326551412 1.711757410721638 8.251867717183288
3.162277660168379e-06 3.766388371305151 1.713309322893243 8.051294077459545
3.388441561392028e-06 3.716259491162132 1.714535309305454 7.856392914499313
3.630780547701017e-06 3.666729506698506 1.715425091029229 7.666749303921142
3.890451449942805e-06 3.617774321866462 1.715971336500759 7.482066336816035
4.168693834703355e-06 3.569415436222228 1.716187361929747 7.302588209619021
4.466835921509635e-06 3.521628128416675 1.716063965690601 7.128018321465055
4.78630092322638e-06 3.474382522755037 1.71558804174157 6.958000741841722
5.128613839913648e-06 3.427695752146808 1.71476742768703 6.792705929026278
5.495408738576248e-06 3.38155404399167 1.713602920640654 6.631990062446642
5.888436553555884e-06 3.335924165274165 1.712086897033801 6.475503282159316
6.30957344480193e-06 3.290809148072875 1.710227638708534 6.323248919185023
6.760829753919819e-06 3.246212409013484 1.708024549934428 6.175263826983574
7.244359600749891e-06 3.202098103128286 1.705431419412068 6.031223833848784
7.762471166286911e-06 3.158443581598837 1.702442328516635 5.89095963876921
8.317637711026709e-06 3.115264813181983 1.699075638119651 5.754617505665969
8.912509381337459e-06 3.072557608661282 1.695348795086882 5.621981802930348
9.549925860214369e-06 3.030315056510288 1.691277743194822 5.492857624662223
1.023292992280754e-05 2.988532122551266 1.686862573960843 5.367347934544563
1.096478196143185e-05 2.947223914598558 1.682101627046066 5.245361362106848
1.17489755493953e-05 2.90640804900143 1.676994845849765 5.126748138426446
1.258925411794166e-05 2.866080546082311 1.671549838801201 5.011579698872106
1.348962882591653e-05 2.82624205024982 1.665761006185013 4.899773673329301
1.445439770745928e-05 2.786904297557449 1.6596096100194 4.791098644177435
1.54881661891248e-05 2.74809787659111 1.65307540600227 4.685485551593403
1.65958690743756e-05 2.709810110342068 1.646166757642051 4.582986706595937
1.778279410038923e-05 2.671959583522685 1.638914115373562 4.483422199893926
1.905460717963244e-05 2.634483010653077 1.631348298401416 4.386696336198062
2.041737944669532e-05 2.597411806801682 1.623465600532497 4.292915144996509
2.187761623949552e-05 2.560751573859611 1.615261532542772 4.201863934341204
2.344228815319923e-05 2.524500750434715 1.606738582478077 4.113312975802213
2.511886431509582e-05 2.488654182974967 1.597918526386354 4.027336761219291
2.691534803926914e-05 2.453220806326798 1.588783364815471 3.943868683182102
2.884031503126606e-05 2.418213314152062 1.579291774598001 3.862749826941822
3.090295432513592e-05 2.383660480037916 1.569415064853474 3.783975388097848
3.311311214825908e-05 2.349535521491538 1.559179883761425 3.707518456017011
3.548133892335753e-05 2.315773652864811 1.548629128988714 3.633227152551143
3.801893963205612e-05 2.28233110761379 1.537814619594127 3.561053116383342
4.073802778041122e-05 2.249235061786439 1.526752890265347 3.491040338763104
4.365158322401657e-05 2.216503530024484 1.515392036565932 3.422994055743703
4.677351412871981e-05 2.184149687805744 1.50367452277472 3.356879111168153
5.011872336272715e-05 2.152165079470638 1.491596747640278 3.292581030153181
5.370317963702532e-05 2.120556054472173 1.47919650242498 3.230125396038306
5.754399373371566e-05 2.089332221083868 1.466484913927104 3.169475012256051
6.165950018614822e-05 2.058486846433292 1.453545508458882 3.110644971370081
6.606934480075965e-05 2.02802589291151 1.440357703785841 3.053542754653309
7.079457843841373e-05 1.997964604900429 1.42690764522679 2.998245244445715
7.585775750291836e-05 1.968315579117642 1.413181492310725 2.94461913230508
8.128305161640995e-05 1.939069238496833 1.399195508758864 2.892540251850088
8.709635899560796e-05 1.910206332837202 1.384982961485949 2.841893899238004
9.332543007969905e-05 1.881712973423728 1.37057395771921 2.792596784436383
0.0001 1.853597093876668 1.35596157606248 2.744651177077251
0.0001071519305237606 1.825859219292987 1.341142384264378 2.698005206756862
0.0001148153621496883 1.798497660603361 1.326123623350945 2.652614904430002
0.0001230268770812381 1.771506250908431 1.310925469433139 2.608495288017036
0.0001318256738556407 1.744896836113303 1.295563488417784 2.565553972561573
0.0001412537544622754 1.718685271225307 1.28004249905462 2.523661671253733
0.0001513561248436207 1.692881202431553 1.264356937915962 2.482845387894387
0.000162181009735893 1.667472172857862 1.248584769661324 2.443414181740515
0.0001737800828749374 1.642440898275877 1.232780081320854 2.404974480791116
0.0001862087136662868 1.617775379900364 1.216965182632218 2.367449706738019
0.0001995262314968879 1.593483293567687 1.201125694354029 2.330825957003265
0.0002137962089502232 1.569573972041741 1.185273307528701 2.295042776297733
0.0002290867652767772 1.546051008095327 1.169417324166155 2.260037820730386
0.0002454708915685029 1.522902448202066 1.153535220201996 2.225789853074893
0.0002630267991895381 1.50015347151243 1.137705889010584 2.19227490054275
0.0002818382931264452 1.477832542989491 1.121970814475013 2.159462675319136
0.0003019951720402016 1.455930360536605 1.106311342153305 2.127320298191152
0.0003235936569296281 1.434450102406746 1.090778440155079 2.095866445092714
0.0003467368504525317 1.4134079158441 1.075461241797945 2.065135835120746
0.0003715352290971724 1.392790466411207 1.060408772869491 2.035148066192161
0.0003981071705534969 1.372604425420302 1.04560726839005 2.005864104082874
0.0004265795188015926 1.352899974520821 1.031053332441067 1.977233672257229
0.0004570881896148747 1.333713314554261 1.016729442128576 1.949225724520141
0.0004897788193684461 1.31502468629736 1.002647635445868 1.921852857314491
0.0005248074602497723 1.296820600035351 0.9889068213018615 1.895090071348393
0.0005623413251903491 1.279086307332026 0.9756008226035275 1.868906871363035
0.0006025595860743575 1.261807565478606 0.962725221753443 1.843308385687953
0.0006456542290346556 1.245023911132034 0.9502608801067846 1.818339042573861
0.0006918309709189362 1.228782470236823 0.9381957444105617 1.794031991573091
0.000741310241300917 1.213088666684645 0.9265018979723181 1.770425037760464
0.0007943282347242813 1.197925652362416 0.9152313798583471 1.747453322441056
0.0008511380382023759 1.183287312620777 0.904468859430905 1.725037528729121
0.0009120108393559096 1.169154314777824 0.8942614475312727 1.703127245032197
0.0009772372209558102 1.155535201270598 0.8845753582235891 1.681751782188555
0.001047128548050899 1.142483140153639 0.8753936389839814 1.660939490687952
0.001122018454301963 1.130040300461689 0.8666953952686569 1.640714216459027
0.001202264434617413 1.118188143197187 0.8584746973175204 1.621068625909127
0.001288249551693132 1.106914896679325 0.8507850420265246 1.601985619246975
0.001380384264602884 1.096210066775674 0.8436763063406605 1.583447019658695
0.001479108388168207 1.086057631178848 0.8371339847142528 1.56543702652338
0.001584893192461114 1.076490306365283 0.8311697147977912 1.547995182456751
0.001698243652461743 1.067551352857883 0.8258166596912971 1.531171343692734
0.001819700858609983 1.05924023194562 0.8210695468618636 1.51498383677675
0.001949844599758046 1.051550812796237 0.8169196157744476 1.49941344124696
0.002089296130854041 1.044504106382333 0.8133704576440624 1.484445235107582
0.002238721138568338 1.038110930733773 0.8104236719802598 1.470135682751385
0.00239883291901949 1.032362575849083 0.8080876131652355 1.456420658200949
0.002570395782768865 1.027263008967395 0.8063807468476489 1.443317465092528
0.002754228703338163 1.022814411289401 0.8053277646542126 1.43084997454694
0.002951209226666384 1.019012470130233 0.8049175384151088 1.419020931996645
0.003162277660168379 1.015867133295272 0.8051259566054159 1.407825361616109
0.003388441561392027 1.013390346409761 0.8059509947974628 1.39725494633899
0.00363078054770101 1.011588086547273 0.80729646335167 1.387319854646432
0.003890451449942805 1.010447893878343 0.809247346480503 1.378024374559055
0.004168693834703355 1.009954395561204 0.8118222603394971 1.369419417376632
0.004466835921509625 1.010107200592537 0.8150264102202616 1.361446919801327
0.00478630092322638 1.010910018833812 0.8188492256473026 1.354096716681634
0.005128613839913648 1.012355683610053 0.8232539972896737 1.3473863664042
0.005495408738576248 1.014443748955474 0.8282341931208317 1.341336687761155
0.005888436553555884 1.017178620930598 0.8337820884743127 1.335956107211342
0.00630957344480193 1.020547439020574 0.839776981817615 1.33123351912205
0.006760829753919818 1.024540731541526 0.8461406333520685 1.327161273243687
0.007244359600749891 1.029167090607324 0.8531079891155059 1.323755491651532
0.007762471166286911 1.034419597372811 0.8606821404322846 1.321020719101416
0.008317637711026709 1.040289258413241 0.8688675139425457 1.318943743693643
0.008912509381337459 1.046779576275213 0.8776697318444133 1.317517759018556
0.00954992586021435 1.053891897663241 0.8870586781779197 1.316769813561732
0.01023292992280754 1.061624496213438 0.8970340509048761 1.317062933188162
0.01096478196143185 1.069973931416195 0.9076070221617537 1.318203463660519
0.01174897554939528 1.078946910452554 0.9187733355795781 1.320111989970126
0.01258925411794166 1.0885551605674 0.9305380088585666 1.322720281107275
0.01348962882591653 1.098807977921598 0.9429197602531807 1.325996732208205
0.01445439770745928 1.109701621366582 0.955899824532123 1.329996136386544
0.0154881661891248 1.121228013922192 0.9694342194476447 1.334767620493531
0.0165958690743756 1.133383452257746 0.9835363353867589 1.340359114116298
0.01778279410038923 1.146174667835059 0.9982247907237353 1.346822353375945
0.01905460717963244 1.159598224478565 1.013515149120009 1.3540254503949
0.02041737944669527 1.173659769467904 1.029384691095795 1.361926848828158
0.02187761623949552 1.188382979694354 1.04586448302527 1.370608882368421
0.02344228815319923 1.203708548334048 1.062965556203173 1.380003226398238
0.02511886431509577 1.219582164010006 1.080648055085029 1.390141334269779
0.02691534803926914 1.236066750359545 1.098825974100193 1.401072410859206
0.02884031503126606 1.253074028192095 1.117477292007014 1.412603587506825
0.03090295432513592 1.270490251119217 1.136438834092143 1.424565461848343
0.03311311214825908 1.288448391941353 1.155862872863602 1.437077352793741
0.03548133892335753 1.306763878985377 1.175471892458178 1.450010534603888
0.03801893963205612 1.325136162397583 1.195010933858779 1.463168496298089
0.04073802778041122 1.343752248252818 1.214561395400185 1.476702140982298
0.04365158322401656 1.362380665730417 1.234096104482208 1.490302948459644
0.04677351412871981 1.380532064756225 1.253260846953869 1.503484184575433
0.05011872336272725 1.398565747148824 1.272341861905181 1.516307677665229
0.05370317963702521 1.415982133454327 1.290944258833883 1.528529941120031
0.05754399373371567 1.431735309023344 1.308251064943145 1.539330090179567
0.06165950018614822 1.44605227495449 1.324508661050858 1.548939943617928
0.0660693448007595 1.458646561798616 1.339303949050399 1.557151677458344
0.07079457843841373 1.468694697305452 1.351856156531113 1.563273752777449
0.07585775750291836 1.476178160445935 1.362195852736228 1.567431262146997
0.08128305161640995 1.481257420005307 1.370369161175558 1.569622830590352
0.08709635899560797 1.483949456452331 1.37639049133555 1.569394237933945
0.09332543007969905 1.484205634022971 1.380201878445233 1.566744412692861
0.1 1.481989511566018 1.381807338511065 1.56207280603968
0.1 1.481989511566018 1.381807338511065 1.56207280603968
0.101 1.481464924414611 1.381880697108317 1.561223204486483
0.102 1.480894306961903 1.381924675583763 1.560333475343942
0.103 1.480276319945867 1.381946865473768 1.559400789549136
0.104 1.479607784724132 1.381951532159023 1.558420762131836
0.105 1.478891167058245 1.381937327378099 1.557395337770384
0.106 1.478128965996841 1.381902740167767 1.556326606832804
0.107 1.477323570531066 1.381846251893558 1.555216628162056
0.108 1.476477264975647 1.381766364323937 1.554067390994282
0.109 1.475592234049757 1.381661622112708 1.552880804462862
0.11 1.474670567676659 1.381530630524386 1.551658703562409
0.111 1.473714265519811 1.381372069086893 1.550402836763729
0.112 1.472725241271826 1.381184701733178 1.549114855909118
0.113 1.471705326711566 1.380967383893615 1.54779631783415
0.114 1.470656275543563 1.38071906692006 1.546448752830677
0.115 1.469579767033027 1.380438488762377 1.545074262020046
0.116 1.468477409448729 1.380120744456367 1.543674294388927
0.117 1.467350743325301 1.379769767503558 1.542250006112491
0.118 1.46620124455564 1.379384894065865 1.540802473841169
0.119 1.465030327323447 1.378965546758491 1.539332702268309
0.12 1.463839346885247 1.378511228242667 1.537841632382616
0.121 1.462629602210618 1.378021513605335 1.536330150262314
0.122 1.461402338488816 1.377496041656569 1.534799096288209
0.123 1.460158752182288 1.376934536157838 1.533249273857245
0.124 1.458900739426595 1.376349078039451 1.531680952648647
0.125 1.457628774786189 1.375748764977435 1.530108243420942
0.126 1.456342205766787 1.375132304052433 1.528519153892026
0.127 1.45504041748441 1.374498446988052 1.526910562275139
0.128 1.453722830836505 1.373845993002059 1.525282426753574
0.129 1.452388900767371 1.373173791003401 1.523634731785537
0.13 1.451038114622536 1.372480741206516 1.521967479152722
0.131 1.44966999058706 1.371765796225766 1.520280680509448
0.132 1.448284076203078 1.371027961705254 1.518574351268702
0.133 1.446879946962147 1.37026629653271 1.516848505680316
0.134 1.445457204968279 1.369479912680284 1.515103152972809
0.135 1.444015477667754 1.368667974710116 1.513338322732975
0.136 1.442554416642076 1.367829698978182 1.511554162436064
0.137 1.44107369646062 1.366964352566211 1.509750670421376
0.138 1.439573013589765 1.366071251968163 1.507927807371835
0.139 1.43805208535546 1.365149761555166 1.506085521190166
0.14 1.436510648956385 1.364198199135409 1.504223747570064
0.141 1.434948460524998 1.363215334957158 1.502342411043322
0.142 1.433365294233963 1.362202638962369 1.500441426448245
0.143 1.431760941445557 1.361159648610741 1.498520700769732
0.144 1.430135209901815 1.360085938347305 1.49658013530589
0.145 1.428487922953301 1.358981117139131 1.494619628120011
0.146 1.426818918824504 1.357844825909731 1.492639076740522
0.147 1.425128056977541 1.356676743350608 1.490638375142943
0.148 1.42342162652238 1.355484335340932 1.488619800275728
0.149 1.421704794200694 1.354273996657413 1.486585604390165
0.15 1.419976974464126 1.35304527637143 1.484536095565076
0.151 1.418237608782169 1.351797746973703 1.482471540657778
0.152 1.416486164550564 1.350531008314773 1.480392203543228
0.153 1.414722134046857 1.349244687464467 1.47829834774936
0.154 1.412945033430846 1.347938438334003 1.476190228598495
0.155 1.411154401787813 1.34661195277091 1.474068092085402
0.156 1.409349800212499 1.345264781480679 1.471932225943761
0.157 1.40753081093192 1.34389563712344 1.469782863628539
0.158 1.405697036465211 1.342505527782355 1.467620004838737
0.159 1.403848098818769 1.341094317181615 1.46544369535717
0.16 1.401983638715067 1.339661694207027 1.463254145143772
0.161 1.400103314853596 1.338205905157959 1.461051533548971
0.162 1.398206803202454 1.336728506985494 1.458836029570321
0.163 1.396293796319201 1.335229383145226 1.456607842606126
0.164 1.394364002699632 1.333708439285351 1.454367300130848
0.165 1.392417146153235 1.332165602124325 1.452114590875611
0.166 1.39045296520412 1.330600818272651 1.449849836362125
0.167 1.388471212516287 1.32901405300564 1.447573157083425
0.168 1.386471654342152 1.327405288993607 1.445284665542481
0.169 1.384454069993301 1.325774524995501 1.442984466837078
0.17 1.382418251332495 1.324121774521444 1.440673872280336
0.171 1.380364002285998 1.322447064469291 1.438356983431634
0.172 1.378291138375334 1.320750433739824 1.436028498926007
0.173 1.376199486267639 1.319031931834743 1.433688494125284
0.174 1.374088883343797 1.317291617441187 1.431337041221929
0.175 1.371960423144679 1.315531003726308 1.428975556045123
0.176 1.369820336639767 1.313757362896528 1.426610682828114
0.177 1.36766934201929 1.311971276293456 1.424242782936133
0.178 1.365507260583839 1.310172272973597 1.42187114101376
0.179 1.363333922408462 1.308359900569882 1.419495023633103
0.18 1.361149166024348 1.306533725788328 1.417113721614733
0.181 1.358952838112463 1.304693334795997 1.414726548326382
0.182 1.356744793208686 1.302838333507617 1.412332838174163
0.183 1.35452489341994 1.300968347777498 1.409931945273099
0.184 1.352293008150888 1.299083023502691 1.407523242284049
0.185 1.350049013840767 1.297182030181034 1.405106119404429
0.186 1.347792793709938 1.295265059866576 1.402679983500628
0.187 1.345524237515771 1.293331801210404 1.400244257370537
0.188 1.343243241317491 1.291382031851859 1.397798379125087
0.189 1.340949707249621 1.289415591262993 1.395341801678333
0.19 1.338643543303686 1.287432079313966 1.392873992336213
0.191 1.336324663117856 1.285431058921272 1.390394434397569
0.192 1.333992985774195 1.283412302077957 1.387902652861762
0.193 1.331648435603247 1.28137563495819 1.385398166449595
0.194 1.329290941995646 1.279320901465668 1.38288049705558
0.195 1.326920439220495 1.277247962616449 1.380349179962923
0.196 1.324536866250238 1.27515669587419 1.377803763861394
0.197 1.322140166591785 1.273046994440564 1.375243810912543
0.198 1.319730288123641 1.270918766503556 1.37266881745604
0.199 1.317307182938817 1.268771934446434 1.370078268729473
0.2 1.314870807193292 1.266606434020179 1.367471774406576
0.201 1.312421120959829 1.264422213482141 1.364848958959466
0.202 1.309958088086921 1.262218486731 1.362209461235606
0.203 1.307481676062705 1.259994815135685 1.359553276571221
0.204 1.304991855883621 1.257752505119372 1.356880131278362
0.205 1.302488601927661 1.255491544824172 1.354189336384354
0.206 1.299972366049713 1.253212373451898 1.351481106930439
0.207 1.297447341516281 1.250919000628716 1.348759268096081
0.208 1.294914380322987 1.248612436249178 1.346025039438475
0.209 1.292373316481393 1.246292744783825 1.343278781914122
0.21 1.289823990293109 1.243959991484096 1.340520845995595
0.211 1.287266248159433 1.241614242914824 1.337751571035933
0.212 1.284699942397041 1.239255567414331 1.334971284720475
0.213 1.282124931059513 1.236884035485795 1.332180302600291
0.214 1.279541077764501 1.23449972012344 1.329378927702162
0.215 1.276948251526339 1.232102697077151 1.326567450210762
0.216 1.274346326593904 1.229693045059042 1.323746147219298
0.217 1.271735182293549 1.227270845895481 1.320915282545409
0.218 1.269114702876941 1.224836184627962 1.31807510660949
0.219 1.266484777373624 1.222389154689433 1.315225856373087
0.22 1.263845299448158 1.219929915229854 1.312367755335187
0.221 1.26119616726167 1.217458578957686 1.309501013584578
0.222 1.258537283337682 1.214975239890036 1.30662582790654
0.223 1.255868554432045 1.212479995120113 1.303742381942373
0.224 1.253189891406874 1.20997294468526 1.300850846400267
0.225 1.250501209108329 1.207454191404928 1.297951379316148
0.226 1.24780242624812 1.204923840691129 1.295044103754521
0.227 1.24509346528861 1.202381931458413 1.292128983937695
0.228 1.242374252331403 1.199828519603549 1.289205984243156
0.229 1.239644717009301 1.197263796798708 1.286275219350962
0.23 1.236904792381505 1.194687877822052 1.283336801051002
0.231 1.234154414831981 1.192100878821666 1.280390835861744
0.232 1.231393523970864 1.189502970537021 1.277437409751176
0.233 1.228622062538808 1.186894387526167 1.274476600033353
0.234 1.225839976314194 1.184275246524099 1.271508476184038
0.235 1.223047214023097 1.181645659702932 1.268533100509849
0.236 1.220243727251919 1.179005738836888 1.265550528847796
0.237 1.217429470362617 1.176355619912757 1.262560812767502
0.238 1.214604400410424 1.173695489938152 1.25956400113455
0.239 1.211768477063998 1.171025496541893 1.256560134845714
0.24 1.208921662527923 1.168345761395079 1.253549251176081
0.241 1.206064155926523 1.165656589701334 1.250531354244811
0.242 1.203197277034937 1.162959145925188 1.247506321255472
0.243 1.200321377624367 1.160253662430267 1.244474187525844
0.244 1.197436622350697 1.157540304098222 1.241435017852202
0.245 1.194543173089223 1.154819188803152 1.238388880016188
0.246 1.191641188989392 1.152090391288298 1.235335820432698
0.247 1.188730826528294 1.149353956593006 1.232275811304934
0.248 1.185812239562902 1.146609929412017 1.229210262820178
0.249 1.182885579381129 1.143858354285969 1.226140877196936
0.25 1.179950994751709 1.141083512524736 1.223070720631313
0.251 1.177008631972948 1.138295788857397 1.219993781707167
0.252 1.174058634920359 1.135500896605694 1.216910856477015
0.253 1.171101145093234 1.132698896890869 1.213822477321085
0.254 1.168136301660154 1.129889854153668 1.210727638012073
0.255 1.165164241503487 1.127073829055859 1.207626407378047
0.256 1.162185099262879 1.124250882054291 1.204518853256433
0.257 1.159199007377793 1.121421098191096 1.201405042365387
0.258 1.156206096129083 1.118584546187297 1.198287685117018
0.259 1.153206493679667 1.11574128442001 1.19516450504179
0.26 1.150200326114288 1.112891371084625 1.192035265731104
0.261 1.147187717478409 1.110034864244035 1.188900026227385
0.262 1.144168789816258 1.107171821868692 1.185758843735612
0.263 1.141143663208035 1.104302287164022 1.182613929236069
0.264 1.138112455806316 1.101426300075458 1.179464102693798
0.265 1.135075283871667 1.098543920055867 1.176308530094934
0.266 1.13203226180749 1.095655206424739 1.173147257132562
0.267 1.12898350219411 1.092757547820708 1.169980327866186
0.268 1.125929115822146 1.089852896799544 1.166807784820997
0.269 1.12286921172516 1.086941959904366 1.163629669099878
0.27 1.1198038972116 1.084020058468067 1.160446020507325
0.271 1.116733277896092 1.081088633575912 1.157256877684382
0.272 1.113657457730041 1.078150937971062 1.154062278253922
0.273 1.110576539031603 1.075207043273202 1.150862258975489
0.274 1.107490622515023 1.072257021135322 1.147656855909083
0.275 1.104399807319359 1.069300943187793 1.144446104587297
0.276 1.1013041910366 1.066338880977005 1.141230040195226
0.277 1.09820386973921 1.063370905898858 1.138008697757687
0.278 1.09509893800709 1.060397089127358 1.134782112333268
0.279 1.091989488953988 1.057417501538614 1.131550319214859
0.28 1.088874603152177 1.054431527057342 1.128312464560083
0.281 1.085752719814134 1.05143816135971 1.125073343963899
0.282 1.082624067515227 1.048437639964861 1.121827266537584
0.283 1.07948890171171 1.045430192161592 1.118574294794221
0.284 1.076347473187428 1.04241605364918 1.115314699271047
0.285 1.073200028143782 1.039395456462499 1.11204874509807
0.286 1.070046808287767 1.036368629124339 1.10877665160102
0.287 1.066888050918078 1.033335796788944 1.105498646101853
0.288 1.063723989009387 1.030297181377097 1.102214978951244
0.289 1.06055485129478 1.027253001703097 1.098925895566774
0.29 1.057380862346446 1.024203473714624 1.095631636457534
0.291 1.054202242654631 1.021148811246834 1.092332437253934
0.292 1.051019208704906 1.018089224625933 1.089028528742401
0.293 1.047831973053799 1.015024921318655 1.085720136904686
0.294 1.044640744402817 1.011956106207554 1.082407482961516
0.295 1.041445727670906 1.008882981675437 1.079090783420317
0.296 1.038247124065384 1.005804669194986 1.075770250126799
0.297 1.035045131151377 1.002722178591267 1.07244610412409
0.298 1.031839942919806 0.9996359167863123 1.069118533335187
0.299 1.028631749853947 0.9965460778640393 1.06578773596224
0.3 1.025420738994608 0.9934528537867569 1.062453905807054
0.301 1.022207094003941 0.990356440730598 1.059117232319722
0.302 1.018990995227948 0.9872570620395241 1.055777900668792
0.303 1.015772619757673 0.9841549083895188 1.052436091813965
0.304 1.012552141489148 0.9810501633672066 1.049091982581099
0.305 1.0093297311821 0.9779430084780654 1.045746251628824
0.306 1.006105556517454 0.974833623176711 1.04240072820029
0.3070000000000001 1.002879782153658 0.9717221848934867 1.039053402155511
0.3080000000000001 0.9996525697818612 0.9686088690575342 1.035704433579555
0.309 0.9964240781799683 0.9654938491164764 1.032353978869947
0.31 0.9931944632655955 0.9623772965528845 1.029002190822297
0.311 0.9899638781479576 0.9592593808976471 1.02564921871735
0.312 0.9867324731787036 0.9561402697404029 1.022297430343099
0.313 0.9835003960017304 0.9530201287371511 1.018948896700158
0.314 0.9802677916019964 0.949899121615185 1.01559949041839
0.315 0.9770348023533564 0.946777410175456 1.012249325477663
0.316 0.9738015680654407 0.9436551542925076 1.008898539842108
0.317 0.9705682260295992 0.9405325119120748 1.005547264094464
0.318 0.9673349110639339 0.9374096390464676 1.002195626059563
0.319 0.9641017555574367 0.9342866897678476 0.9988437508950723
0.32 0.9608688895132543 0.9311638161994841 0.9954917611829195
0.321 0.9576364405910996 0.928041168505102 0.9921397770213819
0.322 0.9544040959823448 0.9249184821147447 0.9887874139868296
0.323 0.9511679505814161 0.9217920988052308 0.985430185347514
0.324 0.9479273042488378 0.9186613574006721 0.9820673039527987
0.325 0.9446824657770102 0.9155265432734823 0.9786991414563765
0.326 0.9414337386639579 0.9123879368281356 0.9753276004078906
0.327 0.9381814212050773 0.909245813652264 0.9719515515416774
0.328 0.9349258065831123 0.9061004446338498 0.9685712815136184
0.329 0.9316671829564014 0.9029520960747164 0.9651871370951227
0.33 0.9284058335454332 0.8998010298004391 0.9617994591920365
0.331 0.9251420367177419 0.8966475032668022 0.9584085829051251
0.332 0.921876066071185 0.8934917696628841 0.9550148375913899
0.333 0.9186081905156336 0.8903340780109066 0.9516185469261583
0.334 0.91533867435311 0.887174673262915 0.9482203437775422
0.335 0.9120677773564069 0.884013796394406 0.9448233420938238
0.336 0.9087957548462221 0.880851684494975 0.9414248098121057
0.337 0.9055228577668343 0.8776885708560904 0.9380250476585541
0.338 0.9022493327603578 0.8745246850560494 0.9346243509738973
0.339 0.8989754222396009 0.8713602530422242 0.9312230097778696
0.34 0.8957013644595641 0.8681954972106408 0.9278213088340349
0.341 0.892427393587595 0.8650306364829977 0.9244195229082969
0.342 0.8891537397722425 0.8618658863811671 0.9210179212301518
0.343 0.8858806292108264 0.8587014590992532 0.9176167737528552
0.344 0.8826082842157551 0.8555375635732767 0.9142163454121919
0.345 0.879336923279613 0.8523744055485437 0.9108168961860623
0.346 0.8760667611390501 0.8492121876447474 0.9074186811624294
0.347 0.8727980088374886 0.8460511094188906 0.9040219506074467
0.348 0.8695308737866824 0.8428913674260343 0.9006269500337006
0.349 0.8662655598271433 0.8397331534850142 0.8972339202686247
0.35 0.8630022672874618 0.8365766278123058 0.8938430975230303
0.351 0.8597411930425474 0.8334219674992472 0.8904547134597646
0.352 0.856482530570803 0.8302693578445279 0.887068995174434
0.353 0.8532264700102655 0.8271189796422972 0.8836861639528503
0.354 0.8499731982137222 0.8239691277809597 0.8803064378742822
0.355 0.8467228988028345 0.8208196918880315 0.876930031168601
0.356 0.8434757522212806 0.8176730687802466 0.87355715382909
0.357 0.8402319357869429 0.8145294317786754 0.8701880117178451
0.358 0.8369916237431559 0.8113889516841147 0.8668228066352458
0.359 0.8337549873090352 0.808251796817587 0.8634617363895654
0.36 0.830522194728904 0.8051181330592353 0.8601049948666865
0.361 0.8272934113208391 0.8019881238856746 0.856752779845562
0.362 0.8240687995243497 0.7988619304058306 0.8534055070252224
0.363 0.8208485189472071 0.7957397113952953 0.8500631161008372
0.364 0.8176327264114468 0.7926216233292378 0.8467257859873855
0.365 0.8144215759985515 0.7895078159662211 0.8433936920326173
0.366 0.8112152190938386 0.7863984291093724 0.840067006086521
0.367 0.8080138044300645 0.7832936123044443 0.8367498657563072
0.368 0.8048172870771106 0.7801933399257398 0.8334382609232142
0.369 0.8016209995240585 0.7770931696877825 0.830126769808382
0.37 0.7984231121577047 0.7739914556713746 0.8268133427342246
0.371 0.7952239241627248 0.7708885995383075 0.8234983383064721
0.372 0.7920237300398463 0.7677848623094075 0.8201821305994726
0.373 0.7888228196781657 0.7646805011155023 0.8168650422350111
0.374 0.7856214784262331 0.7615757692805656 0.8135473897123314
0.375 0.7824199871619252 0.7584709164028093 0.8102294844289255
0.376 0.7792186223611325 0.7553661884337513 0.8069116327400626
0.377 0.7760176561652804 0.7522618277553236 0.8035941360178814
0.378 0.7728173564477093 0.7491580732550557 0.8002772907100265
0.379 0.769617986878933 0.746055129096277 0.7969613940381128
0.38 0.7664198069907989 0.7429530471745412 0.7936467458120152
0.381 0.7632230722395683 0.739852275954387 0.7903336275365069
0.382 0.7600280340679392 0.7367530408656754 0.7870223154532782
0.383 0.7568349399660294 0.7336555641885298 0.783713081212597
0.384 0.753644033531343 0.7305600651179404 0.7804061919275845
0.385 0.7504555545277339 0.7274667564938827 0.7771019102281449
0.386 0.7472697389433915 0.7243758332831343 0.773800494314521
0.387 0.74408681904786 0.7212875036990568 0.7705021980105223
0.388 0.740907023448115 0.7182019759925274 0.767207270816392
0.389 0.7377305771437133 0.7151194557761622 0.763915958070764
0.39 0.7345577015810288 0.7120401460073983 0.7606285010962039
0.391 0.7313886147065992 0.7089642465800654 0.7573451365409676
0.392 0.7282235310195925 0.7058919547939312 0.7540660971019012
0.393 0.7250626616234142 0.7028234653983564 0.7507916114142583
0.394 0.7219062142764689 0.6997589810960305 0.7475219041025368
0.395 0.7187543934420931 0.6966987158578472 0.744257195831019
0.396 0.7156074003376705 0.6936428571814353 0.740997703354055
0.397 0.7124654329829527 0.6905915890831934 0.7377436523819734
0.398 0.7093286862475909 0.6875450931778263 0.7344952678963808
0.399 0.7061973518978977 0.6845035487211952 0.7312527543776843
0.4 0.7030716186428519 0.6814671326518167 0.7280163125098771
0.401 0.6999516721793623 0.6784360277668552 0.7247861392934193
0.402 0.6968376952367974 0.6754104225266189 0.7215624280950134
0.403 0.6937298676208036 0.6723904874865626 0.7183453686971958
0.404 0.690628366256415 0.6693763905401771 0.7151351473477707
0.405 0.6875333652304745 0.6663682973868655 0.7119319468090858
0.406 0.6844450358333762 0.6633663715664077 0.7087359464071544
0.407 0.6813635466001404 0.6603707744922863 0.7055473220806439
0.408 0.6782890633508332 0.6573816654838871 0.7023662464297357
0.409 0.6752217492303445 0.6543992017975748 0.6991928887648566
0.41 0.6721617647475329 0.6514235325880968 0.6960274151553005
0.411 0.6691092678137505 0.6484547958136625 0.6928699884777401
0.412 0.6660644137807578 0.6454931422327989 0.6897207684646389
0.413 0.6630273554780405 0.6425387214441728 0.6865799117525692
0.414 0.6599982432495375 0.6395916811535538 0.6834475719304418
0.415 0.6569772249897894 0.636652167197933 0.680323899587654
0.416 0.6539644461795224 0.6337203235685989 0.6772090423621578
0.417 0.6509600499206706 0.6307962924331851 0.6741031438061219
0.418 0.6479634189980422 0.6278795183303287 0.6710055187708061
0.419 0.6449693207056576 0.6249652050628496 0.6679104675639933
0.42 0.641976926509409 0.6220525929374539 0.6648170963919822
0.421 0.6389864710099445 0.6191418977283736 0.6617262800175324
0.422 0.6359981854439858 0.616233332181304 0.6586378672843607
0.423 0.6330122977307567 0.613327106068882 0.6555519133385224
0.424 0.6300290325177132 0.6104234262449795 0.6524686701253206
0.425 0.6270486112255782 0.6075224966978696 0.6493917453202374
0.426 0.6240712520926989 0.6046245186022711 0.6463203063785147
0.427 0.6210971702187319 0.6017296903703067 0.6432523868817145
0.428 0.6181265776076745 0.5988382077013804 0.6401882074583125
0.429 0.6151596832102467 0.5959502636310082 0.6371278956575616
0.43 0.6121966929656396 0.5930660485786099 0.6340716537238729
0.431 0.6092378098426368 0.5901857503624488 0.6310197030213699
0.4320000000000001 0.6062832338801252 0.5873095539617772 0.6279735504924258
0.4330000000000001 0.6033331622269968 0.5844364722165344 0.6249339060707093
0.4340000000000001 0.6003877891814602 0.5815675365893296 0.6218991963654192
0.4350000000000001 0.5974473062297666 0.5787032674384113 0.6188696271875432
0.4360000000000001 0.5945119020843602 0.5758438415073782 0.615845401409442
0.4370000000000001 0.591581762721466 0.5729894327232351 0.6128267371325898
0.4380000000000001 0.5886570714181204 0.5701402094526971 0.6098139517105329
0.4390000000000001 0.5857380087886553 0.5672963169852493 0.606807259800052
0.4400000000000001 0.5828247528206457 0.5644579175582592 0.6038068512721259
0.4410000000000001 0.5799174789103279 0.5616251761232706 0.6008129127802546
0.4420000000000001 0.5770163598974977 0.5587982555341645 0.597825627795564
0.4430000000000001 0.574121566099899 0.5559773165825723 0.5948451766419108
0.4440000000000001 0.5712332653471062 0.5531625180324096 0.5918717365310187
0.4450000000000001 0.5683516230139146 0.5503540166535263 0.5889054815976411
0.4460000000000001 0.5654768020532435 0.5475519672544885 0.5859465829347625
0.4470000000000001 0.5626089630285577 0.5447565227145066 0.5829952086288598
0.4480000000000001 0.5597482641458225 0.5419678340415064 0.5800515237952045
0.4490000000000001 0.556894861284992 0.5391860506517283 0.5771156906132422
0.4500000000000001 0.5540489080310419 0.5364113198929408 0.5741878683620434
0.4510000000000001 0.551210555704555 0.533643787215316 0.5712682134558282
0.452 0.5483799533918646 0.5308835962871855 0.5683568794795882
0.453 0.5455572479747608 0.5281308890219526 0.5654540172247916
0.454 0.5427425841597767 0.5253858056042005 0.5625597747251916
0.455 0.5399361045070458 0.5226484845150139 0.5596742974955782
0.456 0.5371379494587514 0.5199190625565002 0.5567977335314184
0.457 0.534348257367166 0.5171976748755428 0.5539302167820024
0.458 0.5315671645222912 0.5144844549867721 0.5510718846240658
0.459 0.5287948051791037 0.511779534794782 0.5482228718209087
0.46 0.5260313115844111 0.5090830570415469 0.5453833104536016
0.461 0.5232768140033294 0.5063951883217979 0.5425533302521508
0.462 0.5205314407453797 0.5037160566083326 0.5397330585040209
0.463 0.5177953181902207 0.5010457859804202 0.5369226200675679
0.464 0.5150685708130124 0.4983844990267657 0.5341237003941208
0.465 0.5123513212094242 0.4957323168536888 0.531335308136809
0.466 0.5096436901202883 0.4930893591023667 0.5285572877552395
0.467 0.506945796455908 0.4904557414266676 0.5257902682630892
0.468 0.504257757320022 0.4878315826661401 0.5230336453970907
0.469 0.5015796880334337 0.4852169710205297 0.5202875299769496
0.47 0.4989117021573098 0.4826120213596379 0.5175520306782722
0.471 0.4962537616185578 0.4800167337492838 0.5148270975406881
0.472 0.4936018639569157 0.477427386902085 0.5121085427166602
0.473 0.4909543029331142 0.4748423902018303 0.509394581522189
0.474 0.4883112380324087 0.4722618893001276 0.5066853782851634
0.475 0.4856728266148072 0.469686028013429 0.5039810950145288
0.476 0.4830392239415331 0.4671149483538675 0.5012818914217134
0.477 0.4804105832011291 0.4645487905595022 0.4985879249419959
0.478 0.4777870555352064 0.4619876931239794 0.4958993507558197
0.479 0.4751687900638466 0.4594317951266165 0.4932163218100629
0.48 0.4725559339106589 0.4568812459972805 0.4905389888392487
0.481 0.4699486322275005 0.4543361817087795 0.4878675003867165
0.482 0.4673470282188633 0.4517967341146552 0.4852020194630973
0.483 0.4647512631659322 0.449263033441772 0.4825427526962501
0.484 0.4621614764503209 0.4467352083166143 0.4798897738359267
0.485 0.4595778055774895 0.4442133857910666 0.4772432228042238
0.486 0.4570003861998475 0.4416976984388208 0.4746032374243317
0.487 0.4544293521395501 0.4391882062747111 0.4719699534415422
0.488 0.4518648354109884 0.4366848706703313 0.4693435045695548
0.489 0.4493069662429799 0.4341880498888576 0.4667240224910648
0.49 0.4467558731006655 0.4316978633085795 0.4641116368459286
0.491 0.4442116827071131 0.4292144291603019 0.4615064752796781
0.492 0.4416745200646379 0.4267378642477156 0.4589086634644163
0.493 0.4391445084758365 0.4242682839692322 0.456318325119667
0.494 0.4366217695643462 0.4218058023393551 0.4537355820331986
0.495 0.4341064232953282 0.4193505320095945 0.451160554081832
0.496 0.4315985879956825 0.416902584288924 0.4485933592522187
0.497 0.4290983803739935 0.4144620691637953 0.4460341138978735
0.498 0.4266059155402178 0.4120290970184484 0.4434829331539394
0.499 0.4241213070251101 0.4096037815131406 0.4409399295386238
0.5 0.4216446667993969 0.4071862293305792 0.4384052136807702
0.501 0.4191761052926967 0.4047765453076783 0.4358805635269482
0.502 0.416715731412196 0.4023748330384493 0.4333646179323609
0.503 0.4142636525610797 0.3999811948914845 0.4308572500338834
0.504 0.411819974656722 0.3975957320270164 0.4283585636332672
0.505 0.4093848021486407 0.3952185444135725 0.4258686609811836
0.506 0.4069582380362175 0.3928497308442234 0.4233877353081244
0.507 0.4045403838861905 0.3904893889524173 0.4209159834480632
0.508 0.4021313398499178 0.3881376152274217 0.418453315044553
0.509 0.3997312046804197 0.3857945050293598 0.4159998254652801
0.51 0.3973400757491994 0.3834601526038519 0.4135556084834128
0.511 0.3949580490628475 0.3811346510962633 0.411120756297887
0.512 0.3925852192794334 0.3788180909414881 0.4086953595536739
0.513 0.3902216797246839 0.3765105636673181 0.4062795133738816
0.514 0.3878675224079563 0.3742121539123374 0.4038733007367343
0.515 0.3855228380380062 0.3719229499510097 0.4014768072072693
0.516 0.3831877160385513 0.3696430397602537 0.399090117374036
0.517 0.3808622445636397 0.3673725102928021 0.3967133796772351
0.518 0.3785465105128187 0.3651114474888498 0.394346822712452
0.519 0.3762405995461132 0.3628599362873293 0.3919903078198704
0.52 0.3739445960988101 0.3606180606368117 0.3896439138764682
0.521 0.371658583396059 0.3583859040396425 0.3873077183818984
0.522 0.3693826434672815 0.3561635564114265 0.3849817974787729
0.523 0.3671168571604053 0.3539511011540896 0.3826666187907113
0.524 0.3648613041559109 0.3517486179953444 0.3803619369663271
0.525 0.3626160629807061 0.3495561857170008 0.3780677363041443
0.526 0.3603812110218219 0.3473738821639935 0.3757840877996185
0.527 0.3581568245399373 0.3452017842530734 0.3735110611944354
0.528 0.3559419453131498 0.34303901969487 0.3712476481530531
0.529 0.3537335206729907 0.3408827890825125 0.3689906630155617
0.53 0.351531418174428 0.338732967237539 0.3667399688729088
0.531 0.3493357189555052 0.3365896248159905 0.3644956515697403
0.532 0.3471465030969155 0.334452831524939 0.3622577958459228
0.533 0.3449638496340847 0.332322656138912 0.3600264853432116
0.534 0.3427878365691066 0.3301991562174232 0.3578018026120007
0.535 0.3406185408825314 0.3280823567261238 0.355583829118166
0.536 0.3384560385450098 0.3259723677654016 0.3533726452499855
0.537 0.3363004045287946 0.3238692492656653 0.3511683303251379
0.538 0.3341517128191009 0.3217730649491611 0.3489709625977827
0.539 0.3320100364253289 0.3196838781171256 0.3467806192657056
0.54 0.3298754473921492 0.3176017510425204 0.3445988990715522
0.541 0.3277480168104517 0.3155267460927454 0.342424936933441
0.542 0.3256278148281641 0.313458924836798 0.3402581901029316
0.543 0.323514910660937 0.3113983480535435 0.3380987311621081
0.544 0.3214093726026999 0.3093450757453089 0.3359466317053532
0.545 0.3193112680360894 0.3072991671512157 0.333801962346669
0.546 0.317220663442752 0.3052606807602646 0.3316647927270518
0.547 0.31513762441352 0.3032296743241726 0.3295351915219178
0.548 0.3130622156584683 0.3012016121341498 0.3274132264485633
0.549 0.3109945010168467 0.2991793069087415 0.3252989642736835
0.55 0.3089345434668948 0.2971646775499193 0.3231924760158754
0.551 0.3068824051355374 0.295157777649621 0.321093822015333
0.552 0.3048381473079654 0.2931586605417868 0.3190030644802751
0.553 0.3028018304371005 0.2911673816177855 0.3169202663475254
0.554 0.3007735141529462 0.2891839956111945 0.3148454896475127
0.555 0.2987532572718287 0.2872085566082914 0.3127787955119168
0.556 0.2967411178055261 0.2852411180582923 0.3107202441813429
0.5570000000000001 0.2947371529702891 0.283281730697928 0.3086698950130369
0.5580000000000001 0.292741419195755 0.2813304363469499 0.30662780648863
0.5590000000000001 0.2907539721337539 0.2793872853816859 0.3045940362219183
0.5600000000000001 0.2887748666670127 0.2774523290442797 0.3025686409666683
0.5610000000000001 0.2868041569177537 0.2755256156490842 0.3005516766243173
0.5620000000000001 0.2848418962561928 0.2736071910454151 0.2985431982406435
0.5630000000000001 0.2828881373089361 0.2716971049154058 0.2965432600292943
0.5640000000000001 0.2809429319672783 0.2697954064787088 0.2945519153826211
0.5650000000000001 0.2790063313954019 0.2679021443993511 0.2925692168723097
0.5660000000000001 0.2770783860384811 0.2660173735456913 0.2905952159359794
0.5670000000000001 0.2751591456306893 0.2641411599567243 0.2886299501519998
0.5680000000000001 0.2732486592031129 0.2622735512973646 0.2866734624974545
0.5690000000000001 0.271346975091572 0.2604145935974169 0.2847258021675533
0.5700000000000001 0.2694541409443487 0.2585643323545238 0.2827870176047314
0.5710000000000001 0.2675702037298276 0.2567228125410708 0.2808571565067979
0.5720000000000001 0.2656952097440419 0.2548900786108613 0.2789362658350913
0.5730000000000001 0.2638292046181369 0.2530661745055521 0.2770243918226284
0.5740000000000001 0.2619722333257419 0.2512511431273455 0.2751215799822641
0.5750000000000001 0.2601243401902592 0.2494450259616139 0.273227875114845
0.5760000000000001 0.2582855688920663 0.2476478654182369 0.2713433213173724
0.5770000000000001 0.2564559624756352 0.2458597035080592 0.2694679619911609
0.5780000000000001 0.254635563356569 0.2440805817613861 0.2676018398500029
0.5790000000000001 0.2528244133285567 0.242310541232979 0.2657449969283368
0.58 0.2510225535702468 0.2405496225068262 0.263897474589415
0.581 0.2492300246520423 0.2387978657006864 0.2620593135334733
0.582 0.2474468665428174 0.237055299924768 0.260230553805911
0.583 0.2456731186165551 0.2353219495939165 0.2584112348054651
0.584 0.243908819658909 0.2335978543215284 0.2566017612833054
0.585 0.242154007873691 0.2318830534190643 0.2548020689120869
0.586 0.2404087208892808 0.2301775857657828 0.2530119258869434
0.587 0.2386729943511484 0.2284814885483059 0.2512313673575359
0.588 0.2369455587679161 0.2267936321189662 0.2494589846787207
0.589 0.2352252964384942 0.2251130173756245 0.247693543271753
0.59 0.2335122282775843 0.2234396608317346 0.2459350709899881
0.591 0.2318063748518502 0.2217735786256242 0.2441835953678666
0.592 0.2301077563837962 0.2201147865299832 0.2424391436191316
0.593 0.2284163927556007 0.2184632999611176 0.240701742635211
0.594 0.2267323035129052 0.2168191340881704 0.2389714189837655
0.595 0.2250555078685617 0.2151823038098594 0.2372481989073863
0.596 0.2233860247063346 0.2135528235180412 0.235532108322446
0.597 0.2217238725845624 0.2119307072802368 0.2338231728180892
0.598 0.2200690697397772 0.2103159688510775 0.2321214176553641
0.599 0.2184216340902818 0.2087086216802821 0.2304268677664864
0.6 0.2167815832396872 0.2071086789204385 0.2287395477542276
0.601 0.21514893448041 0.2055161534345985 0.2270594818914331
0.602 0.2135237047971285 0.2039310568656504 0.2253866941206553
0.603 0.2119059108702014 0.2023533994651984 0.2237212080539009
0.604 0.2102955690790463 0.2007831962546482 0.2220630469724934
0.605 0.208692695505481 0.1992204589773095 0.2204122338270377
0.606 0.2070973059370261 0.1976651910011472 0.2187687912374937
0.607 0.205509415870171 0.1961173973210873 0.2171327414933469
0.608 0.203929040513602 0.1945769390375187 0.2155041065538781
0.609 0.2023561947913949 0.1930416152237628 0.2138829080485266
0.61 0.2007908933461719 0.1915137816157109 0.2122691672773461
0.611 0.1992331505422211 0.1899934494045598 0.2106629052115499
0.612 0.1976829804685832 0.1884806295790978 0.2090641424941428
0.613 0.1961403969421018 0.1869753329316463 0.2074728994406366
0.614 0.1946054135104405 0.1854775700638189 0.2058891960398504
0.615 0.1930780434550656 0.183987351392102 0.2043130519547894
0.616 0.1915582997941953 0.1825046871532579 0.2027444865236054
0.617 0.1900461952857165 0.181029587409549 0.2011835187606301
0.618 0.1885417424300683 0.1795620620537909 0.1996301673574901
0.619 0.1870449534730939 0.1780994944767716 0.1980844506842922
0.62 0.1855558404088598 0.1766436486497036 0.196546386790884
0.621 0.1840744149824445 0.1751954689479878 0.1950159934081867
0.622 0.1826006886926959 0.1737549646819095 0.1934932879495985
0.623 0.1811346727949575 0.1723221449977774 0.1919782875124701
0.624 0.1796763783037649 0.1708970188819698 0.190471008879649
0.625 0.1782258159955116 0.1694795951648203 0.1889714685210946
0.626 0.1767829964110864 0.1680698825243375 0.1874796825955595
0.627 0.1753479298584808 0.1666678894897678 0.1859956669523429
0.628 0.1739206264153669 0.1652736244449963 0.1845194371331101
0.629 0.1725010959316482 0.1638870956317912 0.1830510083737815
0.63 0.1710893480319813 0.1625083111518231 0.1815903956064879
0.631 0.1696853921182698 0.1611372788892995 0.1801376134615966
0.632 0.1682892373721309 0.1597740066291391 0.1786926762891533
0.633 0.1669008927573346 0.158418502077631 0.1772555981671329
0.634 0.1655203670222166 0.1570707728116446 0.1758263928359101
0.635 0.1641476687020634 0.1557308262809774 0.1744050737411387
0.636 0.1627828061214729 0.1543986698105442 0.1729916540378681
0.637 0.1614257873966876 0.1530743106024123 0.1715861465929857
0.638 0.1600766204379027 0.1517577557376805 0.1701885639877264
0.639 0.1587353129515496 0.1504488573170137 0.1687989185202547
0.64 0.157401872442553 0.149147572973616 0.1674172222083216
0.641 0.1560763062165643 0.1478541144878294 0.1660434867919914
0.642 0.1547586213821708 0.1465684848056994 0.1646777237364452
0.643 0.1534488248530793 0.145290684907857 0.1633199442348572
0.644 0.1521469233502781 0.1440207215690958 0.1619701592113494
0.645 0.1508529234041732 0.1427586015274635 0.1606283793240224
0.646 0.1495668313567022 0.1415043314203051 0.1592946149680642
0.647 0.1482886533634265 0.1402579177842211 0.1579688762789377
0.648 0.1470183953955977 0.139019367054865 0.1566511731356519
0.649 0.1457560632422042 0.1377886855665694 0.1553415151641113
0.65 0.1445015744009499 0.1365658162717982 0.1540397885644786
0.651 0.1432542820867974 0.1353502917433467 0.1527450957547211
0.652 0.142014042431087 0.1341419969882605 0.1514572518052332
0.653 0.1407808400645725 0.1329409085738063 0.15017626495662
0.654 0.139554659647887 0.1317470031021447 0.1489021342386876
0.655 0.138335485871612 0.1305602572173587 0.147634854250184
0.656 0.137123303456345 0.1293806476122395 0.1463744195885589
0.657 0.135918097152764 0.1282081510348355 0.1451208248457027
0.658 0.13471985174169 0.127042744294774 0.1438740646038166
0.659 0.1335285520341475 0.1258844042693611 0.1426341334314092
0.66 0.1323441828714225 0.1247331079094696 0.1414010258794116
0.661 0.1311667291251179 0.1235888322452173 0.1401747364774078
0.662 0.1299961756972079 0.1224515543914462 0.1389552597299786
0.663 0.1288325075200889 0.1213212519958499 0.1377425901131508
0.664 0.1276757095566293 0.1201979080502483 0.1365367220709493
0.665 0.1265257668002173 0.1190815015996789 0.1353376500120473
0.666 0.1253826642748054 0.1179720100303047 0.1341453683065162
0.667 0.1242463870349549 0.1168694108399071 0.1329598712826637
0.668 0.1231169201658766 0.1157736816421628 0.1317811532239643
0.669 0.1219942487834706 0.1146848001707513 0.130609208366077
0.67 0.1208783580343644 0.1136027442832956 0.1294440308939465
0.671 0.1197692330959478 0.1125274919651396 0.1282856149389878
0.672 0.1186668591764079 0.1114590213329644 0.1271339545763516
0.673 0.1175712215147605 0.1103973106382439 0.1259891009253107
0.674 0.1164823053808807 0.1093423382705424 0.1248510526055128
0.675 0.115400096075532 0.1082940827606546 0.1237197424506992
0.676 0.1143245789303927 0.1072525227835885 0.1225951642945239
0.6769999999999999 0.1132557393080814 0.1062176371613925 0.1214773118986941
0.6779999999999999 0.1121935626021804 0.1051894048658258 0.120366178950701
0.6789999999999999 0.111138034237258 0.1041678050208738 0.1192617590616241
0.6799999999999999 0.1100891396688887 0.1031528169051047 0.1181640457640037
0.6809999999999999 0.1090468643836718 0.1021444199538712 0.117073032509787
0.6819999999999999 0.1080111938992491 0.1011425937613525 0.1159887126683449
0.6829999999999999 0.1069821137643198 0.1001473180824375 0.1149110795245608
0.6839999999999999 0.1059596095586556 0.09915857282298217 0.1138401262769935
0.6849999999999999 0.1049436668931127 0.09817633508048382 0.1127758460361133
0.6859999999999999 0.1039342714096434 0.09720058300688694 0.1117182318226151
0.6869999999999999 0.102931408781306 0.09623129716362885 0.1106672765658073
0.6879999999999999 0.1019350647122727 0.09526845819577254 0.1096229731020802
0.6889999999999999 0.1009452249378376 0.0943120469124662 0.1085853141734546
0.6899999999999999 0.099961875224421 0.09336204428769768 0.1075542924262144
0.6909999999999999 0.09898500136957511 0.09241843146086953 0.1065299004102032
0.6919999999999999 0.09801458920198611 0.09148118973719295 0.1055121306548986
0.6929999999999999 0.09705062458147634 0.09055030058789744 0.1045009755660617
0.694 0.09609309339900457 0.08962574565025272 0.1034964273934034
0.695 0.09514198157666531 0.08870750672740083 0.1024984782853921
0.696 0.09419727506768659 0.08779556578799465 0.1015071202884393
0.697 0.09325895985642683 0.08688990496563841 0.1005223453461869
0.698 0.09232702195837046 0.08599050655812868 0.09954414529890335
0.699 0.09140144742012221 0.08509735302649238 0.09857251188299136
0.7 0.09048222231940037 0.0842104269938151 0.09760743673060936
0.701 0.08956933276502896 0.08332971124386065 0.09664891136941452
0.702 0.0886627648969287 0.08245518871947545 0.09569692721291745
0.703 0.08776250488610685 0.08158684252077385 0.09475147552154585
0.704 0.0868685389346462 0.08072465575309574 0.093812547500286
0.705 0.08598085327569266 0.07986861175343343 0.09288013425555099
0.706 0.08509943417344226 0.07901869435668106 0.09195422566393309
0.707 0.08422426792312651 0.07817488726821681 0.09103481183911821
0.708 0.08335534085099754 0.07733717433812191 0.09012188362431685
0.709 0.0824926393143114 0.07650553955798126 0.08921543150807357
0.71 0.08163614970131142 0.07567996705743904 0.08831544735278893
0.711 0.08078585843120925 0.07486044110050755 0.08742192385805143
0.712 0.07994175195416658 0.07404694615148232 0.08653498638753054
0.713 0.07910381675127437 0.07323946707981684 0.08565643252842095
0.714 0.07827203933453246 0.07243798909512071 0.08478426461684409
0.715 0.07744641072747607 0.07164250356347834 0.0839184759022835
0.716 0.07662724892654613 0.07085348960425336 0.08305920816626929
0.717 0.07581471947127325 0.07007120843128498 0.08220652283754781
0.718 0.07500877171179968 0.06929560197500992 0.08136037589561845
0.719 0.07420935533328983 0.06852658317873328 0.08052072539477891
0.72 0.07341642035345838 0.06776408091519595 0.07968752969470116
0.721 0.07262991712011917 0.06700808568147812 0.07886074941465934
0.722 0.07184979630875503 0.0662585406293859 0.07804038594011056
0.723 0.07107600892010824 0.06551538939200727 0.07722635428436085
0.724 0.07030850627779088 0.0647785759729303 0.0764186139338581
0.725 0.06954724002591602 0.06404805101310557 0.07561712464214052
0.726 0.06879216212674798 0.0633237670738195 0.07482184642229053
0.727 0.06804322485837304 0.06260566904810867 0.07403273959775429
0.728 0.06730038081238941 0.0618937021844676 0.07324976779948972
0.729 0.0665635828916166 0.06118781211773994 0.07247289348996927
0.73 0.0658327843078239 0.06048794487144274 0.0717020775628064
0.731 0.06510793857947809 0.05979404686001066 0.07093728113576031
0.732 0.06438899952950969 0.0591060648909604 0.07017853155593146
0.733 0.06367592128309807 0.05842394616697979 0.06942583767651175
0.734 0.06296865826547485 0.05774763828793925 0.06867904876979641
0.735 0.06226716519974577 0.05707708925282895 0.06793812657089381
0.736 0.06157139710473049 0.05641224746162084 0.06720303301168884
0.737 0.06088130929282048 0.05575306171705539 0.06647373021416025
0.738 0.06019685736785449 0.0550994812263528 0.06575018048378034
0.739 0.05951799722301196 0.05445145557515751 0.06503234630299798
0.74 0.05884468503872343 0.05380893347014153 0.0643201903248056
0.741 0.05817687728059861 0.05317185860409316 0.06361367536639193
0.742 0.05751453069737123 0.05254017678083033 0.0629127644028822
0.743 0.05685760231886124 0.0519138393388756 0.0622174205611687
0.744 0.0562060494539533 0.05129279854784659 0.06152760711383411
0.745 0.05555982968859237 0.0506770069105456 0.06084328747317116
0.746 0.05491890088379538 0.05006641703987205 0.06016442518530214
0.747 0.05428322117367956 0.04946098197625238 0.05949098392440318
0.748 0.05365274896350673 0.0488606551886019 0.05882293320471083
0.749 0.05302744292774363 0.04826539057517375 0.05816023215681659
0.75 0.05240726200813812 0.04767514246428646 0.05750284387358544
0.751 0.05179216541181129 0.04708986561492701 0.05685073248506692
0.752 0.05118211260936467 0.04650951507361491 0.05620386222150768
0.753 0.05057706333300355 0.04593404584914135 0.05556219740830882
0.754 0.04997697757467485 0.04536341393127521 0.0549257024540746
0.755 0.04938181558422076 0.04479757581262105 0.05429434184980541
0.756 0.04879153786754692 0.04423648841809814 0.05366808017786408
0.757 0.04820610518480582 0.04368010910465717 0.05304688209724695
0.758 0.04762547854859459 0.04312839566082266 0.05243071233926771
0.759 0.04704961922216766 0.04258130630605229 0.05181953570352353
0.76 0.04647848871766373 0.04203879955432341 0.05121331705406233
0.761 0.04591204879434707 0.04150083440345365 0.05061202131575931
0.762 0.04535026145686313 0.04096737071546647 0.0500156134710986
0.763 0.04479308895350793 0.04043836842007945 0.04942405863405405
0.764 0.04424049377451175 0.039913787871714 0.04883732195679377
0.765 0.04369243865033632 0.03939358984758681 0.04825537015688234
0.766 0.04314888654998588 0.03887773554555914 0.04767816969569902
0.767 0.04260980067933157 0.03836618658173757 0.047105685717145
0.768 0.04207514447944957 0.03785890541624091 0.04653788341197257
0.769 0.04154488162497225 0.0373558559090342 0.04597472801616467
0.77 0.04101897602245268 0.03685700097103403 0.04541618480963148
0.771 0.040497391808742 0.03636230379782872 0.04486222219797345
0.772 0.03998009334938007 0.03587172798452679 0.04431281201502728
0.773 0.03946704523699864 0.03538523752174467 0.04376790951375589
0.774 0.03895821228973729 0.03490279678083493 0.04322748014738102
0.775 0.03845355954967214 0.03442436925033497 0.04269148941273079
0.776 0.0379530522812568 0.0339499192554624 0.04215990285109074
0.777 0.03745665596977595 0.03347941176665814 0.0416326860494564
0.778 0.03696433631981086 0.03301279532497586 0.04110980464219822
0.779 0.03647605925371727 0.03255002904923597 0.04059122431315246
0.78 0.03599179091011536 0.03209108046177227 0.04007691079814834
0.781 0.03551149764239148 0.03163591745531096 0.03956682988798307
0.782 0.03503514601721172 0.03118450828528069 0.03906094743185792
0.783 0.03456275900872981 0.03073688254823582 0.03855928125803627
0.784 0.0340955658161571 0.03029437913301674 0.03806296290652628
0.785 0.03363402362030177 0.02985749942068173 0.03757240870064282
0.786 0.03317805818048685 0.02942616805561665 0.03708754042264988
0.787 0.03272759575915492 0.02900031017025204 0.03660828366328756
0.788 0.03228256311830323 0.02857985138354018 0.03613456529830247
0.789 0.03184288751594709 0.0281647177994174 0.03566631271752727
0.79 0.03140849670261152 0.02775472410015001 0.0352034538191994
0.791 0.03097931891785066 0.0273498525964469 0.03474591700434293
0.792 0.03055528288679482 0.02695008839934813 0.0342936311712126
0.793 0.03013631781672496 0.02655535958781378 0.0338465257098004
0.794 0.02972235339367422 0.02616559471713858 0.0334045304964043
0.795 0.02931331977905636 0.02578072281733847 0.03296757588825918
0.796 0.02890914760632083 0.02540067339152326 0.03253559271822955
0.797 0.02850976797763431 0.02502537219148252 0.03210851228956426
0.798 0.02811511246058832 0.02465464804957803 0.03168626637071318
0.799 0.02772511308493281 0.02428853499437853 0.03126878719020596
0.8 0.02733970233933549 0.02392696448425291 0.03085602569983768
0.801 0.02695881316816654 0.02356986844348429 0.03044790564266136
0.802 0.02658237896830871 0.02321717926056355 0.03004435031634364
0.803 0.02621033358599229 0.02286882978646848 0.029645293791409
0.8039999999999999 0.02584261131365501 0.02252475425518439 0.02925067365111822
0.8049999999999999 0.02547914688682638 0.02218488928748153 0.028860421935021
0.8059999999999999 0.02511987548103661 0.02184916928315041 0.0284744731732704
0.8069999999999999 0.02476473270874952 0.0215175288880323 0.02809276318766646
0.8079999999999999 0.02441365461631934 0.02118990319731566 0.02771522821381019
0.8089999999999999 0.02406657768097144 0.02086622775371168 0.02734180489668859
0.8099999999999999 0.02372343880780636 0.02054643854561493 0.026972430286324
0.8109999999999999 0.02338417532682736 0.0202304720983254 0.0266070418334886
0.8119999999999999 0.02304872498999085 0.01991826965626047 0.02624557738548465
0.8129999999999999 0.0227170259682799 0.01960977075309508 0.02588797518199159
0.8139999999999999 0.02238901684880041 0.01930491290727169 0.02553417385098051
0.8149999999999999 0.02206463663189971 0.01900363407724912 0.02518411240469761
0.8159999999999999 0.02174382472830761 0.01870587265949492 0.0248377302357169
0.8169999999999999 0.02142652095629934 0.01841156748645988 0.02449496711306397
0.8179999999999999 0.02111266553888071 0.01812065770804525 0.02415576395505946
0.819 0.02080219910099466 0.01783308214310099 0.02382006469316541
0.82 0.0204950626667497 0.01754878075674863 0.02348791185484721
0.821 0.02019119765666933 0.01726769412808504 0.02315914072568554
0.822 0.019890545884963 0.01698976326252243 0.02283369104084653
0.823 0.01959304955681773 0.01671492958963059 0.02251150449279864
0.824 0.01929865126571072 0.01644313496095177 0.02219252338885722
0.825 0.01900729399074257 0.01617432185369824 0.02187669038483896
0.826 0.0187189210939908 0.01590843538476082 0.0215639514906836
0.827 0.01843347631788383 0.01564541271660334 0.02125424664799798
0.828 0.01815090378259489 0.01538519254356641 0.02094753202096701
0.829 0.01787114798345596 0.01512771929944095 0.02064395322370676
0.83 0.01759415378839134 0.01487293758923163 0.02034323018829017
0.831 0.01731986643537091 0.01462079250917691 0.0200453077468175
0.832 0.01704823152988272 0.01437123129713629 0.01975013106297847
0.833 0.01677919504242483 0.01412420042962941 0.01945764562948495
0.834 0.01651270330601631 0.01387964602367254 0.01916779726560609
0.835 0.01624870301372695 0.01363751458748587 0.01888053211480943
0.836 0.01598714121622597 0.01339775301790104 0.01859579664251006
0.837 0.01572796531934914 0.01316030859771634 0.01831356168569774
0.838 0.01547112308168438 0.01292512899299611 0.01803375314194921
0.839 0.01521656261217565 0.01269216225031202 0.01775631427991131
0.84 0.01496423236774495 0.01246135679392261 0.01748119284606818
0.841 0.01471408115093226 0.01223266142235094 0.01720833689846354
0.842 0.01446605810755333 0.01200602380198372 0.01693769480520538
0.843 0.01422011272437509 0.01178139212913991 0.01666921524310785
0.844 0.01397619482680854 0.01155871189053607 0.01640284719647507
0.845 0.01373425457661914 0.01133793059020359 0.01613853995603163
0.846 0.01349424246965422 0.01111899934797625 0.01587624311800566
0.847 0.0132561093335876 0.01090186945335334 0.01561590658336932
0.848 0.01301980632568106 0.01068649268928693 0.01535748055724349
0.849 0.01278528493056263 0.01047282126203813 0.0151009155484727
0.85 0.01255249695802149 0.01026080772641139 0.01484616236937694
0.851 0.01232139454081936 0.01005040498160619 0.01459317213568814
0.852 0.01209193013251835 0.009841566266933966 0.01434189623958984
0.853 0.01186405650532479 0.009634245157394 0.0140922862813175
0.854 0.01163866172579768 0.009429480596577704 0.01384511051335995
0.855 0.01141668822753067 0.009228369521652452 0.0136011895571799
0.856 0.01119809105376061 0.009030860143658226 0.0133604847333758
0.857 0.01098282534309999 0.008836900504831248 0.01312295763518374
0.858 0.01077084651614092 0.008646438710181658 0.01288857028157402
0.859 0.01056211027361422 0.008459422939418643 0.01265728510649503
0.86 0.01035657259456205 0.008275801458210465 0.01242906494852978
0.861 0.01015418973452393 0.008095522628812907 0.01220387304094625
0.862 0.009954918223735931 0.007918534920098308 0.01198167300212365
0.863 0.009758714865343096 0.007744786917015714 0.01176242882633701
0.864 0.009565536733624834 0.007574227329511483 0.01154610487488378
0.865 0.009375341172233282 0.007406805000938273 0.01133266586753639
0.866 0.00918808579244448 0.007242468915978826 0.01112207687430531
0.867 0.009003728471422227 0.007081168208109966 0.0109143033074983
0.868 0.008822227350494609 0.006922852166630754 0.01070931091406132
0.869 0.008643540833442993 0.006767470243277767 0.01050706576818808
0.87 0.00846762758480343 0.006614972058449201 0.01030753426418501
0.871 0.008294446528180371 0.006465307407058325 0.01011068310957936
0.872 0.008123956844572598 0.006318426264036018 0.009916479318458547
0.873 0.007956117970711234 0.006174278789500871 0.009724890205029436
0.874 0.007790889597409776 0.006032815333614403 0.009535883377386568
0.875 0.007628231667926021 0.005893986441138139 0.009349426731478976
0.876 0.007468104376335822 0.0057577428557082 0.009165488445265525
0.877 0.00731046816591853 0.005624035523842394 0.008984036973049307
0.878 0.007155283727554087 0.005492815574857685 0.008805040998141275
0.879 0.00700251199813162 0.005364034267524624 0.008628469459333548
0.88 0.006852114158969459 0.005237643271354548 0.008454291647660404
0.881 0.006704051634246537 0.005113594381372975 0.008282477089050245
0.882 0.006558286089444974 0.00499183961186199 0.008112995541897748
0.883 0.006414779429803858 0.004872331199032472 0.007945817010117246
0.884 0.006273493798784104 0.00475502160351055 0.00778091173849811
0.885 0.006134391576544226 0.004639863512647051 0.007618250208176402
0.886 0.005997435378427065 0.004526809842657685 0.007457803062597616
0.887 0.005862588053457275 0.004415813740601519 0.00729954113100496
0.888 0.005729812682849546 0.004306828586204082 0.007143435594701708
0.889 0.005599072578527422 0.004199807993530987 0.006989457854953104
0.89 0.005470331281652702 0.004094705812516987 0.006837579526581179
0.891 0.005343552561165253 0.003991476126593251 0.006687772434091955
0.892 0.005218700412333235 0.003890072567839259 0.00654000860573635
0.893 0.005095739055313589 0.00379044971147266 0.006394260268973617
0.894 0.004974632933722741 0.003692562986923735 0.006250499854836809
0.895 0.004855346713217443 0.003596367448479191 0.006108699989520048
0.896 0.004737845280085624 0.003501818391434127 0.005968833490633507
0.897 0.004622093739847258 0.003408871352718983 0.005830873363761563
0.898 0.004508057415865063 0.003317482111384561 0.005694792799089527
0.899 0.004395701847965046 0.003227606688940711 0.005560565168100229
0.9 0.004284992791066757 0.003139201349543027 0.005428164020342877
0.901 0.004175896213823201 0.003052222480634339 0.005297563080277579
0.902 0.004068378297270318 0.002966626877493944 0.00516873624420066
0.903 0.003962405433485972 0.0028823716497725 0.005041657577256747
0.904 0.003857944224258352 0.002799414030201962 0.004916301310659302
0.905 0.003754961479763725 0.002717711492574008 0.004792641866625487
0.906 0.00365342421725347 0.002637221750798687 0.004670653821165992
0.907 0.003553299659750317 0.00255790275772132 0.004550311888676632
0.908 0.00345455523475368 0.002479712703676294 0.004431591234518901
0.909 0.003357158572954105 0.002402610014754257 0.004314467087848566
0.91 0.003261077506956647 0.002326553350756645 0.004198914616194825
0.911 0.003166280070013205 0.00225150160280917 0.004084909139777397
0.912 0.003072734494763658 0.002177413890603803 0.003972426134124145
0.913 0.00298040921198584 0.002104249559236479 0.003861441210241119
0.914 0.00288927284935414 0.002031968175606154 0.003751930123322066
0.915 0.002799294230206817 0.001960529524339573 0.003643868772839439
0.916 0.002710442372321824 0.00188989360320516 0.003537233202222019
0.917 0.002622686486701176 0.001820020617979832 0.003431999598977601
0.918 0.002535995976363743 0.001750870976733486 0.003328144295314693
0.919 0.002450340435146406 0.001682405283498479 0.003225643769321458
0.92 0.002365689646513524 0.001614584331295629 0.003124474646764038
0.921 0.002282013582374644 0.001547369094494347 0.003024613703569437
0.922 0.002199282401910381 0.001480720720493347 0.002926037869060912
0.923 0.002117466450406424 0.001414600520719733 0.002828724230014739
0.924 0.002036536258095579 0.001348969960959349 0.002732650035607331
0.925 0.001956462539007801 0.001283790651049878 0.002637792703319211
0.926 0.001877510665275407 0.00121933134114048 0.002544417245187308
0.927 0.001801281086283225 0.00115726044348151 0.002454085204537865
0.928 0.001727959835901092 0.001097783396222488 0.002366967777253833
0.929 0.001657476783663181 0.00104083927106206 0.002282985649977617
0.93 0.001589762228165487 0.0009863675693914129 0.002202060187850014
0.931 0.001524746894427839 0.0009343079607775017 0.002124113182177505
0.9320000000000001 0.001462361931273919 0.0008846004133379911 0.002049066926633956
0.9329999999999999 0.001402538908729175 0.0008371851887718998 0.001976844255991577
0.9339999999999999 0.001345209815436433 0.0007920028376177255 0.001907368657789292
0.9349999999999999 0.001290307056089193 0.0007489941947567572 0.001840564178291247
0.9359999999999999 0.001237763448882317 0.0007081003751780508 0.001776355420589206
0.9369999999999999 0.001187512222980089 0.000669262770020429 0.001714667543376779
0.9379999999999999 0.001139487016001484 0.0006324230429053277 0.001655426259435485
0.9389999999999999 0.00109362187152249 0.0005975231265728447 0.001598557833821728
0.9399999999999999 0.001049851236595386 0.0005645052198316252 0.001543989081745545
0.9409999999999999 0.001008109959284827 0.0005333117848315538 0.001491647366133935
0.9419999999999999 0.0009683332862206175 0.0005038855446663044 0.001441460594873516
0.9429999999999999 0.0009304568601670336 0.000476169481310973 0.001393357217729225
0.944 0.0008944167176085858 0.0004501068338980521 0.001347266222937796
0.945 0.0008601492863520833 0.0004256410973330495 0.001303117133476738
0.946 0.0008275913831448804 0.0004027160212491021 0.00126084000301148
0.947 0.0007966802113091851 0.0003812756092979652 0.001220365411525297
0.948 0.0007673533583923049 0.0003612641187728402 0.001181624460638494
0.949 0.0007395487938327048 0.000342626060556634 0.00114454876862513
0.95 0.0007132048666417717 0.0003253061993873912 0.00110907046513727
0.951 0.0006882603031011494 0.0003092495544309362 0.001075122185648393
0.952 0.0006646542044755393 0.0002944014001490589 0.00104263706562911
0.953 0.0006423260447408434 0.0002807072674500589 0.001011548734469756
0.954 0.0006212156683275365 0.0002681129451069655 0.0009817913091656957
0.955 0.0006012632878791513 0.0002565644814274412 0.0009532993877824142
0.956 0.0005824094820257672 0.0002460081861581504 0.000926008042718445
0.957 0.0005645951931723802 0.000236390632605297 0.0008998528137851773
0.958 0.0005477617253020547 0.0002276586599520478 0.0008747697011233142
0.959 0.0005318507417937354 0.0002197593757527863 0.0008506951579764768
0.96 0.0005168042632546167 0.0002126401585834187 0.0008275660833429401
0.961 0.0005025646653669549 0.0002062486608264352 0.0008053198145269248
0.962 0.0004890746767492207 0.0002005328115690089 0.0007838941196111394
0.963 0.0004762773768314781 0.0001954408195921416 0.0007632271898724223
0.964 0.0004641161937448929 0.0001909211764287542 0.0007432576321624118
0.965 0.0004525349022252525 0.0001869226594685758 0.0007239244612750478
0.966 0.000441477621530407 0.0001833943350878518 0.0007051670923225834
0.967 0.000430888813371512 0.0001802855617821028 0.0006869253331414505
0.968 0.0004207132798579881 0.0001775459932805606 0.0006691393767489639
0.969 0.0004108961614560771 0.0001751255816213815 0.0006517497938713421
0.97 0.0004013829349609095 0.0001729745801673284 0.0006346975255629575
0.971 0.0003921194114819699 0.0001710435465423187 0.0006179238759360442
0.972 0.0003830517344418724 0.0001692833454700184 0.0006013705050193545
0.973 0.0003741263775883385 0.0001676451514965792 0.000584979421763434
0.974 0.0003652901430192829 0.0001660804515805474 0.0005686929772092605
0.975 0.0003564901592209121 0.0001645410475340662 0.0005524538578360781
0.976 0.0003476738791187384 0.000162979058300593 0.000536205079103204
0.977 0.0003387890781414115 0.0001613469220555388 0.0005198899791995461
0.978 0.0003297838522972769 0.0001595973981174918 0.000503452213013479
0.979 0.0003206066162635612 0.0001576835686589465 0.0004868357463345959
0.98 0.0003112061014881048 0.0001555588402068227 0.0004699848502977927
0.981 0.0003015313543035296 0.0001531769449243488 0.0004528440960789906
0.982 0.0002915317340537658 0.0001504919416672943 0.0004353583498508753
0.983 0.0002811569112328468 0.0001474582168088698 0.0004174727680061238
0.984 0.0002703568656358683 0.0001440304848289556 0.000399132792654983
0.985 0.0002590818845220411 0.0001401637886646257 0.0003802841474038919
0.986 0.0002472825607897271 0.0001358134998201529 0.0003608728334223602
0.987 0.0002349097911634031 0.0001309353182357918 0.0003408451258072352
0.988 0.0002219147743924239 0.0001254852719154583 0.0003201475702576796
0.989 0.0002082490094615305 0.0001194197163139353 0.0002987269800831028
0.99 0.0001938642938130115 0.0001126953334838594 0.0002765304335841815
0.991 0.0001787127215804178 0.0001052691309807851 0.0002535052718841571
0.992 0.0001627466818337616 9.709844051912331e-05 0.0002295990973675691
0.993 0.000145918856836114 8.814091635763857e-05 0.0002047597730672069
0.994 0.0001281822203115095 7.835453335641379e-05 0.0001789354237989723
0.995 0.0001094900357240889 6.769758454268162e-05 0.0001520744417313295
0.996 8.97958545683839e-05 5.612867768234498e-05 0.0001241255037901588
0.997 6.90535146706723e-05 4.360672899576459e-05 9.503760882970062e-05
0.998 4.721713850132425e-05 3.009094474058192e-05 6.476027493309808e-05
0.999 2.424113149805445e-05 1.554070847117978e-05 3.324484404532478e-05
1 8.01804e-08 -1.154595052199592e-07 5.997681272622539e-07
