1e-07 7.272476499999999 1.383504792026629 20.946708437841
1.071519305237607e-07 7.180401257708025 1.410400786851359 20.4293531990878
1.148153621496882e-07 7.0882294414616 1.437285536992146 19.91205540321931
1.230268770812381e-07 6.997001169902947 1.46352719727467 19.40658854924539
1.318256738556407e-07 6.907409484819889 1.488713907194573 18.9206644246214
1.412537544622755e-07 6.819015132438293 1.513114626818084 18.44923677712266
1.513561248436207e-07 6.73171821206313 1.536769809573822 17.99073231941313
1.62181009735893e-07 6.64546960545958 1.559690036688543 17.54422784835475
1.737800828749376e-07 6.560308485536209 1.581663971621827 17.11012690751928
1.862087136662866e-07 6.476194275660529 1.60205231093498 16.68747087492439
1.995262314968879e-07 6.393067604699904 1.6210075619051 16.27537518951212
2.137962089502232e-07 6.310965230892629 1.638682231110595 15.87421078114444
2.290867652767775e-07 6.229857552370854 1.655207118386285 15.48369727381872
2.454708915685028e-07 6.149654146876105 1.670662715399399 15.10285121166113
2.630267991895382e-07 6.070301764334066 1.685124762393127 14.73133673595524
2.818382931264455e-07 5.99184339939683 1.698722869896852 14.36950107892693
3.019951720402019e-07 5.914317941283911 1.711527716934746 14.01695672057594
3.235936569296281e-07 5.837753680555436 1.723621044012746 13.67348780091357
3.467368504525316e-07 5.762134226473018 1.735103255521414 13.33933877264286
3.715352290971728e-07 5.687462537447387 1.745988074921743 13.01404354732632
3.981071705534969e-07 5.613747422807271 1.756265053671815 12.69712922215972
4.265795188015925e-07 5.541009704240062 1.76601193745838 12.38890570215789
4.570881896148752e-07 5.469211053481474 1.775278159981268 12.08903670776358
4.897788193684457e-07 5.398298882581169 1.784073140293926 11.79691730055876
5.248074602497723e-07 5.328279570350407 1.792448572849769 11.51264010487928
5.62341325190349e-07 5.259155969701417 1.800439034055741 11.23618156313688
6.025595860743581e-07 5.190885186258718 1.808020530420167 10.96695431763905
6.45654229034655e-07 5.123453374112766 1.815195906316216 10.70472991482285
6.918309709189363e-07 5.056881249333712 1.822024007067481 10.44975524533622
7.413102413009177e-07 4.991123869360982 1.828483197438394 10.20153316198457
7.943282347242822e-07 4.926145903790102 1.834552446806657 9.959672564119195
8.511380382023759e-07 4.861976548730873 1.840282044122835 9.724463563489429
9.120108393559096e-07 4.79858469393675 1.845667659266224 9.495556893938728
9.772372209558111e-07 4.735928906563259 1.850687792949927 9.272497506917663
1.047128548050899e-06 4.674034014237768 1.855377636444655 9.055467706950843
1.122018454301963e-06 4.61287961050514 1.859737667166285 8.844312266259026
1.202264434617413e-06 4.552411269062953 1.863718268569111 8.638584076916903
1.288249551693132e-06 4.492625140153131 1.867337170962648 8.438241528114967
1.380384264602884e-06 4.433534262818716 1.870621981495752 8.243362453728473
1.479108388168207e-06 4.375088830584659 1.873547127479819 8.053526442036164
1.584893192461114e-06 4.317242123223503 1.87609378003004 7.86844715366616
1.698243652461746e-06 4.260004483810501 1.878285583605217 7.688282790164159
1.819700858609983e-06 4.203432220077913 1.880132483188705 7.512960742937192
1.949844599758045e-06 4.147580106063306 1.881642074959203 7.342412469127442
2.089296130854041e-06 4.09244889650718 1.882832168431164 7.176751440155744
2.238721138568338e-06 4.038004026479446 1.883689574681338 7.015742219023234
2.39883291901949e-06 3.984212835647795 1.884191696351297 6.859071365883485
2.570395782768865e-06 3.93108451740766 1.884347800317222 6.706789823706849
2.754228703338163e-06 3.878615677766541 1.884163480498301 6.558852280184771
2.951209226666384e-06 3.826774183109861 1.883621964692247 6.414978601620603
3.162277660168379e-06 3.775546549273078 1.882720475300024 6.275081846505387
3.388441561392028e-06 3.724946477489049 1.881472217134683 6.139240434490156
3.630780547701017e-06 3.674960860244854 1.879860768437372 6.007185661139729
3.890451449942805e-06 3.625588099414476 1.877871593123106 5.87871688828141
4.168693834703355e-06 3.576853643983232 1.875515934922838 5.753943730462064
4.466835921509635e-06 3.528696153465546 1.872798531453165 5.632697250467729
4.78630092322638e-06 3.481047208770668 1.869723666549899 5.514786057514113
5.128613839913648e-06 3.433921586594653 1.866302316722643 5.400290902994094
5.495408738576248e-06 3.387323188173282 1.862527777393364 5.289084869033447
5.888436553555884e-06 3.341232207531184 1.858383352870293 5.180932334735927
6.30957344480193e-06 3.295650765456779 1.853875976997034 5.07581859372808
6.760829753919819e-06 3.250580676368547 1.849005388142375 4.97373749970288
7.244359600749891e-06 3.205999735102358 1.8437378246953 4.874458902092243
7.762471166286911e-06 3.161897623681387 1.838044119553049 4.777826013943114
8.317637711026709e-06 3.118286317773787 1.831934831316501 4.683884622520751
8.912509381337459e-06 3.075146786483304 1.825432263093988 4.592579411606335
9.549925860214369e-06 3.0324586324918 1.818558263284706 4.50386251747594
1.023292992280754e-05 2.990220042019971 1.811322598455069 4.417722555680186
1.096478196143185e-05 2.948449835789873 1.803744039426972 4.334069709754093
1.17489755493953e-05 2.907167598220748 1.795815636792283 4.252809464548186
1.258925411794166e-05 2.866372979416375 1.787544302547967 4.173960837269783
1.348962882591653e-05 2.826061998079819 1.778926051860787 4.097421559317775
1.445439770745928e-05 2.786238298555121 1.769943232838505 4.023004030367352
1.54881661891248e-05 2.746921773406516 1.760559713377225 3.950980230300138
1.65958690743756e-05 2.708105319277438 1.750792026080077 3.880948850462407
1.778279410038923e-05 2.66972987792814 1.740661639329385 3.812853659176787
1.905460717963244e-05 2.631750427878435 1.730179141810019 3.746666456743248
2.041737944669532e-05 2.594191176720089 1.71934231599131 3.682360615522188
2.187761623949552e-05 2.557050954161593 1.708166141600069 3.619793482202182
2.344228815319923e-05 2.520322671455012 1.69667288657752 3.558830342579393
2.511886431509582e-05 2.483999396469485 1.684887466812451 3.499494586329942
2.691534803926914e-05 2.448095449071952 1.672782651005885 3.441750553672127
2.884031503126606e-05 2.412629695977987 1.660308434237405 3.385345970650859
3.090295432513592e-05 2.377635260897885 1.647432383814723 3.330125377955545
3.311311214825908e-05 2.34308062798993 1.63418466071519 3.275895331273276
3.548133892335753e-05 2.308893668164431 1.620611685254813 3.222670629209111
3.801893963205612e-05 2.275030543682105 1.606684326114894 3.170492922585797
4.073802778041122e-05 2.241522707791491 1.592432700704318 3.11981935806904
4.365158322401657e-05 2.208370651798502 1.577844288119769 3.070156529294171
4.677351412871981e-05 2.175568161690662 1.562877370092782 3.021344681873406
5.011872336272715e-05 2.143100947037403 1.547537059568128 2.973396085669099
5.370317963702532e-05 2.111005938648403 1.53106674770272 2.926308127214094
5.754399373371566e-05 2.079326607257177 1.511085624948569 2.880419043418265
6.165950018614822e-05 2.048066859086019 1.491127225030869 2.836601939744788
6.606934480075965e-05 2.017209551549532 1.471212813922407 2.793647725903219
7.079457843841373e-05 1.986745039131096 1.45136051198557 2.751429065020439
7.585775750291836e-05 1.956666959804443 1.431600238623819 2.709942304328878
8.128305161640995e-05 1.926980582912842 1.411966391905464 2.669167777211724
8.709635899560796e-05 1.897693328523189 1.392459634436912 2.629066255218615
9.332543007969905e-05 1.868813611625981 1.373086863275442 2.5896124109912
0.0001 1.840341557166655 1.353881123604186 2.550818684675266
0.0001071519305237606 1.812261457234109 1.334857100468468 2.512775250761966
0.0001148153621496883 1.784557076327044 1.316034462218776 2.475502665056877
0.0001230268770812381 1.757225185355737 1.297417734315278 2.438975841657185
0.0001318256738556407 1.730280874883835 1.279056161989551 2.403156591091521
0.0001412537544622754 1.703740504962408 1.26093969325601 2.367927412106116
0.0001513561248436207 1.677603066095798 1.243079156603037 2.333228770050198
0.000162181009735893 1.651866680139861 1.225465191234596 2.299085787016201
0.0001737800828749374 1.626539646941241 1.208076217808323 2.265545006615618
0.0001862087136662868 1.601630802648261 1.190860603538743 2.23262197581554
0.0001995262314968879 1.577136376611572 1.173877701580561 2.200267967334105
0.0002137962089502232 1.553040839906348 1.157169403188998 2.168469171160825
0.0002290867652767772 1.529324485936092 1.140773674942694 2.137233472931205
0.0002454708915685029 1.50597740942749 1.124697472855326 2.106538135169545
0.0002630267991895381 1.483046638505934 1.108922121825745 2.076335445317825
0.0002818382931264452 1.460581765257145 1.093427901487154 2.046577977256925
0.0003019951720402016 1.438567391590086 1.078211628331528 2.017226531814561
0.0003235936569296281 1.417007853848658 1.0633021213655 1.988317635004103
0.0003467368504525317 1.395929371462016 1.048733406394889 1.959905614415492
0.0003715352290971724 1.375331664731102 1.034515139331188 1.932009913620167
0.0003981071705534969 1.355210581320265 1.020646917862454 1.904589691985054
0.0004265795188015926 1.335589527691244 1.007155272075888 1.877612441507647
0.0004570881896148747 1.316477629298275 0.9940638008388747 1.851030413740597
0.0004897788193684461 1.297861258445903 0.9813701210605652 1.824834158694822
0.0005248074602497723 1.279768741105098 0.969069165486977 1.799125600951733
0.0005623413251903491 1.262225577784232 0.9571562102520574 1.774000684760397
0.0006025595860743575 1.245215796786936 0.9456256746838305 1.749434520754679
0.0006456542290346556 1.22875220522013 0.9345148604526836 1.725392548212364
0.0006918309709189362 1.212855918938557 0.9238703458346171 1.701852058169147
0.000741310241300917 1.197512288384157 0.9137033288278544 1.67880852175743
0.0007943282347242813 1.182733857627241 0.904008494226469 1.65627086305796
0.0008511380382023759 1.168557485341113 0.8947964632332434 1.634243524042136
0.0009120108393559096 1.154997757896818 0.8860593544542863 1.61270469206521
0.0009772372209558102 1.142039947479628 0.877810336694886 1.591735740582253
0.001047128548050899 1.129691839908168 0.8701153308759395 1.571336137018573
0.001122018454301963 1.117953985609388 0.8630453164907872 1.551594523431066
0.001202264434617413 1.106815792994929 0.8565883008187202 1.532452554835432
0.001288249551693132 1.096307961496742 0.850731564847872 1.513925641686037
0.001380384264602884 1.086459979877224 0.8454661609876938 1.496033611637388
0.001479108388168207 1.077247071602226 0.8407822944926682 1.478752851273228
0.001584893192461114 1.068696306436544 0.8367029279666973 1.462127832657598
0.001698243652461743 1.060854484731491 0.8332625990680085 1.44622049602716
0.001819700858609983 1.053717695395487 0.8304636725391641 1.431041092955958
0.001949844599758046 1.047282522547947 0.8283012058110044 1.416933660777589
0.002089296130854041 1.041579830122043 0.8267932114963358 1.403720198784564
0.002238721138568338 1.036628885606272 0.8259454370813368 1.391234527133371
0.00239883291901949 1.03241671988432 0.8257503018010717 1.37941292572453
0.002570395782768865 1.028936448674907 0.8262289083998549 1.368409477208309
0.002754228703338163 1.026179336319598 0.8273668134118779 1.358334752084849
0.002951209226666384 1.024140524752873 0.8292185236381902 1.349168354024062
0.003162277660168379 1.022844499437991 0.8317757214695971 1.340821141923833
0.003388441561392027 1.02231742278022 0.8350093993680087 1.333227488294336
0.00363078054770101 1.022557971423553 0.8387922673268635 1.326328007091705
0.003890451449942805 1.023559404463833 0.8431904281111641 1.320204311179169
0.004168693834703355 1.02532010920698 0.8482047227988645 1.31502171818165
0.004466835921509625 1.02783904800085 0.8538234107564208 1.310784089260105
0.00478630092322638 1.031118656556217 0.8600614531407813 1.307376713685377
0.005128613839913648 1.035162483710459 0.8669091497455093 1.304785931423116
0.005495408738576248 1.039969764957915 0.8743474293394247 1.303003714829101
0.005888436553555884 1.045539838884183 0.8823939465071738 1.302053238172689
0.00630957344480193 1.05188595810658 0.8908519180957701 1.301932910482571
0.006760829753919818 1.059020948436595 0.8997672224857154 1.30262638210006
0.007244359600749891 1.066944686519104 0.9093652295566561 1.304225349293199
0.007762471166286911 1.075647284914688 0.9196961789556624 1.307174798257087
0.008317637711026709 1.08511755512745 0.9308363704079118 1.311023981398368
0.008912509381337459 1.095342899315789 0.9427698212067213 1.315918548608487
0.00954992586021435 1.106352754966237 0.9554811995598426 1.322076535815629
0.01023292992280754 1.118185760549807 0.9689322353411963 1.329069040450471
0.01096478196143185 1.130838214737054 0.9831736194018801 1.336888464760629
0.01174897554939528 1.144312025669472 0.9982262130968642 1.345577860582286
0.01258925411794166 1.158637268372689 1.014210945695379 1.355185632856357
0.01348962882591653 1.173814139136232 1.031150126938023 1.365753580632295
0.01445439770745928 1.189839661382698 1.048987264303115 1.377382650291052
0.0154881661891248 1.206766108824238 1.067771502428381 1.389957313361207
0.0165958690743756 1.224630140843152 1.087554516325578 1.403404521117644
0.01778279410038923 1.243414324914232 1.10832347584882 1.41778008486041
0.01905460717963244 1.26312252606262 1.130061389763728 1.433106960660146
0.02041737944669527 1.283763674404792 1.152852047554555 1.449400867254292
0.02187761623949552 1.305347343749579 1.176591748889804 1.466728869197136
0.02344228815319923 1.327854923628169 1.201284950562731 1.485029817845172
0.02511886431509577 1.35127661743643 1.226912738387183 1.504211713539138
0.02691534803926914 1.375671622923376 1.253510654003164 1.524492830873339
0.02884031503126606 1.400938970598512 1.280920581748341 1.545683533107753
0.03090295432513592 1.426961657639761 1.308985821493259 1.567407124748529
0.03311311214825908 1.453916027437315 1.33784798723963 1.590068834548079
0.03548133892335753 1.481549844749342 1.367277193159152 1.613788047301974
0.03801893963205612 1.509464053262748 1.396583266714446 1.637302049676297
0.04073802778041122 1.537920481271455 1.42638857448199 1.66110722869961
0.04365158322401656 1.566594791745618 1.456521084324856 1.684671803619878
0.04677351412871981 1.594807235852908 1.486201725321547 1.707433757332345
0.05011872336272725 1.623026534019598 1.515785448316566 1.729642042392086
0.05370317963702521 1.650610419228717 1.544671299769323 1.750806220204115
0.05754399373371567 1.676194845796138 1.571690703535073 1.7704275677528
0.06165950018614822 1.700146392061121 1.59709609477157 1.78881920684417
0.0660693448007595 1.721976092431317 1.62035385461892 1.805658893304665
0.07079457843841373 1.740421814679474 1.640627688069734 1.819572331091157
0.07585775750291836 1.755422348121802 1.65834376787581 1.830632697523046
0.08128305161640995 1.767317346867707 1.673414666933884 1.839671890421822
0.08709635899560797 1.776253798252162 1.685424695868948 1.846781576252389
0.09332543007969905 1.782160380492457 1.693963435866261 1.852013170051565
0.1 1.784926623295091 1.698886647962348 1.855148414684756
0.1 1.784926623295091 1.698886647962348 1.855148414684756
0.101 1.785060796736352 1.699346418196424 1.855354142289234
0.102 1.785127250702951 1.699753469562829 1.855489234414031
0.103 1.785124902069404 1.700114735530373 1.855554137040767
0.104 1.785050908937227 1.700436139486964 1.855552067334817
0.105 1.784908465755249 1.700717894246699 1.85548490168317
0.106 1.784700780196403 1.700959010193322 1.855354457271881
0.107 1.78443092217437 1.701158381444213 1.855162518813469
0.108 1.784101830501995 1.701314854613017 1.854910817412255
0.109 1.783716319180735 1.701427283411118 1.854601015037391
0.11 1.783277083344358 1.701494571230745 1.854234634261776
0.111 1.782786704878514 1.701515703449162 1.853813110644261
0.112 1.782247657736287 1.701489770870735 1.853337885369941
0.113 1.781662312968389 1.701415985468611 1.852810276826948
0.114 1.781032943485441 1.70129345189019 1.85223150122821
0.115 1.780361728568511 1.701121662892196 1.851602681644396
0.116 1.779650758143052 1.700900567068926 1.850924877304195
0.117 1.778902036830301 1.700629904400753 1.850199071033267
0.118 1.778117487789323 1.700309519314221 1.849426156180424
0.119 1.777298956361936 1.699939346954725 1.848606951689642
0.12 1.77644821353202 1.699519396529386 1.847742219215006
0.121 1.775566959209916 1.699049732147772 1.846832669762903
0.122 1.774656825351935 1.698530451577071 1.845878973401921
0.123 1.773719387091407 1.697961695042328 1.844881773444955
0.124 1.772758962436788 1.697356256948764 1.843843403396421
0.125 1.77177742882099 1.696714523854084 1.842765657508989
0.126 1.770773598584638 1.696037883991004 1.841648869695605
0.127 1.769746349983203 1.695330952126561 1.840493413402393
0.128 1.76869462402032 1.694596308289068 1.83929969822131
0.129 1.767617421443357 1.693833033518182 1.838068160575652
0.13 1.766513799892061 1.693033018712414 1.83679923920038
0.131 1.765382871191684 1.692201651128013 1.835493382349351
0.132 1.764223798782524 1.691338861426657 1.834151043343706
0.133 1.76303579527831 1.690443926041787 1.832772813270988
0.134 1.761818120146354 1.689516180363701 1.831360136952645
0.135 1.760570077502758 1.68855502080309 1.829913609026451
0.136 1.759291014016453 1.687559905688683 1.828433607277642
0.137 1.757980316916154 1.686529322240444 1.826920500811456
0.138 1.756637412094697 1.685461260518263 1.82537464943904
0.139 1.755261762305558 1.684358655873949 1.82379640350461
0.14 1.753852865446642 1.6832211745788 1.822186104330513
0.141 1.752410252926738 1.682047201746569 1.820544295565729
0.142 1.750933488110276 1.680836603772873 1.818871674119024
0.143 1.749422164836318 1.679590449510326 1.817168785388421
0.144 1.747875906007891 1.678308585261031 1.815435936775663
0.145 1.746294362248068 1.676990895752419 1.813673659375186
0.146 1.74467721061931 1.675637300479885 1.81188236637197
0.147 1.743024163211312 1.674247759284597 1.810062284508934
0.148 1.74134392654124 1.672831287908059 1.808219914016973
0.149 1.73964387683936 1.671395235881687 1.806360416634152
0.15 1.737923448332395 1.669938829638096 1.804483215474323
0.151 1.736182104383275 1.668461266931903 1.802587749139065
0.152 1.73441933627949 1.666961643061911 1.800673468440092
0.153 1.732634662074506 1.665439190491893 1.798739833640845
0.154 1.730827625479664 1.663892703950847 1.796786312169738
0.155 1.728997794804176 1.662321267306344 1.794812376760967
0.156 1.727144761940895 1.660725311448394 1.792817510393468
0.157 1.725268141395728 1.659104277705858 1.790801239605764
0.158 1.723367569358601 1.657457645117951 1.78876305579129
0.159 1.721442702814058 1.655784929626177 1.786702442105562
0.16 1.719493218689626 1.654085683113723 1.784618882561932
0.161 1.717518813040207 1.652359502020285 1.782511774390322
0.162 1.715519200266823 1.650606215048272 1.780380499716943
0.163 1.713494112368146 1.648825554770072 1.77822454539565
0.164 1.711443298223304 1.647017196819862 1.776043399249585
0.165 1.709366522904552 1.645180843686479 1.773836551083479
0.166 1.707263567018443 1.643314514822442 1.771605803523018
0.167 1.705134226074225 1.641415788599956 1.769348412310733
0.168 1.702978309878241 1.639488503107014 1.76706378346559
0.169 1.700795641953158 1.637532467257208 1.764751495146922
0.17 1.698586058980949 1.635547508647636 1.762411257357419
0.171 1.696349410268548 1.633533366118564 1.760042592860971
0.172 1.694085557235195 1.631489836851497 1.757645021273226
0.173 1.691794372920527 1.629411493081848 1.755218072150236
0.174 1.689475741512483 1.627301453684465 1.752761286066192
0.175 1.687131412095104 1.625163682494041 1.750282302206371
0.176 1.684770652589314 1.623005714463938 1.747783959983341
0.177 1.682394350918894 1.620828464463486 1.745264877529872
0.178 1.680002055178786 1.618631886664947 1.742725219459473
0.179 1.677593332463203 1.616415881261283 1.74016515268999
0.18 1.675167768203432 1.614180308851608 1.737584844623082
0.181 1.672724965530075 1.611925047437603 1.73498446158318
0.182 1.670264544658716 1.609649992700469 1.732364167815155
0.183 1.667786142298078 1.607355056097765 1.729724356460726
0.184 1.665289411079754 1.605040022091012 1.727065379521528
0.185 1.662774019008671 1.602704792944906 1.724387381112134
0.186 1.660239648933422 1.600349345208349 1.721690499065258
0.187 1.657685998035717 1.597973670067347 1.718974864528025
0.188 1.655112777338165 1.595577774938611 1.716240601703022
0.189 1.652519711229683 1.593161682836987 1.713487827723318
0.19 1.649906537007833 1.590725431666824 1.710716652651465
0.191 1.647273004437435 1.588269073447116 1.707927024162171
0.192 1.644618875324802 1.585792521142444 1.705118495258481
0.193 1.641943923107023 1.583295627869943 1.702291426572949
0.194 1.639247932455686 1.58077848517119 1.699446896208546
0.195 1.6365306988945 1.578241197987681 1.696583795460507
0.196 1.633792028430283 1.575683881461991 1.693702228405248
0.197 1.631031737196805 1.573106659879649 1.690804189836315
0.198 1.628249651111 1.570509451052901 1.687888323620844
0.199 1.625445605541073 1.567892479283325 1.684954320187747
0.2 1.622619444986065 1.565255997591709 1.6820022985686
0.201 1.619771022766446 1.562600158101188 1.679032423768611
0.202 1.616900200725299 1.55992511686142 1.676044818169553
0.203 1.614006848939749 1.557231032757717 1.673039598816596
0.204 1.611090845442204 1.554518072537861 1.670016885380671
0.205 1.608152075951089 1.551786403287818 1.666976800678706
0.206 1.605190937658308 1.549036879461304 1.663920057523223
0.207 1.602211939993454 1.546275715534488 1.660851929192505
0.208 1.599216283506929 1.543503956290763 1.657773434506715
0.209 1.596204102820453 1.540721124849036 1.654684317681846
0.21 1.593175531692323 1.537926758664413 1.65158432509751
0.211 1.590130703010891 1.53512041022659 1.648473204016819
0.212 1.58706974878874 1.532301647657779 1.645350701513135
0.213 1.583992800157516 1.529470055218552 1.642216563588719
0.214 1.580899987363398 1.526625244293941 1.639070534470557
0.215 1.577791439763156 1.523766864912058 1.635912356069018
0.216 1.574667285820792 1.520894554999354 1.632741767585369
0.217 1.571527653104702 1.518007967609147 1.629558505254701
0.218 1.568372668285372 1.515106773203111 1.626362302211222
0.219 1.565202457133535 1.51219065972243 1.6231528884636
0.22 1.562017144518818 1.509259332600215 1.619929990968422
0.221 1.558816854408803 1.506312514717647 1.616693333790692
0.222 1.555601709868516 1.503349946305876 1.613442638340699
0.223 1.552371833060311 1.500371384795485 1.610177623677456
0.224 1.549127345244117 1.49737660461506 1.606898006869436
0.225 1.545868366778053 1.494365396940216 1.603603503404084
0.226 1.542595017119362 1.491337569394358 1.600293765873189
0.227 1.539307414825679 1.488292945702277 1.596968232992408
0.228 1.536005677556586 1.485231365297727 1.59362659144024
0.229 1.532689922075457 1.482152682886046 1.590268562445849
0.23 1.529360264251571 1.479056767962914 1.586893856543806
0.231 1.526016819062475 1.475943385656266 1.58350212851079
0.232 1.522659700596593 1.472812464800536 1.580093102545589
0.233 1.519289022056051 1.469663934632091 1.576666531475257
0.234 1.515904895759729 1.46649772058488 1.573222152100151
0.235 1.512507433146499 1.463313759965204 1.569759703356168
0.236 1.509096744778661 1.460112001230764 1.566278928557576
0.237 1.505672940345551 1.456892403235498 1.562779575924634
0.238 1.502236128667326 1.453654934442201 1.559261399108165
0.239 1.498786417698894 1.45039957210503 1.555724157710467
0.24 1.495323914533995 1.447126309627639 1.552167617802352
0.241 1.491848924488214 1.4438356388642 1.54859169048025
0.242 1.48836262852918 1.440529657095138 1.544997203772808
0.243 1.484865277080302 1.437208952818253 1.541384788005121
0.244 1.481356956345653 1.433873830280365 1.537754981862881
0.245 1.477837751952443 1.430524614719883 1.53410831582646
0.246 1.474307748950953 1.427161609009366 1.530445311747879
0.247 1.470767031814676 1.423785097788287 1.526766482486503
0.248 1.467215684440635 1.420395360522048 1.523072331598464
0.249 1.463653790149892 1.416992671896092 1.519363353075293
0.25 1.460081431688227 1.413577302167377 1.515640031127917
0.251 1.456498691226964 1.410149520686421 1.511902840012484
0.252 1.452905650363973 1.406709646601937 1.508154249529732
0.253 1.449302390124809 1.403257959145574 1.504394042236345
0.254 1.445688990963984 1.39979471318701 1.500621391212266
0.255 1.442065532766381 1.396320160404616 1.496836581552766
0.256 1.438432094848793 1.392834549424771 1.493040432578274
0.257 1.434788755961577 1.389338125932212 1.489234083004205
0.258 1.431135594290421 1.385831132753179 1.485416706434343
0.259 1.427472687458222 1.382313809913 1.481588690471459
0.26 1.423800112527062 1.378786394743716 1.477750413020379
0.261 1.420117946000282 1.375249122740953 1.473902221613301
0.262 1.416426263824647 1.371702225908333 1.470044457507221
0.263 1.412725141392593 1.368145933129878 1.466177470109922
0.264 1.409014653544558 1.364580470447476 1.462301599846681
0.265 1.40529487457139 1.361006060996209 1.458417178363677
0.266 1.401565878216826 1.357422924977658 1.454524528748907
0.267 1.397827737680034 1.353831319141479 1.450623965769879
0.268 1.39408052561823 1.350231493237092 1.446715796127296
0.269 1.390324314149338 1.34662366062813 1.44280031872399
0.27 1.386559174854725 1.343008031668617 1.438877824948334
0.271 1.382785178781971 1.339384813564635 1.434948598971405
0.272 1.379002396447701 1.335754210226303 1.431012918057121
0.273 1.375210897840456 1.33211642211058 1.42707105288456
0.274 1.371410752423607 1.328469656389095 1.4231232678817
0.275 1.36760202913831 1.324806290890976 1.419169821569703
0.276 1.3637847964065 1.321135332493109 1.415210966916925
0.277 1.359959122133911 1.317457685924923 1.411246951701758
0.278 1.356125073713141 1.313773546010894 1.407278018883347
0.279 1.352282718026729 1.310083103104081 1.403304406999267
0.28 1.348430764040675 1.306385234412403 1.39932456983803
0.281 1.344567151381024 1.30267790902559 1.395335675098746
0.282 1.340692288235145 1.298961360910193 1.391337945515562
0.283 1.336806617491657 1.29523584403094 1.38733165465354
0.284 1.332910573827923 1.291501608289586 1.383317071649746
0.285 1.329004583869381 1.287752182432506 1.379294461015367
0.286 1.325089066345385 1.283994092243411 1.375264082464861
0.287 1.321164432241661 1.280227847420629 1.3712261907709
0.288 1.317231084949463 1.27645368928035 1.367181035643936
0.289 1.313289420411493 1.272671856621258 1.363128861635212
0.29 1.309339827264686 1.268882585953803 1.359069908062008
0.291 1.30538268697992 1.265086111714858 1.355004408953974
0.292 1.301418373998733 1.261282666468236 1.35093259301941
0.293 1.297447255867114 1.257472481091487 1.346855357761371
0.294 1.293469693366453 1.253655784949312 1.342772761837721
0.295 1.289486040641689 1.249832806053994 1.338684507061245
0.296 1.285496645326762 1.245987295966922 1.334590771894913
0.297 1.281501848667401 1.242114000905297 1.330491741158063
0.298 1.277501985641327 1.238236029591488 1.326387611322646
0.299 1.273497385075931 1.234353656551282 1.322278573856118
0.3 1.269488369763479 1.230467113881517 1.318164815306254
0.301 1.265475256573922 1.22657663135538 1.314046517412087
0.302 1.261458356565337 1.222682436519249 1.309923865297579
0.303 1.257437975092085 1.218784754780077 1.305797038254091
0.304 1.253414411910718 1.214883809483616 1.301666204302255
0.305 1.249387961283704 1.210979821983789 1.297531527093762
0.306 1.245358912081004 1.207073011703414 1.293393166050577
0.3070000000000001 1.241327547879564 1.203163596186584 1.289251276510782
0.3080000000000001 1.237294147060765 1.199251791142896 1.285106009880481
0.309 1.233258982905881 1.195337810483805 1.280959208989651
0.31 1.229222323689584 1.191421866351282 1.276813906200643
0.311 1.225184432771553 1.187504169139034 1.272665548593511
0.312 1.221145568686214 1.183584927506487 1.268514272984883
0.313 1.21710598523067 1.179664348385728 1.264360213270522
0.314 1.213065931550852 1.175742636981654 1.260203500596514
0.315 1.209025652225935 1.17181999676549 1.256044263533904
0.316 1.204985387351058 1.167896629461926 1.251882628256594
0.317 1.200945372618383 1.1639727380222 1.247723880668486
0.318 1.196905839396538 1.16004852481293 1.243564179004969
0.319 1.192867014808476 1.15612422599553 1.239402358858221
0.32 1.188829121807775 1.15220006886344 1.235238526392608
0.321 1.184792379253438 1.148276241879673 1.231072786301164
0.322 1.180756354577029 1.144352387960904 1.226904617834795
0.323 1.176715281830098 1.140423680324895 1.222728442090963
0.324 1.172668083430472 1.136489238753607 1.218543354045743
0.325 1.168615168666237 1.132549432029293 1.214349895494549
0.326 1.164556939811404 1.128604622976056 1.210148599455988
0.327 1.160493792247455 1.124655168606921 1.205939990218734
0.328 1.156426114582552 1.120701420266065 1.201724583392893
0.329 1.152354288768451 1.116743723766371 1.19750288596545
0.33 1.148278690215168 1.112782419522469 1.193275396359529
0.331 1.144199687903458 1.108817842679357 1.189042604497093
0.332 1.140117644495143 1.104850323236782 1.184806539831861
0.333 1.136032916441336 1.100880186169481 1.180567245249517
0.334 1.131945854088612 1.096907751543408 1.176324061933691
0.335 1.127856801783165 1.092933334628061 1.172077445904474
0.336 1.123766097972996 1.088957246005025 1.167827845039597
0.337 1.119674075308175 1.084979791672819 1.163575699152992
0.338 1.115581060739208 1.081001273148169 1.159321440075408
0.339 1.111487375613571 1.077021987563788 1.155065491736982
0.34 1.107393335770421 1.073039852201493 1.150808270251608
0.341 1.10329925163355 1.069055478403981 1.146550184003029
0.342 1.099205428302596 1.065071232562815 1.142291633732568
0.343 1.095112165642562 1.061087397188685 1.138033598700481
0.344 1.091019758371677 1.057104250784179 1.133777918635213
0.345 1.086928496147621 1.053122067922564 1.129522922724089
0.346 1.082838663652169 1.049141119323708 1.125268981356305
0.347 1.078750540674266 1.045161671927219 1.121016457728719
0.348 1.074664402191574 1.041183988962864 1.116770333659949
0.349 1.070580518450536 1.037208330018339 1.112527148146375
0.35 1.066499155044955 1.033234951104472 1.108286495006887
0.351 1.062420572993154 1.029264104717912 1.104048708145567
0.352 1.058345028813722 1.025296039901377 1.099817431439925
0.353 1.054272774599886 1.021331002301525 1.095596465690231
0.354 1.050204058092531 1.01736923422451 1.091379275018796
0.355 1.046139122751899 1.013410941998702 1.087166135492846
0.356 1.042078207827996 1.009456246898093 1.082957251646975
0.357 1.038021548429729 1.005505419928212 1.07875294386119
0.358 1.033969375592794 1.001558693997296 1.074553498654616
0.359 1.029921916346356 0.997616299288453 1.070359196968263
0.36 1.025879393778524 0.9936784632882146 1.066170314265874
0.361 1.02184202710067 0.989745410878321 1.061987120635358
0.362 1.017810031710583 0.9858173649364489 1.057809880890806
0.363 1.013783619254519 0.9818945451792286 1.053638856187856
0.364 1.009762997688136 0.9779771974520091 1.049474300876127
0.365 1.005748371336353 0.974065567582674 1.045316462753081
0.366 1.001739940952153 0.9701598662485799 1.041165586585869
0.367 0.9977379037743498 0.9662603022991543 1.037021912385847
0.368 0.9937422019268811 0.9623668446480708 1.032885383381671
0.369 0.9897466879945754 0.9584737111958507 1.028748868189082
0.37 0.9857489511251889 0.9545786231533009 1.024609559544601
0.371 0.981749384326724 0.9506819433044129 1.02046790294598
0.372 0.9777483744565495 0.9467840289855999 1.016324353861507
0.373 0.9737463023163615 0.9428852321904803 1.012179403561165
0.374 0.9697435427455279 0.9389858996721047 1.008033477228263
0.375 0.965740464712838 0.9350863730427382 1.003886987503917
0.376 0.9617374314066994 0.9311869888712058 0.9997403403115124
0.377 0.9577348003238012 0.9272880787778935 0.9955939349229773
0.378 0.9537329233562787 0.92338996952745 0.9914481640254335
0.379 0.9497321468774065 0.9194929831192308 0.9873034132257188
0.38 0.9457328118258486 0.9155974368755437 0.983160058295787
0.381 0.9417352537884889 0.9117036435277532 0.9790184714052862
0.382 0.9377398030818761 0.9078119113002611 0.9748790197560718
0.383 0.9337467848323027 0.9039225439924341 0.9707420642911089
0.384 0.929756519054545 0.9000357474172614 0.9666079597636226
0.385 0.9257693207292925 0.8961517452221948 0.9624770548064293
0.386 0.9217854998792867 0.8922710026149968 0.9583497010952332
0.387 0.9178053616441959 0.8883938061944716 0.9542274351213358
0.388 0.9138292063542515 0.8845203872213342 0.9501109746851194
0.389 0.9098573296026621 0.880651072224594 0.9459990514479782
0.39 0.905890022316834 0.8767861230098106 0.9418919826356889
0.391 0.9019275708284213 0.8729258041605379 0.9377900798173354
0.392 0.8979702569422201 0.8690703660018276 0.9336936489766007
0.393 0.8940183580039334 0.865220070103271 0.9296029905831666
0.394 0.8900721469668271 0.8613751773671906 0.92551839966424
0.395 0.8861318924572982 0.8575359450916257 0.9214401658761828
0.396 0.8821978588393672 0.8537026270294369 0.9173685735762818
0.397 0.8782703062781291 0.8498754734457709 0.9133039018946153
0.398 0.8743494908021656 0.8460547311739495 0.9092464248060581
0.399 0.8704356643649521 0.8422406436697795 0.9051964112023919
0.4 0.8665290749052634 0.8384334510643474 0.9011541249645542
0.401 0.8626299664066104 0.8346333902152911 0.8971198250349982
0.402 0.8587385789557138 0.8308406947566037 0.8930937654901844
0.403 0.8548551488000391 0.8270555951469829 0.8890761956131993
0.404 0.8509799084044065 0.8232783187167536 0.885067359966493
0.405 0.8471130865066937 0.8195090897133984 0.8810674984647567
0.406 0.8432549081726461 0.8157480894141312 0.8770768464479212
0.407 0.839405594849814 0.8119954787396513 0.8730956348554488
0.408 0.8355653644206275 0.8082514738862048 0.8691240904056217
0.409 0.831734431254627 0.8045162887519904 0.8651624351560605
0.41 0.8279130062598667 0.8007901344820244 0.8612108868609303
0.411 0.8241012969335001 0.7970732195029113 0.8572696590682148
0.412 0.8202995074115647 0.7933657495562938 0.8533389611934157
0.413 0.8165078385179853 0.7896679277309869 0.8494189985933528
0.414 0.8127264878127983 0.7859799544938694 0.8455099726401205
0.415 0.8089556496396202 0.7823020277195153 0.8416120807951376
0.416 0.805195515172371 0.7786343427186184 0.8377255166833205
0.417 0.8014462724612625 0.7749770848473416 0.8338504701673746
0.418 0.7977071196453672 0.7713295071706625 0.8299860568749815
0.419 0.7939712443461774 0.7676853011075032 0.8261248794488997
0.42 0.7902375657596767 0.7640434529271614 0.8222657711108237
0.421 0.7865063870506714 0.7604042306688502 0.8184090673295851
0.422 0.7827780070353287 0.7567678988944272 0.8145550986468877
0.423 0.7790527202412127 0.753134718759521 0.8107041907253066
0.424 0.7753308169664106 0.7495049480829573 0.8068566643960063
0.425 0.7716125833377617 0.7458788414145532 0.8030128357062145
0.426 0.7678983013682128 0.7422566688050026 0.7991730159664138
0.427 0.7641882490133001 0.7386387230863892 0.7953378224202204
0.428 0.7604827002267884 0.7350252494870961 0.7915133155353936
0.429 0.7567819250154709 0.7314164884331771 0.7876936348168048
0.43 0.7530861894931478 0.727812677415611 0.7838790681183112
0.431 0.7493957559337963 0.7242140510478435 0.7800698989161587
0.4320000000000001 0.7457108828239464 0.7206200255887198 0.7762664063555853
0.4330000000000001 0.7420318249142774 0.7170307076232931 0.7724688652971752
0.4340000000000001 0.7383588332704428 0.713447291215149 0.7686775463629728
0.4350000000000001 0.7346921553231419 0.709870000637061 0.76489271598235
0.4360000000000001 0.7310320349174477 0.7062990575243407 0.7611146401896883
0.4370000000000001 0.7273787123614063 0.7027346809234606 0.7573436957617209
0.4380000000000001 0.7237324244739136 0.699177087339298 0.7535801934224575
0.4390000000000001 0.7200934046318892 0.6956264907810089 0.7498243832230234
0.4400000000000001 0.7164618828167552 0.6920831028065307 0.746076511118328
0.4410000000000001 0.7128380856602273 0.6885471350006129 0.742336819011632
0.4420000000000001 0.7092222364894398 0.685018827041785 0.7386055447989543
0.4430000000000001 0.7056145553714049 0.6814984567894046 0.7348829220891222
0.4440000000000001 0.7020152591568207 0.6779862441604844 0.7311691804771377
0.4450000000000001 0.6984245615232449 0.674482387757523 0.7274645460998321
0.4460000000000001 0.6948426730176332 0.6709870838247185 0.7237692412654472
0.4470000000000001 0.6912698010982614 0.6675005262850439 0.720083484495856
0.4480000000000001 0.6877061501760374 0.6640229067761939 0.7164074905703486
0.4490000000000001 0.6841519216552148 0.660554414685404 0.7127414705693385
0.4500000000000001 0.6806073139735166 0.6570952371831528 0.7090856319179993
0.4510000000000001 0.6770725226416769 0.6536455592557704 0.7054401784298506
0.452 0.6735477402824164 0.6502055637369423 0.7018053103502748
0.453 0.6700331566688492 0.6467753087728619 0.6981812243999934
0.454 0.6665289587623465 0.6433549209423318 0.6945681138185068
0.455 0.6630353307498468 0.6399447491570431 0.6909661684074961
0.456 0.6595524540806383 0.6365449782779358 0.6873755745741946
0.457 0.6560805075026117 0.6331557882012265 0.6837965153747388
0.458 0.6526196670979935 0.6297773494657067 0.6802302097283304
0.459 0.649170106318575 0.6264098306282619 0.6766769644162866
0.46 0.6457319960204322 0.6230533982873042 0.6731357622780673
0.461 0.6423055044981576 0.6197082171052285 0.6696067729022229
0.462 0.6388907975186029 0.6163744498299135 0.6660901627606958
0.463 0.6354880383541452 0.6130522573152775 0.6625860952520538
0.464 0.6320973878154809 0.6097417985409083 0.6590947307447377
0.465 0.6287190042839571 0.6064432306307724 0.6556162266202864
0.466 0.6253530437434467 0.6031567088710195 0.6521507373165739
0.467 0.6219996598117734 0.599882386726901 0.648698414371035
0.468 0.6186590037716978 0.5966204158588073 0.6452594064638916
0.469 0.6153312246014643 0.5933709090396195 0.6418338594613762
0.47 0.6120164690049225 0.5901340392508467 0.6384219164589495
0.471 0.6087146921658437 0.5869097907635697 0.6350235157505735
0.472 0.605420840920205 0.5836935024986315 0.6316332526269488
0.473 0.6021327550656355 0.580483175475957 0.6282488217094989
0.474 0.5988506293089363 0.5772789853030844 0.6248704326839976
0.475 0.5955746557481872 0.5740811053231153 0.6214982932636735
0.476 0.5923050239052866 0.5708897066512382 0.6181326083351552
0.477 0.5890419207580483 0.5677049582105638 0.6147735799073973
0.478 0.5857855307718629 0.5645270111450044 0.6114214071355697
0.479 0.5825360359309306 0.5613560444264761 0.608076286344946
0.48 0.57929361576907 0.5581922225386208 0.604738411054789
0.481 0.5760584474001136 0.5550357059925397 0.6014079720022382
0.482 0.5728307055478901 0.5518866532757433 0.5980851577548677
0.483 0.5696105625758061 0.5487452208841229 0.5947701548534428
0.484 0.5663981885160285 0.5456115675620319 0.5914634050737297
0.485 0.5631937510982746 0.542485862979357 0.5881653199490889
0.486 0.559997415778218 0.539368259627176 0.5848755723804274
0.487 0.556809345765515 0.5362589062889297 0.5815943406001284
0.488 0.5536297020514532 0.5331579498823019 0.5783219045588988
0.489 0.5504586434362349 0.5300655354877211 0.5750583334492371
0.49 0.5472963265558962 0.5269818063763161 0.5718037944379081
0.491 0.5441429059088669 0.5239069040373285 0.5685584521710955
0.492 0.5409985338821794 0.520840968204987 0.5653224681117707
0.493 0.537863360777329 0.5177841368274739 0.5620960012175547
0.494 0.5347375348357924 0.5147365411734617 0.5588792079649203
0.495 0.5316212022642103 0.511698312508359 0.5556722423733432
0.496 0.5285145072592344 0.5086695742447723 0.5524752560294975
0.497 0.52541759203205 0.5056504521988328 0.5492883981114777
0.498 0.5223305968325753 0.5026410765819067 0.5461118154130602
0.499 0.5192536599733422 0.4996415760321739 0.5429456523680072
0.5 0.5161869178530639 0.4966520821298708 0.5397900510744121
0.501 0.5131305049798942 0.4936727473221583 0.536645151319091
0.502 0.5100845539943831 0.4907036993290505 0.5335111263299388
0.503 0.5070491956921314 0.4877450597598179 0.5303881709697387
0.504 0.5040245590461507 0.4847969484476733 0.5272763178345446
0.505 0.5010107712289322 0.4818594609514091 0.5241756978665577
0.506 0.4980079576342286 0.4789325312008222 0.5210864410075514
0.507 0.4950162418985525 0.476016333252006 0.5180086743403201
0.508 0.4920357459223981 0.4731110935645068 0.5149425222492254
0.509 0.4890665898911853 0.4702169147489893 0.5118916623270189
0.51 0.4861088922959355 0.4673338976108843 0.5088567820908545
0.511 0.4831627699536788 0.4644621539538833 0.5058337704187447
0.512 0.4802283380276001 0.461601794682879 0.5028227417782659
0.513 0.4773057100469243 0.4587529294154311 0.4998238087253606
0.514 0.4743949979265452 0.455915662370199 0.4968370819287347
0.515 0.4714963119864059 0.4530900943996902 0.4938626701942456
0.516 0.4686097609706268 0.4502763315125224 0.490900680489286
0.517 0.4657354520663913 0.4474744785663718 0.487951217967167
0.518 0.4628734909225891 0.4446846392096506 0.4850143859914849
0.519 0.4600239816682228 0.4419069158948077 0.482090286160489
0.52 0.4571870269305771 0.4391414098911672 0.4791836855626413
0.521 0.4543627278531608 0.4363882212973061 0.4762900961065893
0.522 0.4515511841134165 0.4336474490529746 0.4734094811643541
0.523 0.4487524939402099 0.4309191909505715 0.4705419383255529
0.524 0.4459667541310924 0.4282035436461689 0.4676875589288075
0.525 0.4431940600693507 0.4255006026700949 0.4648464322840889
0.526 0.4404345057408361 0.4228104624370792 0.4620186461499516
0.527 0.4376881837505842 0.420133216255968 0.4592042867580476
0.528 0.4349539341424212 0.4174678293573239 0.4564021261615301
0.529 0.4322280584004335 0.4148109813209077 0.4536082779922695
0.53 0.4295103910225492 0.4121625234811053 0.4508225678228794
0.531 0.4268010250670978 0.4095225004935417 0.4480450927363512
0.532 0.4241000523572748 0.4068909915315254 0.4452759480465338
0.533 0.4214075634953269 0.4042681059514048 0.4425152277439391
0.534 0.4187236478765665 0.4016539191922482 0.4397630252684595
0.535 0.4160483937032095 0.3990485056289685 0.4370194328577878
0.536 0.4133818879980462 0.3964519385924187 0.4342845415537423
0.537 0.4107242166179427 0.393864290389087 0.431558441210147
0.538 0.4080754642671778 0.3912856323203934 0.4288412205007782
0.539 0.4054357145106154 0.3887160347016017 0.4261329669273844
0.54 0.4028050497867174 0.386155566880352 0.4234337668277693
0.541 0.400183551420396 0.3836042896628908 0.4207437053839324
0.542 0.3975712996357113 0.3810622651705313 0.4180628666302781
0.543 0.3949683735684121 0.3785295719295357 0.415391333461871
0.544 0.3923748512783264 0.3760062756137773 0.4127291876427513
0.545 0.3897908097615997 0.3734924410170704 0.4100765098142966
0.546 0.387216324962786 0.3709881320695916 0.4074333795036353
0.547 0.3846514717867914 0.3684934118539702 0.4047998751321052
0.548 0.3820963241106739 0.3660081700250711 0.4021760740237544
0.549 0.3795509547953015 0.3635258619879856 0.399562052413887
0.55 0.3770154356968669 0.3610533507097922 0.3969578854576482
0.551 0.3744898376782668 0.3585906980947521 0.3943636472386438
0.552 0.3719742306203419 0.3561379652649951 0.3917794107776035
0.553 0.3694686834329834 0.3536952125745315 0.3892052480410738
0.554 0.3669732640661044 0.3512624996229369 0.3866412299501461
0.555 0.3644880395204824 0.3488398852687122 0.3840874263892163
0.556 0.3620130758584686 0.3464274276423249 0.3815439062147802
0.5570000000000001 0.3595484382145727 0.3440251841589249 0.3790107372642498
0.5580000000000001 0.3570941908059191 0.3416332115307522 0.3764879863648078
0.5590000000000001 0.3546503969425785 0.3392515657792267 0.3739757193422838
0.5600000000000001 0.3522171190377778 0.336880302246727 0.3714740010300588
0.5610000000000001 0.3497944186179871 0.3345194756080625 0.3689828952779972
0.5620000000000001 0.3473823563328879 0.3321691398816373 0.366502464961402
0.5630000000000001 0.3449809919652217 0.3298293484403106 0.3640327720288075
0.5640000000000001 0.3425903844405238 0.3275001335769305 0.3615738775730188
0.5650000000000001 0.340210591836741 0.3251814909120517 0.3591258416082114
0.5660000000000001 0.3378416713937339 0.3228734703047087 0.3566887190862353
0.5670000000000001 0.3354836795226707 0.3205761245287265 0.3542625514056731
0.5680000000000001 0.3331366718153061 0.3182895058290389 0.3518473938166312
0.5690000000000001 0.3308007030531548 0.3160136659291808 0.3494433024423113
0.5700000000000001 0.3284758272165538 0.3137486560384217 0.3470503325319979
0.5710000000000001 0.3261620974936206 0.3114945268585365 0.3446685384702658
0.5720000000000001 0.3238595662891046 0.3092513285902094 0.3422979737861831
0.5730000000000001 0.3215682852331359 0.3070191109390782 0.3399386911625163
0.5740000000000001 0.3192883051898716 0.3047979231214194 0.3375907424449382
0.5750000000000001 0.3170196762660398 0.3025878138694724 0.3352541786512341
0.5760000000000001 0.3147624478193853 0.3003888314364088 0.3329290499805103
0.5770000000000001 0.3125166684670165 0.2982010236009393 0.3306154058223999
0.5780000000000001 0.3102823860936536 0.2960244376715741 0.328313294766278
0.5790000000000001 0.3080596478597833 0.2938591204905241 0.3260227646104703
0.58 0.3058485002097165 0.2917051184372526 0.3237438623714687
0.581 0.3036489888795528 0.2895624774316778 0.3214766342931475
0.582 0.3014611589050549 0.2874312429370284 0.3192211258559843
0.583 0.2992850546294286 0.2853114599623526 0.3169773817862817
0.584 0.2971207197110143 0.2832031730646859 0.3147454460653971
0.585 0.2949681971308905 0.2811064263508763 0.3125253619389731
0.586 0.2928275292003872 0.2790212634790696 0.3103171719261726
0.587 0.2906987559656877 0.2769477262857635 0.3081209159941707
0.588 0.2885804365331979 0.2748845848906411 0.3059349417633855
0.589 0.2864712972220294 0.2728307444852722 0.3037577989336729
0.59 0.2843713540994482 0.2707862139439598 0.301589516112602
0.591 0.2822806228955097 0.268751001770704 0.2994301215706854
0.592 0.2801991190069573 0.2667251161108729 0.2972796432378529
0.593 0.278126857501076 0.2647085647625727 0.2951381087001576
0.594 0.2760638531195013 0.2627013551877267 0.2930055451967115
0.595 0.2740101202819834 0.2607034945228696 0.2908819796168376
0.596 0.2719656730901076 0.258714989589666 0.2887674384974309
0.597 0.2699305253309716 0.2567358469051569 0.28666194802052
0.598 0.267904690480821 0.2547660726917484 0.2845655340110229
0.599 0.2658881817086407 0.2528056728869391 0.2824782219346887
0.6 0.2638810118797069 0.2508546531528 0.2804000368962143
0.601 0.2618831935590964 0.2489130188852136 0.2783310036375414
0.602 0.2598947390151568 0.2469807752228695 0.2762711465363116
0.603 0.2579156602229347 0.2450579270560304 0.2742204896044863
0.604 0.2559459688675665 0.2431444790350699 0.27217905648712
0.605 0.2539856763476286 0.2412404465368672 0.2701468704612847
0.606 0.2520347937784503 0.2393458503910829 0.2681239544351368
0.607 0.250093331995387 0.2374606943246162 0.2661103309471268
0.608 0.2481613015570575 0.2355834736036496 0.2641060221653433
0.609 0.2462387127485429 0.2337144181387034 0.262111049886991
0.61 0.2443255755845497 0.2318547929454204 0.2601254355379952
0.611 0.2424218998125361 0.2300046013103223 0.2581492001727338
0.612 0.2405276949158024 0.2281638463624263 0.25618236447389
0.613 0.2386429701165472 0.2263325310801117 0.2542249487524245
0.614 0.2367677343788873 0.2245106582977741 0.2522769729476647
0.615 0.2349019964118438 0.222698230712273 0.2503384566275096
0.616 0.2330457646722941 0.2208952508891675 0.2484094189887442
0.617 0.2311990473678905 0.2191011988087719 0.2464898788574683
0.618 0.2293618524599451 0.2173130806653965 0.2445798546896295
0.619 0.2275341876662826 0.2155344857471962 0.2426793645716696
0.62 0.2257160604640595 0.2137654162351842 0.2407884262212711
0.621 0.2239074780925532 0.2120058741923928 0.2389070569882147
0.622 0.2221084475559172 0.2102558615688321 0.2370352738553371
0.623 0.220318975625907 0.2085153802062512 0.2351730934395959
0.624 0.2185390688445742 0.2067844318427019 0.2333205319932361
0.625 0.2167687335269305 0.2050630181169087 0.2314776054050615
0.626 0.2150079757635811 0.2033511405724436 0.2296443292018079
0.627 0.213256801423329 0.2016488006617094 0.2278207185496224
0.628 0.2115152161557496 0.1999559997497311 0.2260067882556438
0.629 0.2097832253937364 0.1982727391177564 0.2242025527696899
0.63 0.2080608343560181 0.1965990199666653 0.2224080261860465
0.631 0.2063480480496465 0.1949348434201935 0.2206232222453684
0.632 0.2046448712724587 0.1932802105279622 0.2188481543366786
0.633 0.2029513086155083 0.1916351222683246 0.2170828961397167
0.634 0.2012673644654732 0.1899995795510196 0.2153284199839304
0.635 0.1995930430070326 0.1883735832196426 0.2135837045264619
0.636 0.1979283482252202 0.1867571340539247 0.2118487617525347
0.637 0.1962732839077498 0.1851502327718269 0.2101236033170094
0.638 0.194627853647315 0.183552880031446 0.2084082405469117
0.639 0.1929920608438634 0.1819650764327334 0.2067026844440728
0.64 0.1913659087068456 0.1803868225190258 0.2050069456878827
0.641 0.189749400257438 0.1788181187783898 0.2033210346381616
0.642 0.188142538330743 0.1772589656447762 0.2016449613381451
0.643 0.1865453255779617 0.1757093588440847 0.1999787355175925
0.644 0.184957764468546 0.1741688742332063 0.1983223665960127
0.645 0.1833798572923231 0.1726379431023717 0.1966758636860179
0.646 0.181811606161599 0.1711165658201329 0.1950392355967982
0.647 0.1802530130132379 0.1696047427009456 0.1934124908377264
0.648 0.178704079610718 0.1681024740051667 0.1917956376220931
0.649 0.1771648075461649 0.1666097599376787 0.1901886838709732
0.65 0.1756351155348172 0.1651265471063526 0.1885915064946456
0.651 0.1741143900918644 0.163652499997977 0.1870031485408785
0.652 0.1726024855432658 0.1621875168538197 0.1854234105740045
0.653 0.1710993765389698 0.1607315545465205 0.1838522932828204
0.654 0.169605037822384 0.1592845755234251 0.1822897837338528
0.655 0.1681194442299625 0.1578465424581056 0.1807358683586285
0.656 0.1666425706907959 0.1564174181367773 0.1791905336716904
0.657 0.1651743922262035 0.1549971654672904 0.1776537662635922
0.658 0.1637148839493262 0.1535857474878227 0.1761255527941066
0.659 0.1622640210647229 0.1521831273752732 0.174605879985627
0.66 0.1608217788679679 0.1507892684533762 0.1730947346167653
0.661 0.1593881327452498 0.1494041342005392 0.171592108147364
0.662 0.1579630581729729 0.1480276882574196 0.1700980409207586
0.663 0.1565465307173613 0.1466598944342405 0.168612459709064
0.664 0.1551385260340621 0.1453007090313653 0.1671353515749933
0.665 0.1537390198677544 0.1439500880498714 0.1656667036030287
0.666 0.1523479880517563 0.1426079962647205 0.1642065028942486
0.667 0.1509654065076365 0.1412743994405828 0.1627547365612983
0.668 0.1495912512448264 0.1399492711359096 0.1613113917235033
0.669 0.1482254983602345 0.1386325788022996 0.1598764555021232
0.67 0.1468681240378622 0.1373242878158652 0.1584499150157405
0.671 0.145519104548422 0.1360243637651286 0.1570317573757827
0.672 0.1441784162489573 0.1347327724564772 0.1556219696821739
0.673 0.1428460355824636 0.1334494799194027 0.1542205390191169
0.674 0.1415219390775121 0.1321744524115273 0.1528274524509983
0.675 0.1402061033478748 0.1309076564234196 0.151442697018422
0.676 0.1388985050921513 0.1296490586831963 0.1500663863720756
0.6769999999999999 0.1375991210933976 0.1283986261609179 0.148698400924962
0.6779999999999999 0.1363079282187561 0.1271563260727689 0.1473387083843815
0.6789999999999999 0.1350249034190887 0.1259221258850299 0.1459872956743735
0.6799999999999999 0.1337500237286102 0.1246959933178359 0.1446441496720579
0.6809999999999999 0.1324832662645238 0.1234778963487209 0.1433092572044274
0.6819999999999999 0.131224608226659 0.1222678032159467 0.1419826050452586
0.6829999999999999 0.1299740268971108 0.1210656824216121 0.1406641799121403
0.6839999999999999 0.1287314996398802 0.1198715027345425 0.1393539684636228
0.6849999999999999 0.127497003900517 0.1186852331606279 0.1380519572964868
0.6859999999999999 0.1262705172057644 0.1175068384254599 0.136758132943135
0.6869999999999999 0.125052017163205 0.1163362849358592 0.1354724818691098
0.6879999999999999 0.1238414814609079 0.1151735426577744 0.1341949904707363
0.6889999999999999 0.122638887867079 0.114018581828205 0.1329256451047165
0.6899999999999999 0.1214442142297118 0.112871372956806 0.1316644321327008
0.6909999999999999 0.1202574384762397 0.111731886827236 0.1304113377382815
0.6919999999999999 0.1190785386131912 0.1106000944982414 0.1291663480181421
0.6929999999999999 0.1179074927258456 0.1094759673044726 0.1279294489899784
0.694 0.1167442789778907 0.1083594768570242 0.1267006265909635
0.695 0.1155888756110826 0.1072505950436946 0.1254798666763664
0.696 0.1144412609449061 0.1061492940289589 0.1242671550183242
0.697 0.1133014133762381 0.1050555462536452 0.1230624773047736
0.698 0.1121693113790113 0.1039693244343116 0.1218658191385476
0.699 0.1110449335038806 0.1028906015623148 0.1206771660366424
0.7 0.10992825837789 0.101819350902562 0.1194965034296587
0.701 0.1088192647041424 0.1007555459919413 0.1183238166614239
0.702 0.10771793126147 0.09969916063742225 0.1171590909888025
0.703 0.1066242369041064 0.09865016891381831 0.1160023115816982
0.704 0.1055381605613608 0.09760854516120444 0.1148534635232551
0.705 0.1044596812372933 0.09657426398198309 0.1137125317869839
0.706 0.103388778010392 0.09554730023758953 0.1125794998704154
0.707 0.1023254300332515 0.09452762904483006 0.1114543517950816
0.708 0.1012696165322531 0.09351522577184644 0.1103370723443584
0.709 0.1002213168072461 0.09251006603369621 0.109227646220461
0.71 0.09918051023123174 0.09151212568754588 0.1081260579931019
0.711 0.09814717625004724 0.09052138082746583 0.1070322939156272
0.712 0.09712129438205246 0.08953780766458737 0.1059463418114866
0.713 0.09610284421781731 0.08856137973928932 0.1048686804889797
0.714 0.09509180541981159 0.08759207384050863 0.1038005679229576
0.715 0.09408816411116327 0.08662987664144293 0.1027401910924197
0.716 0.09309237494795564 0.08567546558436116 0.1016877676850413
0.717 0.09210468226889307 0.08472921974261838 0.10064339482471
0.718 0.09112502344624551 0.08379106954239365 0.09960701926380419
0.719 0.09015333626790073 0.08286090376951426 0.09857858901526524
0.72 0.08918955893429326 0.08193865497308198 0.09755805288370806
0.721 0.08823363005535879 0.08102429916670001 0.09654536004564471
0.722 0.08728548864751516 0.08011776806127903 0.095540460040932
0.723 0.08634507413066794 0.07921899386484182 0.09454330276433326
0.724 0.08541232632524187 0.07832790918124219 0.09355383845718682
0.725 0.08448718544923747 0.07744444698169621 0.09257201769917647
0.726 0.08356959211531183 0.07656854057950846 0.09159779140019947
0.727 0.08265948732788446 0.07570012400864813 0.09063111096064616
0.728 0.08175681248026745 0.07483913167450848 0.08967193167912665
0.729 0.08086150935181935 0.07398549820186913 0.08872020688948341
0.73 0.07997352010512324 0.07313915863096254 0.08777588895989927
0.731 0.07909278728318841 0.07230004842039482 0.08683893267363858
0.732 0.07821925380667512 0.07146810344996295 0.08590928793660277
0.733 0.0773528629711431 0.07064326002337358 0.08498690766626446
0.734 0.07649355844432243 0.06982545485547133 0.08407174504899433
0.735 0.07564128426340752 0.06901462478722868 0.08316375353256317
0.736 0.07479598483237344 0.06821070728239147 0.08226288681870977
0.737 0.07395760491931481 0.06741364036513167 0.08136909885577404
0.738 0.07312608965380639 0.06662336249611804 0.0804823438313943
0.739 0.07230138452428586 0.06583981257468441 0.07960257616527014
0.74 0.07148343537545829 0.06506292994090664 0.07872975050198741
0.741 0.07067218840572187 0.06429265442395039 0.07786382170391107
0.742 0.06986759016461508 0.06352893636911149 0.07700474484414162
0.743 0.06906958755028497 0.06277172383131105 0.07615247519954121
0.744 0.06827812780697609 0.06202095749963404 0.07530696824382839
0.745 0.06749315852254047 0.06127657852039493 0.07446817964074536
0.746 0.06671462762596751 0.06053852849839812 0.07363606523730078
0.747 0.06594248338493502 0.05980674949810856 0.07281058105709053
0.748 0.06517667440337939 0.05908118404473035 0.07199171851214574
0.749 0.06441714961908647 0.0583617751251894 0.07117956721499415
0.75 0.06366385830130158 0.05764846618901724 0.0703739140929306
0.751 0.06291675004835967 0.0569412011491326 0.06957471566481778
0.752 0.06217577478533418 0.05623992438251604 0.06878192860612098
0.753 0.06144088276170568 0.05554458073077417 0.0679955097427761
0.754 0.06071202454904906 0.05485511550058775 0.06721541604517617
0.755 0.0599891510387399 0.05417147446403896 0.06644160462228518
0.756 0.05927221343967917 0.05349359709999055 0.0656740327158864
0.757 0.05856116327603667 0.05282142222671181 0.0649126576915906
0.758 0.05785595238501266 0.05215489728720107 0.064157437025307
0.759 0.05715653291461761 0.05149397021451499 0.06340832832283011
0.76 0.05646285732147009 0.05083858941593209 0.06266528930308506
0.761 0.05577487836861208 0.05018870377245405 0.06192827779138928
0.762 0.05509254912334249 0.04954426263812842 0.0611972517147033
0.763 0.05441582295506758 0.04890521583918604 0.06047216909708702
0.764 0.05374465353316913 0.04827151337292058 0.05975298907715011
0.765 0.0530789948248896 0.0476431061958957 0.05903967209907593
0.766 0.05241880109323421 0.04701994582396805 0.05833217645150103
0.767 0.05176402689488999 0.04640198395560796 0.0576304605290742
0.768 0.05111462707816158 0.04578917275408023 0.05693448275366772
0.769 0.05047055678092339 0.0451814648452782 0.05624420157106126
0.77 0.04983177142858831 0.04457881331530781 0.05555957550416522
0.771 0.04919822673209253 0.04398117170736697 0.0548805631505166
0.772 0.0485698786858965 0.0433884938662558 0.05420712318011016
0.773 0.04794668356600203 0.04280073412225111 0.05353921433358125
0.774 0.04732859792798478 0.04221784737846666 0.05287679542075613
0.775 0.0467155786050428 0.04163978898182739 0.05221982531958641
0.776 0.04610758270606036 0.04106651471895252 0.05156826297548434
0.777 0.04550456761368733 0.04049798081171957 0.05092206740107567
0.778 0.04490649098243356 0.03993413969961802 0.05028119767638659
0.779 0.04431331073677854 0.03937492669191512 0.0496456129494823
0.78 0.04372498506929604 0.03882029701000744 0.04901527243757487
0.781 0.04314147243879345 0.03827020946414292 0.04839013869577143
0.782 0.04256273156846591 0.03772462329156074 0.04777017051785403
0.783 0.04198879013155062 0.03718357344862405 0.0471553874087022
0.784 0.0414211504519913 0.03664871220594235 0.04654716166950116
0.785 0.04086037194417248 0.03612065918148669 0.04594599841590337
0.786 0.04030636457195852 0.03559932277410257 0.04535180718722615
0.787 0.03975903890929018 0.03508461214731138 0.04476449440725964
0.788 0.03921830613586215 0.03457643703475664 0.04418396864256473
0.789 0.03868407803283497 0.03407470773941015 0.04361014138543609
0.79 0.0381562669785809 0.03357933513274386 0.04304292474358709
0.791 0.0376347859444638 0.0330902306538673 0.04248223143336327
0.792 0.03711954849065231 0.03260730650116531 0.04192797477302382
0.793 0.03661046876196627 0.0321304769663463 0.04138006867609057
0.794 0.0361074614837561 0.03165965591988737 0.04083842764476475
0.795 0.03561044195781467 0.03119475862048215 0.04030296676341168
0.796 0.03511932605832159 0.03073569961989376 0.03977360169211356
0.797 0.03463403022781933 0.03028239377610278 0.0392502560400899
0.798 0.03415447147322128 0.02983475650328592 0.03873284176778929
0.799 0.03368056736185115 0.02939257749936039 0.03822127329896599
0.8 0.03321223601751347 0.02895589405967477 0.03771546854417329
0.801 0.03274939611659514 0.02852462345214609 0.03721534595818216
0.802 0.03229196688419747 0.02809868345656286 0.03672082453395385
0.803 0.0318398680902986 0.02767799240257844 0.03623182379668297
0.8039999999999999 0.03139302004594603 0.02726230424033814 0.03574826379791301
0.8049999999999999 0.03095134359947871 0.02685163117293975 0.0352700651097244
0.8059999999999999 0.03051476013277927 0.02644596776359267 0.03479714881899604
0.8069999999999999 0.03008319155755482 0.02604523457647342 0.03432943652174193
0.8079999999999999 0.02965656031164725 0.02564935271701699 0.0338668503175223
0.8089999999999999 0.02923478935537208 0.02525824383032964 0.03340931280393257
0.8099999999999999 0.0288178021678859 0.02487183009957108 0.03295674707116926
0.8109999999999999 0.02840552274358217 0.02449003424430635 0.03250907669667533
0.8119999999999999 0.02799787558851478 0.02411277951882606 0.03206622573986609
0.8129999999999999 0.02759478571684962 0.02373998971043365 0.03162811873693667
0.8139999999999999 0.02719617864734359 0.02337158913769891 0.03119468069575319
0.8149999999999999 0.02680198039985085 0.02300750264867615 0.03076583709082886
0.8159999999999999 0.02641211749185624 0.02264765561908554 0.03034151385838676
0.8169999999999999 0.02602651693503531 0.02229197532832125 0.02992163739151148
0.8179999999999999 0.0256451062318412 0.02194039454723022 0.02950613461954065
0.819 0.02526781337211755 0.0215928407986136 0.02909493437653921
0.82 0.02489456682973782 0.021249241298072 0.02868796495411228
0.821 0.02452529555927033 0.02090952377960328 0.0282851544975353
0.822 0.02415992899266894 0.02057361646445642 0.02788643158376296
0.823 0.02379839703598931 0.02024144717052023 0.02749172521715128
0.824 0.02344063006613023 0.01991294473856796 0.02710096482528532
0.825 0.0230865589276001 0.01958803898438291 0.0267140802549161
0.826 0.02273611492930798 0.01926666023223433 0.02633100176800901
0.827 0.02238922984137954 0.01894873931251334 0.02595166003790692
0.828 0.02204583589199696 0.01863420755930702 0.02557610937315296
0.829 0.02170586576426334 0.01832299680790697 0.02520419997202026
0.83 0.02136925259309084 0.01801503939224897 0.0248358167547684
0.831 0.02103592996211264 0.01771026814228017 0.02447089206248982
0.832 0.02070583190061837 0.0174086163812505 0.02410935862897492
0.833 0.02037889288051292 0.0171100179229233 0.02375114957766371
0.834 0.02005504781329836 0.01681440706870199 0.02339619841873768
0.835 0.0197342320470788 0.01652171860466769 0.0230444390463554
0.836 0.01941638136358792 0.01623188779852353 0.02269587181100653
0.837 0.01910143197523919 0.01594485039644041 0.02235068401724321
0.838 0.01878932052219819 0.01566053937595749 0.02200847450877904
0.839 0.01847998406947738 0.01537888658073407 0.02166917885374476
0.84 0.01817336010405258 0.0150998294159569 0.02133273299908138
0.841 0.01786938653200137 0.01482330580778293 0.02099907326872457
0.842 0.01756800167566307 0.01454925414143708 0.02066813636196894
0.843 0.01726914427082009 0.01427761325735879 0.02033985935201886
0.844 0.01697275346390051 0.0140083224472056 0.02001417968473216
0.845 0.01667876880920173 0.01374132144970676 0.01969103517756367
0.846 0.01638713026613505 0.01347655044635928 0.01937036401871655
0.847 0.01609777819649079 0.01321395005695839 0.01905210476650851
0.848 0.01581065336172404 0.01295346133495428 0.01873619634896222
0.849 0.01552569692026081 0.01269502576262601 0.01842257806362824
0.85 0.01524285042482411 0.01243858524606367 0.01811118957765039
0.851 0.01496205581978041 0.01218408210994869 0.01780197092808365
0.852 0.01468325543850556 0.01193145909212234 0.01749486252247574
0.853 0.01440639200077058 0.01168065933793123 0.01718980510333987
0.854 0.01413254391912985 0.0114329397197006 0.01688774062619756
0.855 0.01386285551085669 0.011189628290567 0.01658967487395243
0.856 0.01359727208437382 0.01095066192646999 0.01629556032404817
0.857 0.01333573906457484 0.01071597262930985 0.0160053449555603
0.858 0.0130782022194117 0.01048550330133705 0.0157189845205473
0.859 0.01282460765765494 0.01025918763244672 0.01543643306566242
0.86 0.01257490182667042 0.01003696071192417 0.01515764431668634
0.861 0.01232903151021241 0.009818760828894954 0.01488257250810195
0.862 0.01208694382623266 0.00960452638357363 0.01461117237082955
0.863 0.01184858622470551 0.00939419589886956 0.01434339912039423
0.864 0.0116139064854689 0.009187708031369667 0.01407920844550733
0.865 0.01138285271608106 0.008985001581728162 0.01381855649704526
0.866 0.0111553733496928 0.008786015504491216 0.0135613998774086
0.867 0.01093141714293534 0.008590688917383606 0.01330769563024551
0.868 0.01071093317382336 0.008398961110083628 0.01305740123052409
0.869 0.0104938708396734 0.008210771552510647 0.01281047457493848
0.87 0.01028017985503729 0.008026059902649322 0.01256687397263434
0.871 0.01006981024965049 0.007844766013932906 0.01232655813624
0.872 0.009862712366395406 0.007666829942207238 0.01208948617318963
0.873 0.009658836859279357 0.007492191952295999 0.01185561757732571
0.874 0.009458134691427145 0.007320792524186536 0.01162491222076836
0.875 0.009260557133088113 0.007152572358855174 0.01139733034603984
0.876 0.009066055759657609 0.006987472383749146 0.01117283255843252
0.877 0.008874582449712657 0.006825433757942189 0.01095137981860965
0.878 0.008686089383061786 0.006666397876979292 0.01073293343542833
0.879 0.008500529038808897 0.006510306362883888 0.01051745501377416
0.88 0.008317854193430984 0.006357100935704121 0.01030490647109196
0.881 0.008138017918869707 0.006206723860144772 0.01009525015908661
0.882 0.007960973580636608 0.006059117522492313 0.009888448744688029
0.883 0.007786674835931927 0.005914224565423268 0.009684465179156859
0.884 0.007615075631776861 0.005771987891270034 0.009483262722901932
0.885 0.007446130203159186 0.005632350665061405 0.009284804939607727
0.886 0.007279793071192114 0.005495256317346996 0.009089055690517028
0.887 0.007116019041286314 0.005360648546813223 0.008895979128862133
0.888 0.006954763201334935 0.005228471322698098 0.008705539694439206
0.889 0.006795980919911578 0.005098668887010838 0.008517702108320403
0.89 0.006639627844481091 0.004971185756561567 0.00833243136767344
0.891 0.006485659899623079 0.004845966876117352 0.008149692735773916
0.892 0.006334033285268032 0.004722957527920232 0.00796945174351631
0.893 0.006184704474945991 0.004602103032625338 0.007791674187013577
0.894 0.006037630214047604 0.004483348992935629 0.007616326119133477
0.895 0.005892767518097527 0.004366641297183256 0.00744337384496667
0.896 0.005750073671040017 0.004251926120144691 0.007272783917416061
0.897 0.005609506223536696 0.004139149923682997 0.007104523132908659
0.898 0.00547102299127628 0.004028259457213073 0.006938560872844177
0.899 0.00533458205329629 0.003919201757984068 0.006774863888818474
0.9 0.005200141750316579 0.003811924042495231 0.006613397716681345
0.901 0.005067660683084587 0.003706373889534036 0.006454130102713338
0.902 0.004937097710732277 0.003602499396237305 0.006297029016432152
0.903 0.004808411949144607 0.003500248749388019 0.006142062647182707
0.904 0.004681562769339455 0.003399570422039349 0.005989199417790597
0.905 0.004556509795858947 0.003300413172479915 0.005838407987160869
0.906 0.00443321290517205 0.003202726022291103 0.005689657186469211
0.907 0.004311632224088375 0.003106458123656813 0.005542916053247127
0.908 0.004191728128183051 0.0030115590419051 0.005398153830604251
0.909 0.004073461240232668 0.002917978655660102 0.005255339965033849
0.91 0.003956792428662115 0.00282566711498339 0.005114444104499559
0.911 0.003841682806002283 0.002734574838074117 0.004975436150446547
0.912 0.003728093727358505 0.002644652507470585 0.004838286713628363
0.913 0.003615986788889722 0.002555851065712953 0.004702966182846657
0.914 0.003505323826298172 0.002468121710424956 0.004569444990966265
0.915 0.003396066913329654 0.002381415888771938 0.004437693767288431
0.916 0.003288178360284168 0.002295685291252058 0.004307683337977659
0.917 0.003181620712536941 0.002210881844779038 0.004179384727055934
0.918 0.003076356749069688 0.00212695770501732 0.004052769158021017
0.919 0.002972349481012075 0.002043865247935042 0.00392780805614849
0.92 0.00286956215019328 0.001961557060547282 0.003804473051539541
0.921 0.002767958227703574 0.001879985930831479 0.003682735982977541
0.922 0.002667501412465861 0.001799104836810151 0.003562568902656447
0.923 0.002568155629817097 0.001718866934812777 0.003443944081842108
0.924 0.00246988503009947 0.001639225546950269 0.003326834017523684
0.925 0.002372653987261328 0.001560134147861617 0.003211211440105332
0.926 0.002276785059849407 0.001481917864756344 0.0030973999528929
0.927 0.002184223741455486 0.001406595665540217 0.002987304574607793
0.928 0.002095196207526331 0.001334416323038814 0.002881133805595104
0.929 0.002009617244052901 0.001265306195797514 0.002778790446519997
0.93 0.001927402158370301 0.001199192272176636 0.002680178239532235
0.931 0.001848466775952421 0.00113600168370479 0.002585201388588253
0.9320000000000001 0.001772727437228448 0.00107566191411158 0.002493764695293192
0.9329999999999999 0.00170010099442112 0.001018100792695171 0.002405773786654469
0.9339999999999999 0.001630504808406497 0.0009632464879971578 0.002321135002900567
0.9349999999999999 0.001563856745595204 0.000911027501810499 0.002239755379382177
0.9359999999999999 0.001500075174834815 0.0008613726635445905 0.00216154264602248
0.9369999999999999 0.00143907896433335 0.0008142111249698726 0.002086405224036295
0.9379999999999999 0.001380787478603666 0.0007694720792257016 0.002014251945322399
0.9389999999999999 0.001325120575428589 0.0007270850929749878 0.00194499247470935
0.9399999999999999 0.001271998602846633 0.0006869804443415011 0.001878537416189207
0.9409999999999999 0.001221342396158153 0.0006490885906392225 0.001814798032835242
0.9419999999999999 0.001173073274951761 0.0006133402874092515 0.00175368624158766
0.9429999999999999 0.001127113040150868 0.0005796665857799451 0.001695114634105764
0.944 0.00108338397108019 0.0005479988303129142 0.001638996472700632
0.945 0.001041808822552062 0.0005182686573370056 0.001585245685811561
0.946 0.001002310821972422 0.0004904079937694513 0.001533776863029372
0.947 0.0009648136664663052 0.0004643490564204683 0.001484505249672425
0.948 0.0009292415200227075 0.0004400243517747711 0.001437346740923911
0.949 0.0008955190106586585 0.0004173666762406705 0.00139221787554159
0.95 0.0008635712276023802 0.000396309116854771 0.00134903582915361
0.951 0.0008333237184953673 0.0003767850524277271 0.001307718407156371
0.952 0.0008047024866132558 0.0003587281551141226 0.001268184037232625
0.953 0.000777633988105339 0.0003420723923872579 0.001230351761510007
0.954 0.0007520451292525819 0.0003267520293975803 0.001194141228382069
0.955 0.000727863263744004 0.0003127016316915148 0.001159472684015554
0.956 0.0007050161899712888 0.0002998560682658046 0.00112626696356918
0.957 0.0006834321483414806 0.0002881505149308591 0.001094445482150479
0.958 0.0006630398186076353 0.000277520457955333 0.001063930225538426
0.959 0.0006437683172172909 0.0002679016979629702 0.001034643740700459
0.96 0.0006255471946786217 0.0002592303540518356 0.001006509126133349
0.961 0.0006083064329441447 0.0002514428681052963 0.0009794500220578618
0.962 0.00059197644281185 0.0002444760092635815 0.000953390600497639
0.963 0.000576488061343616 0.0002382668785243826 0.0009282555552729023
0.964 0.0005617725493007947 0.0002327529134408039 0.0009039700919396766
0.965 0.0005477615885968213 0.000227871892884982 0.0008804599177051169
0.966 0.000534387279766739 0.0002235619418458998 0.0008576512313492803
0.967 0.0005215821394534954 0.0002197615362302766 0.0008354707131832638
0.968 0.000509279097910903 0.0002164095076359794 0.0008138455150731162
0.969 0.0004974114965231236 0.0002134450480680581 0.0007927032505581986
0.97 0.0004859130853405686 0.0002108077145683923 0.0007719719850919172
0.971 0.0004747180206320798 0.0002084374337308899 0.0007515802264317591
0.972 0.0004637608624532799 0.0002062745060753472 0.0007314569152045637
0.973 0.0004529765722309704 0.0002042596102542902 0.0007115314156717605
0.974 0.0004423005103634514 0.0002023338070685272 0.0006917335067180805
0.975 0.000431668433836656 0.0002004385432686077 0.000671993373085891
0.976 0.0004210164938559777 0.0001985156551209717 0.0006522415968758696
0.977 0.0004102812334936703 0.0001965073717192545 0.0006324091493332569
0.978 0.0003993995853517152 0.0001943563180229595 0.0006124273829373684
0.979 0.0003883088692400269 0.0001920055176075405 0.000592228023810477
0.98 0.0003769467898699096 0.0001893983951118222 0.0005717431644606096
0.981 0.0003652514345626192 0.0001864787783705884 0.0005509052568712163
0.982 0.0003531612709729454 0.0001831909002221427 0.0005296471059492511
0.983 0.0003406151448276977 0.0001794793999825871 0.0005079018633418868
0.984 0.0003275522776789763 0.000175289324580503 0.0004856030216310972
0.985 0.0003139122646721312 0.0001705661293476376 0.0004626844089149233
0.986 0.0002996350723282893 0.0001652556784629701 0.0004390801833816687
0.987 0.0002846610363413694 0.0001593042450492423 0.0004147248211256716
0.988 0.000268930859389436 0.0001526584818031089 0.0003895531277753996
0.989 0.0002523856089603246 0.000145265564873547 0.0003635002822105463
0.99 0.0002349667151914264 0.000137072999016109 0.0003365017402524649
0.991 0.0002166159687235108 0.0001280286716443952 0.0003084932378163162
0.992 0.0001972755185685029 0.0001180808719907182 0.0002794108186906929
0.993 0.0001768878699911102 0.0001071782890912163 0.0002491908339092868
0.994 0.0001553958824041899 9.527000933633357e-05 0.0002177699433596079
0.995 0.0001327427672777692 8.230551339242047e-05 0.0001850851222457733
0.996 0.0001088720860616059 6.823467188948312e-05 0.0001510736811922127
0.997 8.372774812119936e-05 5.300773763168108e-05 0.0001156733264688439
0.998 5.725400868715735e-05 3.657532314101313e-05 7.882239323404896e-05
0.999 2.939546681781359e-05 1.888826438866514e-05 4.046149544444664e-05
1 9.7063375e-08 -1.397235881992737e-07 7.322171048459786e-07
