#x Gluon Gluon_error
0.001 -0.568725
0.00100692 -0.565151
0.0010139 -0.561571
0.00102092 -0.557986
0.00102799 -0.554394
0.00103511 -0.550796
0.00104227 -0.547192
0.00104949 -0.543582
0.00105676 -0.539966
0.00106408 -0.536344
0.00107145 -0.532717
0.00107886 -0.529083
0.00108634 -0.525444
0.00109386 -0.521798
0.00110143 -0.518148
0.00110906 -0.514491
0.00111674 -0.510828
0.00112447 -0.50716
0.00113226 -0.503487
0.0011401 -0.499807
0.001148 -0.496123
0.00115594 -0.492432
0.00116395 -0.488736
0.00117201 -0.485035
0.00118013 -0.481328
0.0011883 -0.477616
0.00119653 -0.473898
0.00120481 -0.470175
0.00121315 -0.466447
0.00122156 -0.462713
0.00123001 -0.458974
0.00123853 -0.45523
0.00124711 -0.45148
0.00125574 -0.447726
0.00126444 -0.443966
0.0012732 -0.440201
0.00128201 -0.436431
0.00129089 -0.432656
0.00129983 -0.428877
0.00130883 -0.425092
0.00131789 -0.421302
0.00132702 -0.417507
0.00133621 -0.413707
0.00134546 -0.409903
0.00135478 -0.406093
0.00136416 -0.402279
0.00137361 -0.39846
0.00138312 -0.394636
0.0013927 -0.390808
0.00140234 -0.386975
0.00141205 -0.383137
0.00142183 -0.379294
0.00143167 -0.375447
0.00144159 -0.371596
0.00145157 -0.36774
0.00146162 -0.363879
0.00147174 -0.360014
0.00148194 -0.356145
0.0014922 -0.352271
0.00150253 -0.348393
0.00151293 -0.34451
0.00152341 -0.340623
0.00153396 -0.336732
0.00154458 -0.332836
0.00155528 -0.328936
0.00156605 -0.325032
0.00157689 -0.321124
0.00158781 -0.317212
0.00159881 -0.313296
0.00160988 -0.309375
0.00162103 -0.305451
0.00163225 -0.301522
0.00164355 -0.297589
0.00165494 -0.293653
0.0016664 -0.289712
0.00167794 -0.285768
0.00168955 -0.28182
0.00170125 -0.277867
0.00171303 -0.273911
0.0017249 -0.269952
0.00173684 -0.265988
0.00174887 -0.262021
0.00176098 -0.25805
0.00177317 -0.254075
0.00178545 -0.250097
0.00179782 -0.246115
0.00181027 -0.242129
0.0018228 -0.23814
0.00183542 -0.234147
0.00184813 -0.230151
0.00186093 -0.226151
0.00187382 -0.222148
0.00188679 -0.218141
0.00189986 -0.214131
0.00191301 -0.210118
0.00192626 -0.206101
0.0019396 -0.202081
0.00195303 -0.198057
0.00196656 -0.19403
0.00198017 -0.19
0.00199389 -0.185967
0.00200769 -0.18193
0.0020216 -0.177891
0.00203559 -0.173848
0.00204969 -0.169802
0.00206388 -0.165753
0.00207818 -0.161701
0.00209257 -0.157646
0.00210706 -0.153587
0.00212165 -0.149526
0.00213634 -0.145462
0.00215113 -0.141395
0.00216603 -0.137325
0.00218103 -0.133252
0.00219613 -0.129176
0.00221134 -0.125097
0.00222665 -0.121016
0.00224207 -0.116932
0.0022576 -0.112844
0.00227323 -0.108755
0.00228897 -0.104662
0.00230482 -0.100567
0.00232078 -0.0964687
0.00233685 -0.092368
0.00235303 -0.0882647
0.00236933 -0.0841588
0.00238574 -0.0800503
0.00240226 -0.0759392
0.00241889 -0.0718256
0.00243564 -0.0677094
0.00245251 -0.0635907
0.00246949 -0.0594696
0.00248659 -0.0553459
0.00250381 -0.0512199
0.00252115 -0.0470914
0.00253861 -0.0429605
0.00255619 -0.0388273
0.00257389 -0.0346917
0.00259171 -0.0305537
0.00260966 -0.0264135
0.00262773 -0.022271
0.00264592 -0.0181261
0.00266425 -0.0139791
0.0026827 -0.00982979
0.00270127 -0.00567829
0.00271998 -0.0015246
0.00273881 0.00263126
0.00275778 0.00678927
0.00277688 0.0109494
0.0027961 0.0151117
0.00281547 0.019276
0.00283496 0.0234424
0.00285459 0.0276109
0.00287436 0.0317814
0.00289427 0.035954
0.00291431 0.0401285
0.00293449 0.044305
0.00295481 0.0484835
0.00297527 0.0526639
0.00299587 0.0568462
0.00301662 0.0610305
0.00303751 0.0652166
0.00305854 0.0694047
0.00307972 0.0735945
0.00310105 0.0777863
0.00312252 0.0819798
0.00314414 0.0861752
0.00316592 0.0903723
0.00318784 0.0945712
0.00320991 0.0987719
0.00323214 0.102974
0.00325452 0.107178
0.00327706 0.111384
0.00329975 0.115592
0.0033226 0.119801
0.00334561 0.124012
0.00336878 0.128225
0.00339211 0.132439
0.0034156 0.136655
0.00343925 0.140872
0.00346306 0.145091
0.00348704 0.149312
0.00351119 0.153534
0.00353551 0.157758
0.00355999 0.161983
0.00358464 0.16621
0.00360946 0.170438
0.00363446 0.174668
0.00365962 0.178899
0.00368497 0.183132
0.00371048 0.187366
0.00373618 0.191602
0.00376205 0.195839
0.0037881 0.200078
0.00381433 0.204318
0.00384075 0.208559
0.00386734 0.212802
0.00389412 0.217046
0.00392109 0.221291
0.00394824 0.225538
0.00397558 0.229787
0.00400311 0.234036
0.00403083 0.238287
0.00405874 0.242539
0.00408685 0.246793
0.00411515 0.251048
0.00414365 0.255304
0.00417234 0.259561
0.00420123 0.26382
0.00423032 0.26808
0.00425962 0.272341
0.00428911 0.276603
0.00431882 0.280867
0.00434872 0.285132
0.00437884 0.289398
0.00440916 0.293665
0.00443969 0.297934
0.00447043 0.302204
0.00450139 0.306475
0.00453256 0.310747
0.00456395 0.31502
0.00459555 0.319294
0.00462737 0.32357
0.00465942 0.327847
0.00469168 0.332125
0.00472417 0.336404
0.00475689 0.340684
0.00478983 0.344965
0.00482299 0.349247
0.00485639 0.353531
0.00489002 0.357815
0.00492388 0.362101
0.00495798 0.366388
0.00499231 0.370676
0.00502688 0.374965
0.00506169 0.379255
0.00509674 0.383546
0.00513204 0.387838
0.00516757 0.392131
0.00520336 0.396426
0.00523939 0.400721
0.00527567 0.405017
0.0053122 0.409315
0.00534899 0.413613
0.00538603 0.417913
0.00542333 0.422214
0.00546088 0.426515
0.0054987 0.430818
0.00553677 0.435121
0.00557511 0.439426
0.00561372 0.443732
0.00565259 0.448039
0.00569174 0.452346
0.00573115 0.456655
0.00577084 0.460965
0.0058108 0.465275
0.00585104 0.469587
0.00589155 0.4739
0.00593235 0.478214
0.00597343 0.482528
0.00601479 0.486844
0.00605645 0.491161
0.00609838 0.495478
0.00614061 0.499797
0.00618314 0.504116
0.00622595 0.508437
0.00626907 0.512759
0.00631248 0.517081
0.00635619 0.521404
0.0064002 0.525729
0.00644452 0.530054
0.00648915 0.534381
0.00653409 0.538708
0.00657933 0.543036
0.00662489 0.547366
0.00667077 0.551696
0.00671696 0.556027
0.00676347 0.560359
0.00681031 0.564692
0.00685747 0.569026
0.00690495 0.573361
0.00695277 0.577697
0.00700092 0.582034
0.0070494 0.586371
0.00709821 0.59071
0.00714736 0.59505
0.00719686 0.59939
0.00724669 0.603732
0.00729687 0.608074
0.0073474 0.612417
0.00739828 0.616761
0.00744951 0.621107
0.0075011 0.625453
0.00755304 0.6298
0.00760534 0.634148
0.00765801 0.638496
0.00771104 0.642846
0.00776444 0.647197
0.0078182 0.651548
0.00787234 0.655901
0.00792685 0.660254
0.00798175 0.664608
0.00803702 0.668963
0.00809267 0.673319
0.00814871 0.677676
0.00820514 0.682034
0.00826196 0.686392
0.00831917 0.690752
0.00837678 0.695112
0.00843478 0.699473
0.00849319 0.703836
0.008552 0.708198
0.00861122 0.712562
0.00867086 0.716927
0.0087309 0.721292
0.00879136 0.725658
0.00885224 0.730025
0.00891353 0.734393
0.00897526 0.738762
0.00903741 0.743132
0.00909999 0.747502
0.00916301 0.751873
0.00922646 0.756245
0.00929035 0.760618
0.00935468 0.764991
0.00941946 0.769365
0.00948469 0.77374
0.00955037 0.778116
0.0096165 0.782492
0.00968309 0.786869
0.00975014 0.791247
0.00981766 0.795626
0.00988564 0.800005
0.0099541 0.804385
0.010023 0.808765
0.0100924 0.813146
0.0101623 0.817528
0.0102327 0.821911
0.0103036 0.826294
0.0103749 0.830678
0.0104467 0.835062
0.0105191 0.839447
0.0105919 0.843832
0.0106653 0.848218
0.0107391 0.852605
0.0108135 0.856992
0.0108884 0.861379
0.0109638 0.865767
0.0110397 0.870156
0.0111161 0.874545
0.0111931 0.878934
0.0112706 0.883324
0.0113487 0.887714
0.0114273 0.892105
0.0115064 0.896495
0.0115861 0.900887
0.0116663 0.905278
0.0117471 0.90967
0.0118284 0.914062
0.0119103 0.918454
0.0119928 0.922846
0.0120759 0.927239
0.0121595 0.931632
0.0122437 0.936025
0.0123285 0.940418
0.0124138 0.944811
0.0124998 0.949204
0.0125864 0.953597
0.0126735 0.95799
0.0127613 0.962383
0.0128496 0.966776
0.0129386 0.971169
0.0130282 0.975561
0.0131184 0.979954
0.0132093 0.984346
0.0133007 0.988738
0.0133929 0.99313
0.0134856 0.997521
0.013579 1.00191
0.013673 1.0063
0.0137677 1.01069
0.013863 1.01508
0.013959 1.01947
0.0140557 1.02386
0.014153 1.02825
0.014251 1.03263
0.0143497 1.03702
0.0144491 1.04141
0.0145491 1.04579
0.0146499 1.05017
0.0147513 1.05456
0.0148535 1.05894
0.0149563 1.06332
0.0150599 1.0677
0.0151642 1.07208
0.0152692 1.07646
0.0153749 1.08083
0.0154814 1.08521
0.0155886 1.08958
0.0156965 1.09395
0.0158052 1.09832
0.0159147 1.10269
0.0160249 1.10706
0.0161359 1.11143
0.0162476 1.11579
0.0163601 1.12015
0.0164734 1.12451
0.0165875 1.12887
0.0167023 1.13323
0.016818 1.13758
0.0169345 1.14193
0.0170517 1.14628
0.0171698 1.15063
0.0172887 1.15497
0.0174084 1.15931
0.017529 1.16365
0.0176503 1.16799
0.0177726 1.17232
0.0178956 1.17666
0.0180196 1.18098
0.0181443 1.18531
0.01827 1.18963
0.0183965 1.19395
0.0185239 1.19826
0.0186522 1.20258
0.0187813 1.20688
0.0189114 1.21119
0.0190423 1.21549
0.0191742 1.21979
0.019307 1.22408
0.0194407 1.22837
0.0195753 1.23265
0.0197108 1.23693
0.0198473 1.24121
0.0199848 1.24548
0.0201232 1.24974
0.0202625 1.25401
0.0204028 1.25826
0.0205441 1.26251
0.0206864 1.26676
0.0208296 1.271
0.0209739 1.27524
0.0211191 1.27947
0.0212653 1.28369
0.0214126 1.28791
0.0215609 1.29212
0.0217102 1.29633
0.0218605 1.30053
0.0220119 1.30472
0.0221643 1.30891
0.0223178 1.31309
0.0224723 1.31726
0.022628 1.32143
0.0227846 1.32559
0.0229424 1.32974
0.0231013 1.33389
0.0232613 1.33802
0.0234223 1.34215
0.0235845 1.34627
0.0237479 1.35038
0.0239123 1.35449
0.0240779 1.35858
0.0242446 1.36267
0.0244125 1.36675
0.0245816 1.37082
0.0247518 1.37488
0.0249232 1.37893
0.0250958 1.38297
0.0252695 1.387
0.0254445 1.39102
0.0256207 1.39503
0.0257981 1.39903
0.0259768 1.40302
0.0261567 1.407
0.0263378 1.41096
0.0265202 1.41492
0.0267038 1.41886
0.0268887 1.4228
0.0270749 1.42672
0.0272624 1.43062
0.0274512 1.43452
0.0276413 1.4384
0.0278327 1.44227
0.0280254 1.44613
0.0282195 1.44997
0.0284149 1.4538
0.0286117 1.45762
0.0288098 1.46142
0.0290093 1.46521
0.0292102 1.46898
0.0294125 1.47274
0.0296161 1.47648
0.0298212 1.48021
0.0300277 1.48392
0.0302357 1.48762
0.030445 1.4913
0.0306559 1.49496
0.0308681 1.49861
0.0310819 1.50224
0.0312971 1.50585
0.0315139 1.50945
0.0317321 1.51302
0.0319518 1.51658
0.0321731 1.52012
0.0323959 1.52364
0.0326202 1.52714
0.0328461 1.53063
0.0330735 1.53409
0.0333026 1.53753
0.0335332 1.54095
0.0337654 1.54435
0.0339992 1.54773
0.0342346 1.55109
0.0344717 1.55443
0.0347104 1.55775
0.0349508 1.56104
0.0351928 1.56431
0.0354365 1.56756
0.0356819 1.57078
0.035929 1.57398
0.0361778 1.57715
0.0364283 1.5803
0.0366805 1.58343
0.0369345 1.58653
0.0371903 1.58961
0.0374478 1.59266
0.0377071 1.59568
0.0379682 1.59868
0.0382312 1.60165
0.0384959 1.60459
0.0387625 1.6075
0.0390309 1.61039
0.0393012 1.61324
0.0395733 1.61607
0.0398474 1.61887
0.0401233 1.62164
0.0404011 1.62438
0.0406809 1.62708
0.0409626 1.62976
0.0412463 1.6324
0.0415319 1.63502
0.0418195 1.6376
0.0421091 1.64014
0.0424007 1.64266
0.0426943 1.64514
0.0429899 1.64758
0.0432876 1.65
0.0435874 1.65237
0.0438892 1.65471
0.0441931 1.65702
0.0444991 1.65929
0.0448073 1.66152
0.0451176 1.66371
0.04543 1.66587
0.0457446 1.66799
0.0460614 1.67007
0.0463803 1.67211
0.0467015 1.67411
0.0470249 1.67607
0.0473505 1.67799
0.0476784 1.67987
0.0480086 1.68171
0.048341 1.6835
0.0486758 1.68526
0.0490128 1.68696
0.0493522 1.68863
0.049694 1.69025
0.0500381 1.69183
0.0503846 1.69336
0.0507335 1.69485
0.0510848 1.69629
0.0514385 1.69768
0.0517947 1.69903
0.0521534 1.70033
0.0525146 1.70158
0.0528782 1.70278
0.0532444 1.70393
0.0536131 1.70503
0.0539843 1.70609
0.0543582 1.70709
0.0547346 1.70804
0.0551136 1.70894
0.0554952 1.70978
0.0558795 1.71057
0.0562665 1.71131
0.0566561 1.712
0.0570484 1.71263
0.0574435 1.7132
0.0578413 1.71372
0.0582418 1.71419
0.0586451 1.71459
0.0590512 1.71494
0.0594601 1.71523
0.0598719 1.71546
0.0602865 1.71564
0.0607039 1.71575
0.0611243 1.71581
0.0615476 1.7158
0.0619738 1.71573
0.0624029 1.7156
0.062835 1.71541
0.0632701 1.71516
0.0637083 1.71484
0.0641494 1.71446
0.0645936 1.71401
0.0650409 1.7135
0.0654913 1.71292
0.0659448 1.71228
0.0664015 1.71157
0.0668613 1.71079
0.0673243 1.70994
0.0677905 1.70903
0.0682599 1.70805
0.0687326 1.707
0.0692086 1.70587
0.0696878 1.70468
0.0701704 1.70342
0.0706563 1.70208
0.0711456 1.70068
0.0716382 1.6992
0.0721343 1.69765
0.0726338 1.69602
0.0731368 1.69432
0.0736432 1.69254
0.0741532 1.69069
0.0746667 1.68877
0.0751837 1.68677
0.0757044 1.68469
0.0762286 1.68253
0.0767565 1.6803
0.077288 1.67799
0.0778232 1.6756
0.0783621 1.67313
0.0789047 1.67058
0.0794511 1.66796
0.0800013 1.66525
0.0805553 1.66246
0.0811131 1.65959
0.0816748 1.65664
0.0822403 1.6536
0.0828098 1.65049
0.0833833 1.64729
0.0839607 1.64401
0.0845421 1.64064
0.0851275 1.63719
0.085717 1.63365
0.0863106 1.63004
0.0869082 1.62633
0.0875101 1.62254
0.088116 1.61867
0.0887262 1.6147
0.0893406 1.61066
0.0899593 1.60652
0.0905822 1.6023
0.0912095 1.59799
0.0918411 1.59359
0.092477 1.58911
0.0931174 1.58454
0.0937622 1.57987
0.0944115 1.57513
0.0950653 1.57029
0.0957236 1.56536
0.0963864 1.56034
0.0970539 1.55524
0.097726 1.55005
0.0984027 1.54476
0.0990841 1.53939
0.0997702 1.53393
0.100461 1.52837
0.101157 1.52273
0.101857 1.517
0.102563 1.51118
0.103273 1.50527
0.103988 1.49926
0.104708 1.49317
0.105433 1.48699
0.106163 1.48072
0.106898 1.47436
0.107639 1.46791
0.108384 1.46137
0.109134 1.45474
0.10989 1.44803
0.110651 1.44122
0.111417 1.43433
0.112189 1.42734
0.112966 1.42027
0.113748 1.41311
0.114536 1.40587
0.115329 1.39853
0.116127 1.39111
0.116932 1.38361
0.117741 1.37602
0.118557 1.36834
0.119378 1.36058
0.120204 1.35273
0.121037 1.3448
0.121875 1.33678
0.122719 1.32868
0.123569 1.32051
0.124424 1.31224
0.125286 1.3039
0.126153 1.29548
0.127027 1.28698
0.127907 1.2784
0.128792 1.26974
0.129684 1.261
0.130582 1.25219
0.131486 1.2433
0.132397 1.23434
0.133314 1.2253
0.134237 1.2162
0.135167 1.20702
0.136103 1.19777
0.137045 1.18845
0.137994 1.17906
0.13895 1.16961
0.139912 1.16009
0.140881 1.15051
0.141856 1.14086
0.142838 1.13115
0.143828 1.12138
0.144824 1.11155
0.145826 1.10166
0.146836 1.09172
0.147853 1.08172
0.148877 1.07167
0.149908 1.06157
0.150946 1.05142
0.151991 1.04122
0.153044 1.03097
0.154103 1.02068
0.155171 1.01034
0.156245 0.999965
0.157327 0.98955
0.158416 0.979097
0.159513 0.968608
0.160618 0.958086
0.16173 0.947533
0.16285 0.93695
0.163978 0.926341
0.165113 0.915706
0.166257 0.905048
0.167408 0.89437
0.168567 0.883673
0.169735 0.872961
0.17091 0.862235
0.172093 0.851497
0.173285 0.840751
0.174485 0.829999
0.175693 0.819243
0.17691 0.808486
0.178135 0.79773
0.179369 0.786979
0.180611 0.776234
0.181861 0.765499
0.183121 0.754776
0.184389 0.744068
0.185666 0.733378
0.186951 0.722709
0.188246 0.712064
0.189549 0.701445
0.190862 0.690856
0.192184 0.6803
0.193514 0.669779
0.194854 0.659297
0.196204 0.648857
0.197562 0.638462
0.19893 0.628115
0.200308 0.617819
0.201695 0.607578
0.203092 0.597395
0.204498 0.587273
0.205914 0.577215
0.20734 0.567224
0.208776 0.557305
0.210222 0.54746
0.211677 0.537693
0.213143 0.528006
0.214619 0.518404
0.216105 0.50889
0.217602 0.499467
0.219109 0.490138
0.220626 0.480907
0.222154 0.471778
0.223692 0.462754
0.225241 0.453837
0.226801 0.445033
0.228371 0.436343
0.229953 0.427771
0.231545 0.419322
0.233148 0.410997
0.234763 0.402801
0.236389 0.394737
0.238025 0.386807
0.239674 0.379016
0.241333 0.371367
0.243005 0.363862
0.244687 0.356505
0.246382 0.3493
0.248088 0.342248
0.249806 0.335354
0.251536 0.32862
0.253277 0.322049
0.255031 0.315644
0.256797 0.309408
0.258576 0.303344
0.260366 0.297454
0.262169 0.291741
0.263984 0.286208
0.265813 0.280856
0.267653 0.275689
0.269507 0.270709
0.271373 0.265918
0.273252 0.261318
0.275144 0.256911
0.27705 0.252699
0.278968 0.248684
0.2809 0.244867
0.282845 0.241251
0.284804 0.237836
0.286776 0.234624
0.288762 0.231617
0.290761 0.228814
0.292775 0.226218
0.294802 0.223829
0.296843 0.221647
0.298899 0.219674
0.300969 0.217909
0.303053 0.216353
0.305151 0.215005
0.307265 0.213867
0.309392 0.212936
0.311535 0.212213
0.313692 0.211698
0.315864 0.211388
0.318052 0.211284
0.320254 0.211384
0.322472 0.211686
0.324705 0.21219
0.326953 0.212892
0.329217 0.213792
0.331497 0.214886
0.333792 0.216173
0.336104 0.21765
0.338431 0.219313
0.340775 0.221161
0.343135 0.223189
0.345511 0.225394
0.347903 0.227772
0.350312 0.230319
0.352738 0.233031
0.355181 0.235904
0.35764 0.238933
0.360117 0.242112
0.362611 0.245438
0.365122 0.248904
0.36765 0.252505
0.370196 0.256235
0.372759 0.260088
0.375341 0.264058
0.37794 0.268138
0.380557 0.272322
0.383192 0.276602
0.385846 0.280972
0.388518 0.285424
0.391208 0.289951
0.393917 0.294544
0.396645 0.299196
0.399391 0.303899
0.402157 0.308644
0.404942 0.313423
0.407746 0.318226
0.410569 0.323046
0.413413 0.327873
0.416275 0.332697
0.419158 0.33751
0.42206 0.342302
0.424983 0.347063
0.427926 0.351783
0.430889 0.356452
0.433873 0.361062
0.436877 0.3656
0.439903 0.370058
0.442949 0.374425
0.446016 0.378691
0.449105 0.382845
0.452215 0.386877
0.455346 0.390776
0.458499 0.394533
0.461674 0.398136
0.464871 0.401576
0.46809 0.404842
0.471332 0.407923
0.474596 0.41081
0.477882 0.413493
0.481191 0.41596
0.484523 0.418204
0.487879 0.420213
0.491257 0.421978
0.494659 0.423489
0.498084 0.424738
0.501533 0.425715
0.505006 0.426412
0.508503 0.426819
0.512024 0.426929
0.51557 0.426733
0.51914 0.426225
0.522735 0.425395
0.526355 0.424237
0.53 0.422745
0.53367 0.420912
0.537365 0.418733
0.541087 0.4162
0.544833 0.41331
0.548606 0.410058
0.552405 0.40644
0.55623 0.402451
0.560082 0.398089
0.563961 0.393352
0.567866 0.388236
0.571798 0.38274
0.575758 0.376864
0.579745 0.370607
0.583759 0.363969
0.587802 0.356951
0.591872 0.349556
0.595971 0.341784
0.600097 0.333638
0.604253 0.325124
0.608437 0.316244
0.61265 0.307004
0.616893 0.297409
0.621165 0.287466
0.625466 0.277183
0.629797 0.266567
0.634158 0.255628
0.63855 0.244374
0.642972 0.232818
0.647424 0.220969
0.651907 0.20884
0.656422 0.196444
0.660967 0.183795
0.665544 0.170907
0.670153 0.157797
0.674793 0.144481
0.679466 0.130975
0.684171 0.117299
0.688909 0.103471
0.693679 0.0895111
0.698483 0.0754407
0.70332 0.0612813
0.70819 0.0470557
0.713094 0.0327873
0.718032 0.0185008
0.723004 0.00422143
0.728011 -0.0100245
0.733052 -0.0242098
0.738128 -0.0383064
0.74324 -0.0522854
0.748386 -0.066117
0.753569 -0.0797704
0.758787 -0.0932141
0.764041 -0.106416
0.769332 -0.119342
0.77466 -0.131958
0.780024 -0.14423
0.785425 -0.156121
0.790864 -0.167596
0.796341 -0.178615
0.801855 -0.189142
0.807408 -0.199138
0.812999 -0.208561
0.818629 -0.217372
0.824297 -0.22553
0.830005 -0.232991
0.835753 -0.239714
0.84154 -0.245655
0.847368 -0.25077
0.853236 -0.255013
0.859144 -0.25834
0.865093 -0.260703
0.871084 -0.262057
0.877116 -0.262353
0.88319 -0.261543
0.889305 -0.25958
0.895464 -0.256412
0.901664 -0.251992
0.907908 -0.246268
0.914195 -0.239189
0.920526 -0.230705
0.9269 -0.220764
0.933319 -0.209313
0.939782 -0.196299
0.946289 -0.18167
0.952842 -0.165373
0.95944 -0.147352
0.966084 -0.127555
0.972774 -0.105927
0.97951 -0.0824121
0.986293 -0.0569564
0.993123 -0.0295042
