#x T8 T8_error
0.001 1.25715
0.00100692 1.25435
0.0010139 1.25155
0.00102092 1.24876
0.00102799 1.24596
0.00103511 1.24316
0.00104227 1.24037
0.00104949 1.23757
0.00105676 1.23477
0.00106408 1.23198
0.00107145 1.22918
0.00107886 1.22638
0.00108634 1.22359
0.00109386 1.22079
0.00110143 1.218
0.00110906 1.2152
0.00111674 1.21241
0.00112447 1.20962
0.00113226 1.20682
0.0011401 1.20403
0.001148 1.20124
0.00115594 1.19845
0.00116395 1.19565
0.00117201 1.19286
0.00118013 1.19007
0.0011883 1.18728
0.00119653 1.1845
0.00120481 1.18171
0.00121315 1.17892
0.00122156 1.17613
0.00123001 1.17335
0.00123853 1.17056
0.00124711 1.16778
0.00125574 1.16499
0.00126444 1.16221
0.0012732 1.15943
0.00128201 1.15665
0.00129089 1.15387
0.00129983 1.15109
0.00130883 1.14831
0.00131789 1.14553
0.00132702 1.14275
0.00133621 1.13998
0.00134546 1.13721
0.00135478 1.13443
0.00136416 1.13166
0.00137361 1.12889
0.00138312 1.12612
0.0013927 1.12335
0.00140234 1.12058
0.00141205 1.11782
0.00142183 1.11505
0.00143167 1.11229
0.00144159 1.10952
0.00145157 1.10676
0.00146162 1.104
0.00147174 1.10125
0.00148194 1.09849
0.0014922 1.09573
0.00150253 1.09298
0.00151293 1.09023
0.00152341 1.08748
0.00153396 1.08473
0.00154458 1.08198
0.00155528 1.07923
0.00156605 1.07649
0.00157689 1.07375
0.00158781 1.07101
0.00159881 1.06827
0.00160988 1.06553
0.00162103 1.06279
0.00163225 1.06006
0.00164355 1.05733
0.00165494 1.0546
0.0016664 1.05187
0.00167794 1.04914
0.00168955 1.04642
0.00170125 1.0437
0.00171303 1.04098
0.0017249 1.03826
0.00173684 1.03554
0.00174887 1.03283
0.00176098 1.03012
0.00177317 1.02741
0.00178545 1.0247
0.00179782 1.022
0.00181027 1.01929
0.0018228 1.01659
0.00183542 1.0139
0.00184813 1.0112
0.00186093 1.00851
0.00187382 1.00582
0.00188679 1.00313
0.00189986 1.00044
0.00191301 0.997761
0.00192626 0.995081
0.0019396 0.992403
0.00195303 0.989729
0.00196656 0.987056
0.00198017 0.984387
0.00199389 0.981721
0.00200769 0.979057
0.0020216 0.976396
0.00203559 0.973738
0.00204969 0.971083
0.00206388 0.968431
0.00207818 0.965782
0.00209257 0.963136
0.00210706 0.960493
0.00212165 0.957853
0.00213634 0.955217
0.00215113 0.952583
0.00216603 0.949953
0.00218103 0.947326
0.00219613 0.944702
0.00221134 0.942082
0.00222665 0.939465
0.00224207 0.936852
0.0022576 0.934242
0.00227323 0.931635
0.00228897 0.929032
0.00230482 0.926433
0.00232078 0.923837
0.00233685 0.921245
0.00235303 0.918656
0.00236933 0.916072
0.00238574 0.913491
0.00240226 0.910913
0.00241889 0.90834
0.00243564 0.905771
0.00245251 0.903205
0.00246949 0.900644
0.00248659 0.898086
0.00250381 0.895533
0.00252115 0.892984
0.00253861 0.890438
0.00255619 0.887898
0.00257389 0.885361
0.00259171 0.882828
0.00260966 0.8803
0.00262773 0.877776
0.00264592 0.875257
0.00266425 0.872742
0.0026827 0.870231
0.00270127 0.867725
0.00271998 0.865224
0.00273881 0.862727
0.00275778 0.860235
0.00277688 0.857748
0.0027961 0.855265
0.00281547 0.852787
0.00283496 0.850314
0.00285459 0.847846
0.00287436 0.845383
0.00289427 0.842924
0.00291431 0.840471
0.00293449 0.838023
0.00295481 0.83558
0.00297527 0.833142
0.00299587 0.830709
0.00301662 0.828282
0.00303751 0.82586
0.00305854 0.823443
0.00307972 0.821031
0.00310105 0.818625
0.00312252 0.816225
0.00314414 0.81383
0.00316592 0.81144
0.00318784 0.809057
0.00320991 0.806679
0.00323214 0.804306
0.00325452 0.80194
0.00327706 0.799579
0.00329975 0.797224
0.0033226 0.794875
0.00334561 0.792532
0.00336878 0.790195
0.00339211 0.787864
0.0034156 0.785539
0.00343925 0.783221
0.00346306 0.780908
0.00348704 0.778602
0.00351119 0.776302
0.00353551 0.774009
0.00355999 0.771722
0.00358464 0.769442
0.00360946 0.767168
0.00363446 0.7649
0.00365962 0.762639
0.00368497 0.760385
0.00371048 0.758138
0.00373618 0.755897
0.00376205 0.753664
0.0037881 0.751437
0.00381433 0.749217
0.00384075 0.747004
0.00386734 0.744798
0.00389412 0.7426
0.00392109 0.740408
0.00394824 0.738224
0.00397558 0.736047
0.00400311 0.733877
0.00403083 0.731715
0.00405874 0.72956
0.00408685 0.727412
0.00411515 0.725272
0.00414365 0.72314
0.00417234 0.721015
0.00420123 0.718898
0.00423032 0.716789
0.00425962 0.714688
0.00428911 0.712595
0.00431882 0.710509
0.00434872 0.708432
0.00437884 0.706362
0.00440916 0.704301
0.00443969 0.702248
0.00447043 0.700203
0.00450139 0.698166
0.00453256 0.696138
0.00456395 0.694118
0.00459555 0.692106
0.00462737 0.690103
0.00465942 0.688109
0.00469168 0.686123
0.00472417 0.684146
0.00475689 0.682177
0.00478983 0.680218
0.00482299 0.678267
0.00485639 0.676325
0.00489002 0.674392
0.00492388 0.672469
0.00495798 0.670554
0.00499231 0.668648
0.00502688 0.666752
0.00506169 0.664865
0.00509674 0.662987
0.00513204 0.661119
0.00516757 0.65926
0.00520336 0.657411
0.00523939 0.655571
0.00527567 0.653741
0.0053122 0.651921
0.00534899 0.65011
0.00538603 0.648309
0.00542333 0.646519
0.00546088 0.644738
0.0054987 0.642967
0.00553677 0.641206
0.00557511 0.639455
0.00561372 0.637715
0.00565259 0.635984
0.00569174 0.634264
0.00573115 0.632555
0.00577084 0.630856
0.0058108 0.629167
0.00585104 0.627489
0.00589155 0.625822
0.00593235 0.624165
0.00597343 0.622519
0.00601479 0.620884
0.00605645 0.61926
0.00609838 0.617646
0.00614061 0.616044
0.00618314 0.614453
0.00622595 0.612873
0.00626907 0.611304
0.00631248 0.609747
0.00635619 0.608201
0.0064002 0.606666
0.00644452 0.605142
0.00648915 0.603631
0.00653409 0.60213
0.00657933 0.600642
0.00662489 0.599165
0.00667077 0.5977
0.00671696 0.596247
0.00676347 0.594805
0.00681031 0.593376
0.00685747 0.591959
0.00690495 0.590554
0.00695277 0.589161
0.00700092 0.58778
0.0070494 0.586412
0.00709821 0.585056
0.00714736 0.583712
0.00719686 0.582381
0.00724669 0.581062
0.00729687 0.579756
0.0073474 0.578463
0.00739828 0.577183
0.00744951 0.575915
0.0075011 0.57466
0.00755304 0.573419
0.00760534 0.57219
0.00765801 0.570974
0.00771104 0.569772
0.00776444 0.568582
0.0078182 0.567406
0.00787234 0.566244
0.00792685 0.565094
0.00798175 0.563959
0.00803702 0.562836
0.00809267 0.561728
0.00814871 0.560633
0.00820514 0.559552
0.00826196 0.558484
0.00831917 0.557431
0.00837678 0.556391
0.00843478 0.555365
0.00849319 0.554354
0.008552 0.553356
0.00861122 0.552373
0.00867086 0.551404
0.0087309 0.55045
0.00879136 0.549509
0.00885224 0.548584
0.00891353 0.547672
0.00897526 0.546776
0.00903741 0.545894
0.00909999 0.545026
0.00916301 0.544174
0.00922646 0.543336
0.00929035 0.542513
0.00935468 0.541705
0.00941946 0.540913
0.00948469 0.540135
0.00955037 0.539372
0.0096165 0.538625
0.00968309 0.537893
0.00975014 0.537176
0.00981766 0.536475
0.00988564 0.535789
0.0099541 0.535119
0.010023 0.534464
0.0100924 0.533825
0.0101623 0.533201
0.0102327 0.532594
0.0103036 0.532002
0.0103749 0.531426
0.0104467 0.530866
0.0105191 0.530322
0.0105919 0.529795
0.0106653 0.529283
0.0107391 0.528788
0.0108135 0.528308
0.0108884 0.527846
0.0109638 0.527399
0.0110397 0.526969
0.0111161 0.526555
0.0111931 0.526158
0.0112706 0.525778
0.0113487 0.525414
0.0114273 0.525067
0.0115064 0.524737
0.0115861 0.524424
0.0116663 0.524128
0.0117471 0.523848
0.0118284 0.523586
0.0119103 0.52334
0.0119928 0.523112
0.0120759 0.522901
0.0121595 0.522707
0.0122437 0.522531
0.0123285 0.522371
0.0124138 0.52223
0.0124998 0.522105
0.0125864 0.521998
0.0126735 0.521909
0.0127613 0.521837
0.0128496 0.521783
0.0129386 0.521747
0.0130282 0.521728
0.0131184 0.521728
0.0132093 0.521745
0.0133007 0.52178
0.0133929 0.521833
0.0134856 0.521904
0.013579 0.521993
0.013673 0.5221
0.0137677 0.522225
0.013863 0.522369
0.013959 0.522531
0.0140557 0.522711
0.014153 0.522909
0.014251 0.523126
0.0143497 0.523361
0.0144491 0.523615
0.0145491 0.523887
0.0146499 0.524177
0.0147513 0.524487
0.0148535 0.524815
0.0149563 0.525161
0.0150599 0.525527
0.0151642 0.525911
0.0152692 0.526314
0.0153749 0.526735
0.0154814 0.527176
0.0155886 0.527635
0.0156965 0.528114
0.0158052 0.528611
0.0159147 0.529127
0.0160249 0.529663
0.0161359 0.530217
0.0162476 0.530791
0.0163601 0.531384
0.0164734 0.531996
0.0165875 0.532627
0.0167023 0.533277
0.016818 0.533947
0.0169345 0.534636
0.0170517 0.535344
0.0171698 0.536072
0.0172887 0.536819
0.0174084 0.537585
0.017529 0.538371
0.0176503 0.539176
0.0177726 0.540001
0.0178956 0.540845
0.0180196 0.541709
0.0181443 0.542592
0.01827 0.543495
0.0183965 0.544417
0.0185239 0.545359
0.0186522 0.546321
0.0187813 0.547302
0.0189114 0.548303
0.0190423 0.549323
0.0191742 0.550363
0.019307 0.551423
0.0194407 0.552503
0.0195753 0.553602
0.0197108 0.554721
0.0198473 0.555859
0.0199848 0.557017
0.0201232 0.558196
0.0202625 0.559393
0.0204028 0.560611
0.0205441 0.561848
0.0206864 0.563105
0.0208296 0.564382
0.0209739 0.565678
0.0211191 0.566994
0.0212653 0.56833
0.0214126 0.569686
0.0215609 0.571061
0.0217102 0.572456
0.0218605 0.573871
0.0220119 0.575306
0.0221643 0.57676
0.0223178 0.578234
0.0224723 0.579728
0.022628 0.581241
0.0227846 0.582774
0.0229424 0.584326
0.0231013 0.585899
0.0232613 0.58749
0.0234223 0.589102
0.0235845 0.590733
0.0237479 0.592383
0.0239123 0.594053
0.0240779 0.595743
0.0242446 0.597452
0.0244125 0.59918
0.0245816 0.600928
0.0247518 0.602695
0.0249232 0.604482
0.0250958 0.606288
0.0252695 0.608113
0.0254445 0.609958
0.0256207 0.611821
0.0257981 0.613704
0.0259768 0.615606
0.0261567 0.617527
0.0263378 0.619468
0.0265202 0.621427
0.0267038 0.623405
0.0268887 0.625402
0.0270749 0.627419
0.0272624 0.629453
0.0274512 0.631507
0.0276413 0.63358
0.0278327 0.635671
0.0280254 0.637781
0.0282195 0.639909
0.0284149 0.642056
0.0286117 0.644221
0.0288098 0.646405
0.0290093 0.648607
0.0292102 0.650827
0.0294125 0.653066
0.0296161 0.655323
0.0298212 0.657597
0.0300277 0.65989
0.0302357 0.662201
0.030445 0.664529
0.0306559 0.666876
0.0308681 0.66924
0.0310819 0.671622
0.0312971 0.674021
0.0315139 0.676438
0.0317321 0.678872
0.0319518 0.681323
0.0321731 0.683792
0.0323959 0.686278
0.0326202 0.68878
0.0328461 0.6913
0.0330735 0.693837
0.0333026 0.69639
0.0335332 0.69896
0.0337654 0.701547
0.0339992 0.70415
0.0342346 0.706769
0.0344717 0.709405
0.0347104 0.712057
0.0349508 0.714725
0.0351928 0.717408
0.0354365 0.720108
0.0356819 0.722823
0.035929 0.725554
0.0361778 0.728301
0.0364283 0.731063
0.0366805 0.73384
0.0369345 0.736632
0.0371903 0.739439
0.0374478 0.742261
0.0377071 0.745098
0.0379682 0.747949
0.0382312 0.750815
0.0384959 0.753695
0.0387625 0.75659
0.0390309 0.759498
0.0393012 0.762421
0.0395733 0.765357
0.0398474 0.768307
0.0401233 0.771271
0.0404011 0.774247
0.0406809 0.777237
0.0409626 0.780241
0.0412463 0.783257
0.0415319 0.786286
0.0418195 0.789327
0.0421091 0.792381
0.0424007 0.795447
0.0426943 0.798525
0.0429899 0.801616
0.0432876 0.804718
0.0435874 0.807832
0.0438892 0.810957
0.0441931 0.814093
0.0444991 0.817241
0.0448073 0.8204
0.0451176 0.823569
0.04543 0.826749
0.0457446 0.829939
0.0460614 0.83314
0.0463803 0.836351
0.0467015 0.839571
0.0470249 0.842801
0.0473505 0.846041
0.0476784 0.84929
0.0480086 0.852548
0.048341 0.855815
0.0486758 0.85909
0.0490128 0.862375
0.0493522 0.865667
0.049694 0.868968
0.0500381 0.872276
0.0503846 0.875592
0.0507335 0.878916
0.0510848 0.882246
0.0514385 0.885584
0.0517947 0.888929
0.0521534 0.89228
0.0525146 0.895638
0.0528782 0.899002
0.0532444 0.902372
0.0536131 0.905747
0.0539843 0.909128
0.0543582 0.912514
0.0547346 0.915906
0.0551136 0.919302
0.0554952 0.922702
0.0558795 0.926107
0.0562665 0.929516
0.0566561 0.932929
0.0570484 0.936346
0.0574435 0.939765
0.0578413 0.943188
0.0582418 0.946614
0.0586451 0.950042
0.0590512 0.953473
0.0594601 0.956906
0.0598719 0.960341
0.0602865 0.963777
0.0607039 0.967215
0.0611243 0.970653
0.0615476 0.974093
0.0619738 0.977533
0.0624029 0.980973
0.062835 0.984413
0.0632701 0.987854
0.0637083 0.991293
0.0641494 0.994732
0.0645936 0.998169
0.0650409 1.00161
0.0654913 1.00504
0.0659448 1.00847
0.0664015 1.0119
0.0668613 1.01533
0.0673243 1.01876
0.0677905 1.02218
0.0682599 1.0256
0.0687326 1.02901
0.0692086 1.03242
0.0696878 1.03583
0.0701704 1.03923
0.0706563 1.04263
0.0711456 1.04602
0.0716382 1.04941
0.0721343 1.05279
0.0726338 1.05617
0.0731368 1.05954
0.0736432 1.0629
0.0741532 1.06625
0.0746667 1.0696
0.0751837 1.07294
0.0757044 1.07627
0.0762286 1.0796
0.0767565 1.08291
0.077288 1.08622
0.0778232 1.08952
0.0783621 1.09281
0.0789047 1.09609
0.0794511 1.09936
0.0800013 1.10261
0.0805553 1.10586
0.0811131 1.1091
0.0816748 1.11232
0.0822403 1.11554
0.0828098 1.11874
0.0833833 1.12193
0.0839607 1.1251
0.0845421 1.12826
0.0851275 1.13141
0.085717 1.13455
0.0863106 1.13767
0.0869082 1.14078
0.0875101 1.14387
0.088116 1.14695
0.0887262 1.15001
0.0893406 1.15306
0.0899593 1.15609
0.0905822 1.1591
0.0912095 1.1621
0.0918411 1.16508
0.092477 1.16804
0.0931174 1.17098
0.0937622 1.17391
0.0944115 1.17682
0.0950653 1.17971
0.0957236 1.18258
0.0963864 1.18542
0.0970539 1.18825
0.097726 1.19106
0.0984027 1.19385
0.0990841 1.19662
0.0997702 1.19937
0.100461 1.20209
0.101157 1.20479
0.101857 1.20748
0.102563 1.21013
0.103273 1.21277
0.103988 1.21538
0.104708 1.21796
0.105433 1.22053
0.106163 1.22306
0.106898 1.22558
0.107639 1.22807
0.108384 1.23053
0.109134 1.23296
0.10989 1.23537
0.110651 1.23776
0.111417 1.24011
0.112189 1.24244
0.112966 1.24474
0.113748 1.24701
0.114536 1.24925
0.115329 1.25147
0.116127 1.25365
0.116932 1.25581
0.117741 1.25793
0.118557 1.26003
0.119378 1.26209
0.120204 1.26412
0.121037 1.26612
0.121875 1.26809
0.122719 1.27003
0.123569 1.27193
0.124424 1.2738
0.125286 1.27564
0.126153 1.27744
0.127027 1.27921
0.127907 1.28095
0.128792 1.28265
0.129684 1.28431
0.130582 1.28594
0.131486 1.28753
0.132397 1.28909
0.133314 1.29061
0.134237 1.29209
0.135167 1.29353
0.136103 1.29494
0.137045 1.2963
0.137994 1.29763
0.13895 1.29892
0.139912 1.30017
0.140881 1.30138
0.141856 1.30255
0.142838 1.30368
0.143828 1.30477
0.144824 1.30581
0.145826 1.30682
0.146836 1.30778
0.147853 1.3087
0.148877 1.30957
0.149908 1.31041
0.150946 1.31119
0.151991 1.31194
0.153044 1.31264
0.154103 1.31329
0.155171 1.3139
0.156245 1.31446
0.157327 1.31498
0.158416 1.31544
0.159513 1.31587
0.160618 1.31624
0.16173 1.31657
0.16285 1.31684
0.163978 1.31707
0.165113 1.31725
0.166257 1.31738
0.167408 1.31746
0.168567 1.31749
0.169735 1.31747
0.17091 1.31739
0.172093 1.31726
0.173285 1.31709
0.174485 1.31685
0.175693 1.31657
0.17691 1.31623
0.178135 1.31584
0.179369 1.31539
0.180611 1.31489
0.181861 1.31433
0.183121 1.31371
0.184389 1.31304
0.185666 1.31231
0.186951 1.31153
0.188246 1.31068
0.189549 1.30978
0.190862 1.30882
0.192184 1.3078
0.193514 1.30672
0.194854 1.30558
0.196204 1.30438
0.197562 1.30311
0.19893 1.30179
0.200308 1.3004
0.201695 1.29895
0.203092 1.29743
0.204498 1.29585
0.205914 1.29421
0.20734 1.2925
0.208776 1.29073
0.210222 1.28889
0.211677 1.28698
0.213143 1.28501
0.214619 1.28296
0.216105 1.28085
0.217602 1.27867
0.219109 1.27643
0.220626 1.27411
0.222154 1.27172
0.223692 1.26926
0.225241 1.26672
0.226801 1.26412
0.228371 1.26144
0.229953 1.25869
0.231545 1.25587
0.233148 1.25297
0.234763 1.24999
0.236389 1.24694
0.238025 1.24381
0.239674 1.24061
0.241333 1.23733
0.243005 1.23397
0.244687 1.23053
0.246382 1.22701
0.248088 1.22341
0.249806 1.21973
0.251536 1.21597
0.253277 1.21213
0.255031 1.2082
0.256797 1.20419
0.258576 1.2001
0.260366 1.19593
0.262169 1.19166
0.263984 1.18732
0.265813 1.18288
0.267653 1.17836
0.269507 1.17376
0.271373 1.16906
0.273252 1.16428
0.275144 1.15941
0.27705 1.15444
0.278968 1.14939
0.2809 1.14425
0.282845 1.13901
0.284804 1.13368
0.286776 1.12826
0.288762 1.12275
0.290761 1.11714
0.292775 1.11144
0.294802 1.10564
0.296843 1.09975
0.298899 1.09376
0.300969 1.08768
0.303053 1.0815
0.305151 1.07522
0.307265 1.06885
0.309392 1.06237
0.311535 1.0558
0.313692 1.04913
0.315864 1.04236
0.318052 1.03549
0.320254 1.02853
0.322472 1.02146
0.324705 1.01429
0.326953 1.00702
0.329217 0.999649
0.331497 0.992179
0.333792 0.984607
0.336104 0.976935
0.338431 0.969161
0.340775 0.961287
0.343135 0.953311
0.345511 0.945234
0.347903 0.937057
0.350312 0.928779
0.352738 0.920401
0.355181 0.911922
0.35764 0.903344
0.360117 0.894666
0.362611 0.885889
0.365122 0.877013
0.36765 0.86804
0.370196 0.858969
0.372759 0.849802
0.375341 0.840538
0.37794 0.83118
0.380557 0.821727
0.383192 0.812181
0.385846 0.802542
0.388518 0.792813
0.391208 0.782994
0.393917 0.773086
0.396645 0.763091
0.399391 0.75301
0.402157 0.742844
0.404942 0.732596
0.407746 0.722267
0.410569 0.71186
0.413413 0.701374
0.416275 0.690814
0.419158 0.680181
0.42206 0.669477
0.424983 0.658704
0.427926 0.647866
0.430889 0.636964
0.433873 0.626001
0.436877 0.61498
0.439903 0.603904
0.442949 0.592776
0.446016 0.581599
0.449105 0.570376
0.452215 0.559111
0.455346 0.547807
0.458499 0.536467
0.461674 0.525096
0.464871 0.513697
0.46809 0.502274
0.471332 0.490832
0.474596 0.479374
0.477882 0.467905
0.481191 0.45643
0.484523 0.444953
0.487879 0.433478
0.491257 0.422012
0.494659 0.410558
0.498084 0.399122
0.501533 0.387709
0.505006 0.376326
0.508503 0.364976
0.512024 0.353667
0.51557 0.342403
0.51914 0.331191
0.522735 0.320038
0.526355 0.308948
0.53 0.29793
0.53367 0.286988
0.537365 0.276131
0.541087 0.265365
0.544833 0.254696
0.548606 0.244132
0.552405 0.233681
0.55623 0.223349
0.560082 0.213144
0.563961 0.203074
0.567866 0.193147
0.571798 0.18337
0.575758 0.173752
0.579745 0.164301
0.583759 0.155024
0.587802 0.145932
0.591872 0.137031
0.595971 0.128331
0.600097 0.11984
0.604253 0.111568
0.608437 0.103523
0.61265 0.0957133
0.616893 0.088149
0.621165 0.0808387
0.625466 0.0737914
0.629797 0.0670161
0.634158 0.0605218
0.63855 0.0543174
0.642972 0.0484117
0.647424 0.0428135
0.651907 0.0375313
0.656422 0.0325734
0.660967 0.027948
0.665544 0.0236629
0.670153 0.0197257
0.674793 0.0161435
0.679466 0.012923
0.684171 0.0100703
0.688909 0.00759121
0.693679 0.00549058
0.698483 0.00377269
0.70332 0.002441
0.70819 0.00149809
0.713094 0.000945542
0.718032 0.00078387
0.723004 0.00101242
0.728011 0.00162925
0.733052 0.00263106
0.738128 0.00401303
0.74324 0.00576876
0.748386 0.00789013
0.753569 0.0103672
0.758787 0.0131881
0.764041 0.0163389
0.769332 0.0198035
0.77466 0.0235636
0.780024 0.0275985
0.785425 0.0318852
0.790864 0.0363981
0.796341 0.0411088
0.801855 0.0459867
0.807408 0.0509982
0.812999 0.0561073
0.818629 0.061275
0.824297 0.0664598
0.830005 0.0716177
0.835753 0.0767019
0.84154 0.0816633
0.847368 0.0864505
0.853236 0.0910099
0.859144 0.0952857
0.865093 0.0992207
0.871084 0.102756
0.877116 0.105831
0.88319 0.108385
0.889305 0.110356
0.895464 0.111682
0.901664 0.112301
0.907908 0.112152
0.914195 0.111173
0.920526 0.109307
0.9269 0.106496
0.933319 0.102684
0.939782 0.0978202
0.946289 0.0918549
0.952842 0.084743
0.95944 0.0764433
0.966084 0.0669188
0.972774 0.0561378
0.97951 0.0440736
0.986293 0.0307051
0.993123 0.016017
