1e-07 1.0915915 1.256409 1.0863905 23.230597 1.5048041 1.7991912
1.0715193052376071e-07 1.0888875 1.253775 1.1384393 23.11845 1.5011132 1.7960372
1.1481536214968817e-07 1.0861622 1.2511264 1.1905313 23.007793 1.4973977 1.7928684
1.2302687708123812e-07 1.083416 1.2484634 1.2426634 22.898657 1.4936589 1.7896854
1.3182567385564074e-07 1.0806487 1.2457856 1.2948285 22.791088 1.4898976 1.7864857
1.4125375446227555e-07 1.0778611 1.2430924 1.3470219 22.68511 1.4861119 1.7832711
1.5135612484362072e-07 1.075053 1.2403835 1.3992363 22.580774 1.482304 1.7800387
1.6218100973589298e-07 1.0722257 1.2376589 1.4514668 22.478092 1.4784727 1.7767901
1.7378008287493765e-07 1.0693792 1.2349181 1.5037062 22.377113 1.474619 1.7735244
1.8620871366628656e-07 1.0665141 1.2321609 1.5559492 22.277874 1.4707403 1.7702416
1.9952623149688787e-07 1.0636309 1.2293866 1.6081882 22.180397 1.4668376 1.766941
2.1379620895022324e-07 1.0607296 1.2265944 1.6604189 22.084713 1.4629097 1.7636229
2.2908676527677748e-07 1.0578107 1.223785 1.712627 21.990854 1.4589553 1.7602869
2.4547089156850283e-07 1.0548754 1.2209578 1.7648118 21.898863 1.4549758 1.7569332
2.6302679918953816e-07 1.0519233 1.2181112 1.8169637 21.80875 1.4509711 1.7535617
2.818382931264455e-07 1.0489535 1.2152461 1.8690751 21.720556 1.446938 1.7501712
3.019951720402019e-07 1.0459687 1.2123616 1.9211371 21.634296 1.4428787 1.7467633
3.235936569296281e-07 1.0429668 1.2094574 1.9731439 21.550003 1.438791 1.7433366
3.4673685045253164e-07 1.0399501 1.2065332 2.0250812 21.467678 1.4346766 1.739891
3.715352290971728e-07 1.0369176 1.203589 2.0769465 21.387375 1.4305332 1.7364268
3.981071705534969e-07 1.033869 1.2006233 2.12872 21.309084 1.4263618 1.7329434
4.2657951880159254e-07 1.0308064 1.1976371 2.180405 21.23284 1.4221632 1.7294408
4.5708818961487516e-07 1.0277283 1.1946291 2.2319818 21.15864 1.4179361 1.7259187
4.897788193684457e-07 1.0246352 1.1915997 2.2834442 21.08651 1.4136811 1.7223773
5.248074602497723e-07 1.0215279 1.188548 2.3347821 21.016453 1.4093975 1.7188164
5.62341325190349e-07 1.0184062 1.1854736 2.3859804 20.948494 1.405085 1.7152358
6.025595860743581e-07 1.0152708 1.1823759 2.437032 20.882607 1.400746 1.7116361
6.45654229034655e-07 1.0121218 1.1792548 2.4879231 20.818829 1.396378 1.7080153
6.918309709189363e-07 1.0089599 1.1761092 2.5386465 20.75713 1.3919834 1.704376
7.413102413009177e-07 1.0057851 1.1729387 2.589181 20.697535 1.3875608 1.7007169
7.943282347242822e-07 1.0025982 1.169743 2.6395206 20.640017 1.3831121 1.6970382
8.511380382023759e-07 0.99939954 1.1665202 2.6896522 20.584578 1.378637 1.6933405
9.120108393559096e-07 0.9961895 1.1632704 2.7395575 20.531208 1.3741355 1.689623
9.77237220955811e-07 0.99296945 1.1599921 2.789227 20.479872 1.3696084 1.6858878
1.0471285480508985e-06 0.9897392 1.1566842 2.8386428 20.430576 1.3650565 1.6821327
1.122018454301963e-06 0.98649985 1.1533453 2.8877976 20.383305 1.3604802 1.6783597
1.2022644346174132e-06 0.98325187 1.1499747 2.936673 20.338 1.3558806 1.6745691
1.2882495516931322e-06 0.9799957 1.1465696 2.9852448 20.294659 1.3512558 1.670761
1.3803842646028838e-06 0.97673285 1.1431291 3.0335064 20.253242 1.3466092 1.6669359
1.479108388168207e-06 0.97346336 1.1396513 3.0814397 20.213713 1.3419408 1.6630938
1.584893192461114e-06 0.9701882 1.1361343 3.1290305 20.176031 1.3372498 1.6592358
1.698243652461746e-06 0.96690774 1.132576 3.1762555 20.140152 1.3325391 1.655362
1.8197008586099826e-06 0.96362287 1.1289732 3.2231007 20.106031 1.3278066 1.6514729
1.9498445997580454e-06 0.9603344 1.1253247 3.2695417 20.07362 1.3230546 1.6475701
2.0892961308540407e-06 0.9570429 1.1216278 3.3155682 20.042856 1.318283 1.6436526
2.2387211385683376e-06 0.95374924 1.1178788 3.3611567 20.013674 1.3134911 1.6397216
2.3988329190194897e-06 0.95045316 1.1140757 3.4062848 19.986021 1.3086815 1.6357782
2.5703957827688647e-06 0.9471559 1.1102152 3.4509332 19.959805 1.3038541 1.6318222
2.7542287033381634e-06 0.94385797 1.106294 3.4950845 19.934998 1.2990074 1.6278536
2.951209226666384e-06 0.9405593 1.1023095 3.5387127 19.911472 1.2941432 1.6238747
3.162277660168379e-06 0.937261 1.0982579 3.5817955 19.889193 1.2892615 1.6198848
3.3884415613920275e-06 0.93396276 1.0941359 3.6243153 19.868044 1.2843632 1.6158845
3.6307805477010175e-06 0.9306662 1.0899402 3.6662457 19.84795 1.2794465 1.6118734
3.890451449942805e-06 0.9273704 1.0856671 3.7075655 19.828823 1.2745137 1.6078535
4.168693834703355e-06 0.92407614 1.0813129 3.7482476 19.810564 1.2695636 1.603824
4.466835921509635e-06 0.9207838 1.0768741 3.7882788 19.793085 1.2645977 1.5997852
4.78630092322638e-06 0.9174938 1.0723475 3.827626 19.776281 1.2596154 1.5957383
5.128613839913648e-06 0.91420573 1.0677286 3.8662646 19.760046 1.2546173 1.5916816
5.4954087385762485e-06 0.9109208 1.063015 3.9041803 19.744297 1.2496029 1.5876169
5.888436553555884e-06 0.9076393 1.0582019 3.941339 19.728893 1.2445728 1.5835428
6.30957344480193e-06 0.90436035 1.0532867 3.9777234 19.713764 1.2395272 1.5794603
6.760829753919819e-06 0.901086 1.0482659 4.0133085 19.698786 1.2344669 1.5753691
7.2443596007498914e-06 0.89781487 1.043136 4.048068 19.683857 1.2293912 1.571268
7.76247116628691e-06 0.8945481 1.0378945 4.0819736 19.668858 1.2243007 1.5671576
8.31763771102671e-06 0.8912855 1.0325383 4.1150045 19.653675 1.2191957 1.5630373
8.91250938133746e-06 0.8880274 1.0270647 4.1471457 19.638218 1.2140765 1.5589063
9.549925860214369e-06 0.8847748 1.0214719 4.1783557 19.622355 1.2089435 1.5547645
1.0232929922807536e-05 0.8815264 1.0157567 4.2086205 19.605968 1.2037966 1.5506102
1.0964781961431852e-05 0.8782843 1.0099187 4.237911 19.588963 1.198635 1.5464436
1.1748975549395302e-05 0.8750467 1.0039555 4.266203 19.571209 1.1934601 1.5422636
1.2589254117941661e-05 0.87181437 0.99786633 4.293469 19.552599 1.1882715 1.5380685
1.3489628825916533e-05 0.8685873 0.9916501 4.319687 19.533007 1.1830688 1.5338577
1.445439770745928e-05 0.8653658 0.9853067 4.3448305 19.512333 1.1778513 1.5296293
1.5488166189124797e-05 0.8621495 0.97883576 4.3688684 19.490467 1.1726198 1.5253825
1.6595869074375598e-05 0.85893816 0.9722382 4.3917756 19.467268 1.1673733 1.5211159
1.778279410038923e-05 0.8557318 0.9655134 4.413533 19.442629 1.1621116 1.5168262
1.9054607179632443e-05 0.85253024 0.95866287 4.4341063 19.416441 1.1568344 1.5125135
2.0417379446695318e-05 0.8493328 0.9516882 4.4534764 19.388588 1.1515412 1.5081744
2.187761623949552e-05 0.84613955 0.9445904 4.4716086 19.358948 1.146231 1.5038079
2.344228815319923e-05 0.84295064 0.9373713 4.4884834 19.327414 1.1409037 1.4994118
2.5118864315095822e-05 0.8397651 0.9300326 4.5040684 19.293839 1.1355581 1.4949844
2.691534803926914e-05 0.83658224 0.9225771 4.5183425 19.258144 1.1301943 1.4905229
2.8840315031266056e-05 0.8334032 0.91500694 4.531282 19.220182 1.1248105 1.4860257
3.090295432513592e-05 0.8302272 0.9073254 4.542858 19.179853 1.1194073 1.481491
3.3113112148259076e-05 0.82705325 0.89953446 4.55304 19.137018 1.113983 1.4769176
3.5481338923357534e-05 0.8238822 0.8916383 4.5618196 19.091574 1.108538 1.4723027
3.8018939632056124e-05 0.8207138 0.8836393 4.5691524 19.04338 1.1030715 1.4676468
4.073802778041122e-05 0.81754816 0.8755414 4.5750313 18.992325 1.0975828 1.4629474
4.3651583224016566e-05 0.8143855 0.86734813 4.579423 18.93828 1.0920731 1.4582036
4.677351412871981e-05 0.8112253 0.8590629 4.5823083 18.881102 1.0865399 1.4534147
5.011872336272715e-05 0.8080687 0.85069025 4.5836663 18.820656 1.0809841 1.4485816
5.3703179637025325e-05 0.80491644 0.8422341 4.5834727 18.75684 1.0754067 1.4437025
5.7543993733715664e-05 0.8017689 0.83369803 4.5817103 18.689491 1.0698069 1.4387789
6.165950018614822e-05 0.7986265 0.825087 4.578351 18.618464 1.064186 1.4338113
6.606934480075965e-05 0.7954901 0.81640476 4.5733767 18.54361 1.0585437 1.4288006
7.079457843841373e-05 0.7923616 0.8076561 4.5667663 18.46478 1.0528806 1.4237475
7.585775750291836e-05 0.78924125 0.79884493 4.5584974 18.381813 1.0471985 1.4186546
8.128305161640995e-05 0.78613096 0.78997624 4.5485473 18.294535 1.0414975 1.4135238
8.709635899560796e-05 0.78303194 0.78105366 4.536893 18.20279 1.0357785 1.4083574
9.332543007969905e-05 0.7799452 0.77208143 4.52351 18.106375 1.0300436 1.4031568
0.0001 0.77687347 0.76306415 4.5083766 18.005116 1.0242934 1.3979269
0.00010715193052376059 0.77381825 0.7540046 4.491465 17.898806 1.0185299 1.3926693
0.0001148153621496883 0.77078074 0.74490654 4.472758 17.787252 1.0127541 1.3873878
0.0001230268770812381 0.76776415 0.7357729 4.4522157 17.670237 1.006968 1.3820864
0.00013182567385564074 0.76476914 0.72660637 4.429808 17.547516 1.0011728 1.376767
0.0001412537544622754 0.7617983 0.7174083 4.4055157 17.418886 0.9953712 1.3714353
0.00015135612484362072 0.75885373 0.7081799 4.3792906 17.284077 0.98956376 1.366093
0.00016218100973589298 0.755937 0.6989216 4.3511114 17.142862 0.9837524 1.3607442
0.00017378008287493744 0.7530496 0.68963265 4.320929 16.99498 0.97793823 1.3553922
0.00018620871366628676 0.75019324 0.6803113 4.2887144 16.840181 0.97212267 1.3500392
0.00019952623149688788 0.7473697 0.67095476 4.2544265 16.678185 0.9663065 1.344688
0.00021379620895022324 0.74457884 0.6615587 4.2180204 16.50875 0.96049124 1.3393399
0.00022908676527677723 0.7418223 0.6521187 4.179454 16.331625 0.9546771 1.333998
0.00024547089156850286 0.7390993 0.6426278 4.138688 16.146568 0.9488638 1.3286607
0.00026302679918953814 0.7364103 0.6330796 4.095679 15.953372 0.94305146 1.3233296
0.00028183829312644523 0.73375565 0.62346673 4.0503874 15.751856 0.9372408 1.318006
0.0003019951720402016 0.73113394 0.6137823 4.0027733 15.541857 0.93142945 1.3126874
0.0003235936569296281 0.72854537 0.60402066 3.952806 15.323329 0.92561877 1.3073765
0.0003467368504525317 0.7259906 0.5941785 3.9004483 15.096209 0.91980815 1.3020711
0.0003715352290971724 0.7234697 0.58425665 3.8456838 14.860605 0.91399765 1.2967738
0.0003981071705534969 0.7209852 0.5742599 3.7885075 14.616716 0.9081887 1.291485
0.00042657951880159257 0.71854 0.56420046 3.728909 14.364855 0.9023833 1.28621
0.0004570881896148747 0.7161399 0.5540971 3.6669106 14.105528 0.89658576 1.2809519
0.0004897788193684461 0.7137926 0.54397565 3.6025388 13.839419 0.89080137 1.2757155
0.0005248074602497723 0.7115065 0.53386706 3.5358481 13.567445 0.88503784 1.2705075
0.0005623413251903491 0.7092939 0.523807 3.4669034 13.2907715 0.87930346 1.2653329
0.0006025595860743575 0.70716834 0.51383203 3.3957934 13.010863 0.87360907 1.2601968
0.0006456542290346556 0.7051436 0.5039767 3.322622 12.729488 0.8679669 1.2551013
0.0006918309709189362 0.7032357 0.49427193 3.2475185 12.448738 0.86238706 1.2500472
0.000741310241300917 0.701459 0.4847427 3.1706285 12.171103 0.8568819 1.2450328
0.0007943282347242813 0.69982827 0.47540694 3.0921056 11.899354 0.8514588 1.240053
0.0008511380382023759 0.6983578 0.46627834 3.0121238 11.6366205 0.8461233 1.235102
0.0009120108393559096 0.6970626 0.45736626 2.93088 11.386318 0.84087336 1.2301743
0.0009772372209558102 0.6959604 0.44868055 2.8485782 11.152082 0.835688 1.2252634
0.0010471285480508985 0.69507456 0.44023594 2.7654247 10.937615 0.83051974 1.2203714
0.001122018454301963 0.6944381 0.43205866 2.6816454 10.746616 0.82528114 1.2155188
0.001202264434617413 0.69408435 0.42418456 2.5974805 10.5825405 0.81988454 1.2107639
0.0012882495516931324 0.6940111 0.4166307 2.5132034 10.448477 0.814378 1.2061732
0.0013803842646028838 0.69416183 0.40934795 2.4291224 10.346828 0.8090295 1.2016735
0.0014791083881682072 0.69448113 0.40225476 2.345564 10.279339 0.80410653 1.1970505
0.001584893192461114 0.6949702 0.39532304 2.262818 10.246694 0.7996546 1.1921779
0.0016982436524617425 0.69566584 0.38857704 2.1811712 10.248565 0.7955872 1.187075
0.0018197008586099826 0.69660467 0.38204914 2.100892 10.283622 0.79182273 1.1817958
0.0019498445997580456 0.6978154 0.37576053 2.0222597 10.349489 0.78831697 1.1763769
0.0020892961308540407 0.6993199 0.36972165 1.9455472 10.442948 0.7850568 1.1708319
0.0022387211385683377 0.701139 0.36393586 1.8710201 10.560083 0.7820442 1.1651641
0.00239883291901949 0.7032909 0.3584017 1.7989409 10.696457 0.77928865 1.1593721
0.0025703957827688645 0.70579565 0.35311422 1.7295326 10.847381 0.7768058 1.1534511
0.0027542287033381634 0.70867324 0.34806558 1.6630309 11.00797 0.77461237 1.1473986
0.0029512092266663842 0.71194506 0.34324622 1.5996428 11.173415 0.7727274 1.1412119
0.0031622776601683794 0.71563315 0.33864418 1.5395632 11.339007 0.7711715 1.1348895
0.0033884415613920273 0.7197596 0.3342462 1.482969 11.500325 0.7699659 1.128433
0.00363078054770101 0.7243486 0.33003733 1.4300495 11.6531315 0.7691346 1.1218443
0.003890451449942805 0.72942424 0.32600108 1.380977 11.793551 0.7687005 1.1151253
0.004168693834703355 0.7350099 0.32212037 1.3359486 11.917972 0.76868993 1.1082809
0.004466835921509625 0.74113107 0.3183765 1.2951903 12.023039 0.7691291 1.1013134
0.00478630092322638 0.7478114 0.31474948 1.2589904 12.105658 0.77004486 1.0942271
0.005128613839913648 0.755075 0.31121826 1.227697 12.162934 0.7714656 1.0870241
0.005495408738576248 0.76294565 0.30776086 1.201696 12.192176 0.7734198 1.079706
0.005888436553555884 0.7714455 0.30435476 1.1812654 12.191013 0.775935 1.0722717
0.00630957344480193 0.78059953 0.3009792 1.1663684 12.157187 0.7790374 1.064718
0.006760829753919818 0.79043144 0.29761618 1.1565285 12.0884695 0.78274965 1.0570393
0.007244359600749891 0.8009652 0.29424942 1.1510656 11.982335 0.7870938 1.0492272
0.007762471166286911 0.8122213 0.29086325 1.1495446 11.836036 0.7920898 1.0412701
0.008317637711026709 0.8242172 0.28744078 1.1519884 11.64681 0.7977587 1.0331559
0.008912509381337459 0.83696586 0.28396514 1.1587461 11.411949 0.8041208 1.0248684
0.00954992586021435 0.85047704 0.28042087 1.1702545 11.128849 0.81119466 1.0163921
0.010232929922807537 0.86475706 0.2767945 1.1869328 10.794961 0.8189951 1.00771
0.01096478196143185 0.87981033 0.2730755 1.209105 10.407849 0.8275334 0.9988047
0.01174897554939528 0.89563596 0.26925582 1.2370346 9.965232 0.8368168 0.9896606
0.012589254117941661 0.9122288 0.26532993 1.2709061 9.465159 0.8468494 0.98026264
0.013489628825916533 0.92958105 0.2612945 1.3108284 8.906227 0.8576294 0.9705973
0.01445439770745928 0.947676 0.25714847 1.3568355 8.28783 0.8691502 0.9606538
0.015488166189124795 0.96649724 0.25289336 1.4088588 7.610584 0.8814003 0.95042586
0.016595869074375595 0.98601705 0.24853261 1.4666711 6.8768134 0.89436173 0.93991
0.01778279410038923 1.0062056 0.24407236 1.529905 6.0911064 0.90800935 0.9291063
0.019054607179632442 1.0270224 0.23952135 1.5979711 5.2612715 0.92231196 0.91801995
0.020417379446695274 1.0484214 0.23489104 1.670046 4.399648 0.93722844 0.90666044
0.02187761623949552 1.0703459 0.2301956 1.7450519 3.5255673 0.95270973 0.8950419
0.023442288153199226 1.0927327 0.22545205 1.8216296 2.671894 0.9686988 0.8831819
0.02511886431509577 1.1155043 0.22067933 1.8981513 1.9049884 0.9851249 0.87110174
0.02691534803926914 1.1385751 0.2158986 1.9727663 1.3843468 1.0019101 0.8588263
0.028840315031266057 1.1618474 0.21113159 2.0434432 1.3685354 1.018964 0.84638184
0.03090295432513592 1.1852113 0.2064005 2.1080644 1.7958949 1.0361844 0.83379686
0.03311311214825908 1.2085485 0.20172776 2.164531 2.3618557 1.0534626 0.8211021
0.03548133892335753 1.2317277 0.19713528 2.21088 2.908572 1.0706778 0.808329
0.038018939632056124 1.2546109 0.19264424 2.2453828 3.3733094 1.0877007 0.7955109
0.04073802778041122 1.2770523 0.1882763 2.2666695 3.7273962 1.1043974 0.7826831
0.04365158322401656 1.2989016 0.18405266 2.2737832 3.957523 1.120629 0.7698851
0.046773514128719815 1.3200045 0.17999591 2.2662525 4.060238 1.1362534 0.7571601
0.05011872336272725 1.3402083 0.17613004 2.2440944 4.039751 1.1511303 0.74455756
0.053703179637025214 1.3593601 0.1724809 2.2078104 3.9064207 1.1651244 0.7321345
0.057543993733715666 1.3773133 0.16907594 2.1583521 3.6758192 1.1781021 0.7199534
0.06165950018614822 1.3939258 0.16594337 2.0970588 3.3671832 1.1899413 0.708083
0.0660693448007595 1.4090624 0.16310894 2.0255833 3.0022166 1.2005271 0.69659156
0.07079457843841373 1.4225942 0.1605926 1.9458077 2.6036937 1.2097607 0.68554
0.07585775750291836 1.434402 0.15840225 1.8597292 2.1939921 1.2175518 0.6749704
0.08128305161640995 1.4443699 0.15652746 1.7693856 1.7939405 1.223824 0.6648934
0.08709635899560797 1.4523889 0.15493381 1.6767402 1.4217492 1.2285141 0.65527457
0.09332543007969905 1.4583484 0.15356033 1.5836189 1.092342 1.2315637 0.646028
0.1 1.4621391 0.15232159 1.4916235 0.81674445 1.2329198 0.637013
0.1 1.4621391 0.15232159 1.4916235 0.81674445 1.2329198 0.637013
0.101 1.4624994 0.15214834 1.4785471 0.78194046 1.2329726 0.63572323
0.10200000000000001 1.4628094 0.1519771 1.4656521 0.74873996 1.2329886 0.6344464
0.10300000000000001 1.46307 0.15180765 1.452942 0.7171001 1.2329689 0.6331818
0.10400000000000001 1.463282 0.15163949 1.4404095 0.6870054 1.2329144 0.63192874
0.10500000000000001 1.4634452 0.15147234 1.4280598 0.6584074 1.232825 0.63068616
0.10600000000000001 1.4635632 0.151306 1.4158865 0.6312476 1.2327037 0.62945336
0.10700000000000001 1.4636351 0.15113999 1.4038914 0.60553414 1.2325491 0.62823
0.10800000000000001 1.4636629 0.15097433 1.3920697 0.58118075 1.2323629 0.6270149
0.10900000000000001 1.4636453 0.15080848 1.3804231 0.5581707 1.2321454 0.6258075
0.11 1.4635863 0.1506424 1.3689482 0.53646576 1.2318977 0.62460756
0.111 1.4634845 0.15047581 1.3576431 0.51601607 1.2316197 0.62341374
0.112 1.4633412 0.1503085 1.3465042 0.4967651 1.2313132 0.6222261
0.113 1.4631577 0.15014036 1.335532 0.47867483 1.2309778 0.62104416
0.114 1.462934 0.1499711 1.3247224 0.46170098 1.2306141 0.6198666
0.115 1.4626722 0.14980063 1.3140724 0.4457877 1.2302232 0.6186938
0.116 1.4623712 0.14962883 1.3035852 0.4309019 1.2298052 0.6175251
0.117 1.462032 0.14945555 1.2932516 0.4169729 1.2293607 0.6163597
0.11800000000000001 1.4616565 0.14928064 1.2830731 0.4039645 1.2288904 0.6151976
0.11900000000000001 1.4612439 0.14910401 1.273045 0.3918179 1.2283939 0.6140382
0.12000000000000001 1.4607952 0.14892568 1.2631669 0.38048553 1.227873 0.61288106
0.12100000000000001 1.4603122 0.14874542 1.2534361 0.36992234 1.2273277 0.61172616
0.122 1.4597942 0.14856313 1.2438502 0.36007234 1.2267563 0.61057293
0.123 1.459242 0.14837883 1.2344056 0.35088438 1.2261627 0.609421
0.124 1.458656 0.14819255 1.2251018 0.34231445 1.2255448 0.60827047
0.125 1.4580369 0.14800407 1.2159352 0.33430928 1.2249043 0.6071205
0.126 1.4573851 0.14781353 1.2069018 0.32682782 1.2242413 0.60597146
0.127 1.4567015 0.14762081 1.1980033 0.3198244 1.2235548 0.604823
0.128 1.4559854 0.14742574 1.1892337 0.31325892 1.2228466 0.6036744
0.129 1.4552389 0.1472286 1.1805903 0.30708426 1.2221166 0.6025262
0.13 1.4544616 0.14702927 1.1720741 0.30126992 1.2213651 0.6013776
0.131 1.4536536 0.14682756 1.1636792 0.29577568 1.2205924 0.60022885
0.132 1.4528161 0.14662367 1.155405 0.29057038 1.2197987 0.5990796
0.133 1.4519483 0.1464176 1.1472496 0.28562054 1.2189842 0.59792995
0.134 1.4510525 0.14620936 1.1392103 0.28089985 1.2181493 0.5967794
0.135 1.450127 0.14599884 1.1312857 0.2763811 1.2172948 0.5956284
0.136 1.4491731 0.14578609 1.1234703 0.27203974 1.2164198 0.59447634
0.137 1.4481909 0.14557128 1.1157641 0.2678532 1.2155243 0.593323
0.138 1.447182 0.14535424 1.1081662 0.2638029 1.2146105 0.59216887
0.139 1.4461448 0.14513522 1.1006721 0.25987056 1.2136769 0.59101355
0.14 1.4450808 0.14491405 1.0932815 0.25604093 1.2127242 0.58985704
0.14100000000000001 1.4439895 0.14469084 1.0859889 0.25230035 1.211752 0.5886993
0.14200000000000002 1.4428717 0.14446563 1.0787957 0.24863337 1.2107615 0.58754015
0.14300000000000002 1.4417282 0.14423849 1.071699 0.24503192 1.209753 0.5863797
0.14400000000000002 1.4405588 0.14400929 1.0646958 0.24148507 1.2087255 0.5852179
0.14500000000000002 1.4393634 0.14377831 1.0577859 0.23798633 1.2076795 0.58405477
0.14600000000000002 1.4381424 0.14354537 1.0509666 0.23452282 1.2066162 0.58289
0.14700000000000002 1.4368972 0.14331077 1.0442348 0.23109734 1.2055347 0.58172405
0.14800000000000002 1.4356266 0.14307417 1.0375894 0.22770016 1.2044358 0.58055645
0.14900000000000002 1.4343309 0.14283597 1.0310283 0.22432609 1.2033191 0.57938755
0.15000000000000002 1.4330119 0.14259608 1.0245498 0.22097357 1.202185 0.57821685
0.15100000000000002 1.4316678 0.14235447 1.0181533 0.2176397 1.2010334 0.5770447
0.15200000000000002 1.4303007 0.14211118 1.011834 0.2143208 1.1998649 0.57587117
0.153 1.4289082 0.14186645 1.0055954 0.21101606 1.198679 0.57469624
0.154 1.4274939 0.14162011 0.9994303 0.20772238 1.1974761 0.57351977
0.155 1.4260559 0.14137234 0.9933382 0.20444624 1.196257 0.5723418
0.156 1.4245943 0.14112306 0.9873191 0.20118068 1.1950209 0.5711623
0.157 1.4231108 0.14087231 0.9813718 0.19792768 1.193768 0.5699814
0.158 1.4216038 0.14062017 0.97549367 0.19468594 1.1924995 0.56879926
0.159 1.4200749 0.1403668 0.9696813 0.19145982 1.1912144 0.56761557
0.16 1.418523 0.14011203 0.96393716 0.18824188 1.1899124 0.5664305
0.161 1.4169495 0.13985607 0.95825714 0.18504234 1.188595 0.56524384
0.162 1.4153543 0.13959885 0.9526397 0.18185988 1.1872615 0.5640561
0.163 1.4137367 0.13934045 0.94708383 0.17868997 1.1859118 0.562867
0.164 1.412098 0.13908087 0.9415911 0.1755385 1.184547 0.5616766
0.165 1.4104382 0.1388202 0.936155 0.17240381 1.1831656 0.56048477
0.166 1.4087559 0.13855839 0.93077743 0.1692936 1.1817695 0.55929184
0.167 1.407055 0.13829555 0.9254562 0.16619943 1.1803572 0.5580977
0.168 1.4053321 0.13803166 0.9201897 0.16313292 1.1789294 0.5569023
0.169 1.4035875 0.13776682 0.91497785 0.16008377 1.1774863 0.55570567
0.17 1.4018235 0.13750097 0.9098182 0.15706325 1.1760288 0.5545079
0.171 1.4000387 0.1372342 0.9047115 0.15406571 1.1745555 0.55330896
0.17200000000000001 1.3982333 0.13696648 0.8996536 0.15109773 1.1730675 0.5521091
0.173 1.3964086 0.13669792 0.8946452 0.14815514 1.1715641 0.550908
0.174 1.3945636 0.1364285 0.8896856 0.14524217 1.1700454 0.54970586
0.175 1.392699 0.13615817 0.8847724 0.14235915 1.1685133 0.5485027
0.176 1.3908147 0.13588712 0.87990606 0.1395099 1.1669651 0.54729843
0.177 1.3889105 0.13561526 0.8750843 0.13669036 1.1654029 0.54609346
0.178 1.3869873 0.13534266 0.8703074 0.13390188 1.1638259 0.5448878
0.179 1.3850452 0.13506924 0.8655741 0.13114627 1.1622344 0.54368067
0.18 1.3830835 0.13479522 0.86088014 0.12842783 1.1606287 0.54247284
0.181 1.381103 0.13452041 0.85623014 0.12574139 1.1590085 0.5412643
0.182 1.3791041 0.13424496 0.8516189 0.12309075 1.1573738 0.5400548
0.183 1.3770865 0.13396874 0.8470481 0.120474465 1.1557254 0.5388445
0.184 1.3750502 0.13369207 0.84251595 0.11789355 1.1540627 0.5376333
0.185 1.3729957 0.13341466 0.8380211 0.11534985 1.1523861 0.53642166
0.186 1.3709233 0.13313663 0.8335629 0.11284415 1.1506959 0.5352091
0.187 1.3688326 0.13285802 0.82914156 0.11037645 1.1489911 0.5339959
0.188 1.3667231 0.1325788 0.8247541 0.10794396 1.1472726 0.5327819
0.189 1.3645966 0.13229907 0.8204046 0.10554493 1.1455411 0.5315671
0.19 1.362452 0.13201888 0.81608653 0.103188865 1.1437953 0.53035206
0.191 1.3602906 0.13173802 0.81180114 0.10086709 1.1420361 0.52913624
0.192 1.3581117 0.13145675 0.8075494 0.09858308 1.1402634 0.52791977
0.193 1.3559147 0.13117485 0.80332893 0.09633694 1.1384777 0.52670276
0.194 1.3537011 0.13089256 0.79914147 0.09412625 1.1366782 0.52548504
0.195 1.351471 0.13060963 0.7949818 0.091954075 1.1348654 0.52426684
0.196 1.3492237 0.13032642 0.790854 0.089817435 1.1330403 0.5230484
0.197 1.3469582 0.13004261 0.78675383 0.08772074 1.1312007 0.5218291
0.198 1.3446777 0.12975842 0.78268385 0.085657015 1.1293492 0.5206096
0.199 1.3423799 0.12947373 0.7786416 0.083630376 1.1274843 0.51938957
0.2 1.3400666 0.1291887 0.7746271 0.08163998 1.1256075 0.518169
0.201 1.3377364 0.12890318 0.7706394 0.07968552 1.1237164 0.5169481
0.202 1.3353902 0.12861726 0.76667833 0.07776431 1.1218133 0.5157266
0.203 1.3330281 0.12833093 0.7627435 0.075879104 1.1198975 0.51450515
0.20400000000000001 1.3306503 0.12804429 0.7588345 0.07402833 1.1179693 0.513283
0.20500000000000002 1.3282565 0.12775718 0.75494957 0.072213165 1.1160284 0.5120607
0.20600000000000002 1.325847 0.1274697 0.75108933 0.07042971 1.1140757 0.5108379
0.20700000000000002 1.3234224 0.12718174 0.7472539 0.068679735 1.1121106 0.50961494
0.20800000000000002 1.3209822 0.12689361 0.7434408 0.06696378 1.1101327 0.50839156
0.20900000000000002 1.3185266 0.126605 0.73965126 0.065280415 1.1081432 0.5071678
0.21000000000000002 1.3160563 0.12631606 0.7358857 0.06362835 1.1061416 0.505944
0.21100000000000002 1.3135703 0.12602685 0.73214173 0.062008347 1.1041276 0.5047197
0.21200000000000002 1.3110696 0.12573728 0.7284203 0.060419697 1.1021019 0.5034953
0.21300000000000002 1.3085549 0.12544724 0.72472006 0.058861673 1.1000644 0.5022706
0.21400000000000002 1.3060253 0.12515703 0.7210408 0.057334393 1.0980157 0.50104576
0.21500000000000002 1.3034811 0.12486645 0.717383 0.055837687 1.0959549 0.4998205
0.21600000000000003 1.3009228 0.12457547 0.71374506 0.054370966 1.0938824 0.49859518
0.21700000000000003 1.2983502 0.12428426 0.7101283 0.052932248 1.0917987 0.49736968
0.21800000000000003 1.2957637 0.12399276 0.7065307 0.051524475 1.0897033 0.49614415
0.21900000000000003 1.293163 0.123700894 0.7029518 0.05014547 1.087597 0.49491817
0.22 1.2905486 0.12340878 0.69939286 0.04879395 1.0854788 0.49369222
0.221 1.2879201 0.12311637 0.6958534 0.04747193 1.0833504 0.49246603
0.222 1.2852778 0.12282369 0.69233114 0.04617645 1.0812103 0.49123988
0.223 1.2826232 0.12253068 0.6888284 0.044909686 1.0790596 0.49001345
0.224 1.2799547 0.12223742 0.6853433 0.04367087 1.0768982 0.48878714
0.225 1.2772727 0.12194393 0.68187594 0.042458422 1.0747257 0.48756042
0.226 1.2745782 0.12165011 0.67842466 0.0412732 1.0725422 0.4863338
0.227 1.27187 0.121356025 0.6749926 0.04011554 1.0703489 0.485107
0.228 1.2691494 0.121061645 0.6715777 0.038985245 1.0681449 0.48388022
0.229 1.2664163 0.1207671 0.66817737 0.037880417 1.0659301 0.48265344
0.23 1.2636698 0.12047225 0.66479564 0.036802933 1.0637045 0.48142633
0.231 1.2609116 0.120177165 0.6614295 0.035752486 1.0614692 0.48019952
0.232 1.2581413 0.11988179 0.6580774 0.03472846 1.0592234 0.47897255
0.233 1.2553586 0.11958622 0.65474296 0.033731107 1.0569681 0.47774562
0.234 1.2525636 0.11929043 0.6514246 0.032760397 1.0547024 0.47651848
0.23500000000000001 1.249757 0.118994355 0.6481207 0.031817418 1.052427 0.47529158
0.23600000000000002 1.2469386 0.118698105 0.64483213 0.030900897 1.0501419 0.47406447
0.23700000000000002 1.2441081 0.11840158 0.6415589 0.03001235 1.0478466 0.47283742
0.23800000000000002 1.2412667 0.11810489 0.63830036 0.029150562 1.0455422 0.4716104
0.23900000000000002 1.2384132 0.117807925 0.6350556 0.028316682 1.0432279 0.4703835
0.24000000000000002 1.235549 0.11751076 0.6318257 0.027510896 1.0409045 0.46915644
0.24100000000000002 1.232673 0.117213376 0.62861025 0.026733195 1.0385711 0.46792957
0.24200000000000002 1.2297866 0.116915785 0.62540865 0.025984243 1.0362289 0.46670282
0.24300000000000002 1.2268889 0.11661798 0.6222209 0.025262956 1.0338775 0.46547598
0.24400000000000002 1.2239803 0.11632001 0.6190469 0.024571696 1.0315169 0.4642493
0.245 1.2210613 0.11602175 0.61588734 0.023909656 1.0291476 0.46302247
0.246 1.218132 0.115723416 0.6127408 0.023278244 1.0267692 0.4617961
0.247 1.2151918 0.11542482 0.60960627 0.022676378 1.0243818 0.46056935
0.248 1.2122414 0.11512601 0.60648614 0.022105796 1.0219859 0.45934305
0.249 1.209281 0.11482704 0.603379 0.021565303 1.0195812 0.45811668
0.25 1.206311 0.11452794 0.6002838 0.02105601 1.0171684 0.45689037
0.251 1.2033306 0.114228606 0.5972022 0.020578777 1.0147469 0.45566446
0.252 1.2003399 0.11392908 0.5941326 0.02013364 1.0123173 0.45443857
0.253 1.1973401 0.11362936 0.5910757 0.01971928 1.009879 0.4532124
0.254 1.194331 0.1133296 0.5880315 0.019336917 1.0074326 0.45198682
0.255 1.1913124 0.11302958 0.58499885 0.018987386 1.0049787 0.4507613
0.256 1.1882839 0.11272941 0.5819795 0.018668085 1.0025165 0.44953594
0.257 1.1852471 0.11242902 0.5789704 0.018380724 1.0000461 0.44831058
0.258 1.1822008 0.112128526 0.57597345 0.018124226 0.9975683 0.44708556
0.259 1.1791462 0.111827865 0.57298845 0.017897958 0.9950826 0.44586062
0.26 1.1760817 0.111527115 0.57001615 0.017701857 0.99258965 0.44463584
0.261 1.1730095 0.11122618 0.5670547 0.017534846 0.99008924 0.44341132
0.262 1.1699286 0.11092506 0.5641046 0.017395869 0.9875807 0.44218674
0.263 1.1668389 0.11062383 0.5611657 0.017284004 0.9850657 0.44096252
0.264 1.1637412 0.11032249 0.5582388 0.017198155 0.98254347 0.4397388
0.265 1.1606357 0.110021025 0.5553218 0.017136589 0.98001397 0.43851474
0.266 1.1575217 0.10971935 0.55241674 0.017099643 0.9774767 0.43729135
0.267 1.1543998 0.1094176 0.54952246 0.01708428 0.97493315 0.43606794
0.268 1.15127 0.109115735 0.5466391 0.017089266 0.9723828 0.43484488
0.269 1.148133 0.10881372 0.5437668 0.017114358 0.9698259 0.4336221
0.27 1.1449878 0.10851165 0.5409044 0.017157169 0.96726155 0.4323995
0.271 1.1418362 0.10820939 0.5380537 0.017216712 0.9646912 0.43117696
0.272 1.1386768 0.10790706 0.53521246 0.017290004 0.9621144 0.42995495
0.273 1.13551 0.10760454 0.5323824 0.017378466 0.959531 0.42873308
0.274 1.1323369 0.10730209 0.52956223 0.017478865 0.9569421 0.42751166
0.275 1.1291562 0.10699945 0.5267528 0.017589444 0.9543464 0.4262904
0.276 1.1259688 0.10669669 0.52395403 0.017710825 0.95174456 0.42506927
0.277 1.1227744 0.106393844 0.5211649 0.017839538 0.94913673 0.42384875
0.278 1.1195741 0.106090926 0.5183855 0.017976865 0.9465231 0.42262822
0.279 1.1163671 0.105787955 0.5156168 0.018119767 0.94390374 0.42140833
0.28 1.113154 0.10548489 0.51285845 0.018267233 0.9412787 0.42018846
0.281 1.1099341 0.10518167 0.51010907 0.018420229 0.9386476 0.418969
0.28200000000000003 1.1067085 0.10487845 0.5073699 0.018575376 0.9360117 0.41775006
0.28300000000000003 1.1034771 0.104575165 0.50464034 0.018733364 0.9333698 0.41653132
0.28400000000000003 1.10024 0.1042718 0.5019209 0.01889432 0.93072283 0.4153129
0.28500000000000003 1.0969965 0.10396837 0.4992109 0.019054236 0.92807084 0.41409472
0.28600000000000003 1.0937477 0.10366484 0.4965111 0.019215828 0.9254134 0.4128771
0.28700000000000003 1.0904938 0.103361286 0.4938199 0.019376626 0.92275095 0.41165984
0.28800000000000003 1.0872343 0.10305771 0.49113885 0.019536724 0.92008376 0.41044286
0.28900000000000003 1.0839696 0.10275408 0.48846707 0.019694787 0.9174115 0.40922633
0.29000000000000004 1.0806996 0.102450356 0.48580456 0.01985203 0.9147341 0.4080102
0.29100000000000004 1.0774251 0.10214664 0.48315158 0.020005696 0.91205287 0.4067945
0.29200000000000004 1.0741448 0.101842865 0.480508 0.020158714 0.90936667 0.40557912
0.29300000000000004 1.0708604 0.10153908 0.4778733 0.020307198 0.90667605 0.40436426
0.29400000000000004 1.0675709 0.101235285 0.47524863 0.020452477 0.90398055 0.40314978
0.29500000000000004 1.0642773 0.10093137 0.4726324 0.020594293 0.9012808 0.40193573
0.29600000000000004 1.0609792 0.10062758 0.4700259 0.020732123 0.8985773 0.40072227
0.29700000000000004 1.0576764 0.100323714 0.46742812 0.020866282 0.8958699 0.39950904
0.29800000000000004 1.0543698 0.10001979 0.46483886 0.020995047 0.8931576 0.3982965
0.29900000000000004 1.0510592 0.099715814 0.4622594 0.021120405 0.8904414 0.3970842
0.30000000000000004 1.047744 0.09941201 0.45968887 0.021240227 0.88772225 0.39587256
0.30100000000000005 1.0444261 0.09910806 0.4571273 0.021355508 0.8849987 0.3946615
0.30200000000000005 1.0411035 0.09880414 0.45457435 0.021466898 0.8822715 0.3934507
0.30300000000000005 1.0377777 0.0985003 0.4520302 0.021571232 0.87954056 0.39224038
0.30400000000000005 1.0344479 0.09819635 0.44949505 0.021670412 0.87680686 0.39103064
0.30500000000000005 1.0311153 0.09789249 0.44696844 0.021766583 0.87406904 0.38982153
0.30600000000000005 1.0277791 0.09758865 0.44445106 0.021856006 0.87132806 0.38861284
0.30700000000000005 1.0244393 0.09728487 0.4419422 0.021939997 0.8685842 0.3874049
0.30800000000000005 1.0210968 0.09698105 0.43944168 0.02201847 0.8658366 0.38619718
0.309 1.0177519 0.09667731 0.43695045 0.022092395 0.86308616 0.38499022
0.31 1.0144033 0.09637359 0.43446735 0.022160402 0.86033297 0.38378385
0.311 1.0110524 0.09606991 0.43199357 0.022223895 0.85757685 0.38257802
0.312 1.0076989 0.09576632 0.42952785 0.022279838 0.854818 0.38137275
0.313 1.0043424 0.09546269 0.42707026 0.022332007 0.85205597 0.38016808
0.314 1.000984 0.095159166 0.42462194 0.02237837 0.849292 0.37896413
0.315 0.9976227 0.094855726 0.4221817 0.022418614 0.8465249 0.3777607
0.316 0.9942601 0.09455233 0.41975012 0.022454225 0.84375626 0.37655786
0.317 0.9908949 0.094249025 0.4173272 0.022486346 0.84098434 0.37535596
0.318 0.9875276 0.09394572 0.41491213 0.022510948 0.83821017 0.3741542
0.319 0.9841586 0.09364253 0.41250575 0.022531569 0.83543426 0.3729534
0.32 0.98078775 0.093339466 0.410108 0.022546003 0.8326565 0.3717532
0.321 0.9774151 0.09303649 0.40771842 0.022556335 0.8298764 0.37055373
0.322 0.97404104 0.09273355 0.40533707 0.022561269 0.82709444 0.36935472
0.323 0.9706659 0.0924307 0.4029643 0.022561142 0.8243105 0.36815667
0.324 0.9672885 0.092127986 0.4005999 0.022556247 0.82152486 0.36695912
0.325 0.96391046 0.091825396 0.3982434 0.022547804 0.81873757 0.3657625
0.326 0.9605314 0.09152289 0.3958953 0.022532646 0.8159485 0.3645665
0.327 0.9571507 0.09122049 0.39355534 0.022513775 0.81315833 0.36337107
0.328 0.95376897 0.09091824 0.39122444 0.022490557 0.8103666 0.36217666
0.329 0.95038724 0.09061612 0.3889009 0.022462724 0.8075731 0.36098298
0.33 0.9470043 0.0903141 0.3865861 0.022429828 0.8047791 0.35978997
0.331 0.9436205 0.090012185 0.38427913 0.022393642 0.8019834 0.3585977
0.332 0.9402365 0.08971044 0.38198012 0.022353102 0.799187 0.35740614
0.333 0.936852 0.089408845 0.37968993 0.022308676 0.79638946 0.35621557
0.334 0.93346673 0.08910738 0.37740764 0.022259211 0.7935911 0.35502574
0.335 0.9300815 0.08880611 0.37513316 0.022207139 0.79079163 0.35383677
0.336 0.9266959 0.088504955 0.37286758 0.022150774 0.78799146 0.35264844
0.337 0.9233105 0.08820395 0.3706093 0.022091275 0.78519034 0.35146117
0.338 0.91992515 0.087903105 0.36835983 0.022026526 0.78238904 0.35027462
0.339 0.91653925 0.08760248 0.36611775 0.021959735 0.77958727 0.349089
0.33999999999999997 0.91315466 0.08730203 0.36388406 0.021888502 0.7767851 0.34790415
0.34099999999999997 0.9097698 0.08700172 0.36165893 0.021814784 0.7739825 0.34672013
0.34199999999999997 0.90638524 0.08670162 0.3594415 0.02173742 0.7711794 0.34553725
0.34299999999999997 0.90300125 0.08640166 0.35723248 0.021657027 0.76837623 0.34435502
0.344 0.8996182 0.08610197 0.3550312 0.021573305 0.76557314 0.34317395
0.345 0.89623505 0.08580245 0.35283798 0.021486888 0.7627695 0.34199348
0.346 0.89285314 0.085503094 0.3506533 0.021397563 0.75996643 0.3408143
0.347 0.88947266 0.08520401 0.34847638 0.02130552 0.7571632 0.3396358
0.348 0.8860926 0.08490513 0.3463074 0.021211535 0.7543604 0.33845836
0.349 0.8827135 0.084606454 0.34414643 0.021113101 0.7515578 0.33728188
0.35 0.8793354 0.08430796 0.3419929 0.021013714 0.7487552 0.3361062
0.351 0.87595916 0.08400974 0.33984867 0.020911165 0.7459532 0.33493185
0.352 0.87258375 0.08371174 0.337712 0.02080688 0.7431519 0.33375823
0.353 0.8692101 0.083414 0.33558333 0.020700231 0.74035096 0.33258575
0.354 0.8658376 0.0831165 0.33346245 0.020590838 0.7375505 0.33141437
0.355 0.8624663 0.08281918 0.33134946 0.020480294 0.7347513 0.33024377
0.356 0.8590969 0.082522176 0.32924443 0.020367466 0.7319522 0.3290743
0.357 0.8557298 0.08222546 0.32714826 0.020253204 0.72915435 0.327906
0.358 0.8523642 0.08192895 0.32505938 0.020136094 0.72635764 0.32673872
0.359 0.84900004 0.081632696 0.3229791 0.02001811 0.7235619 0.32557243
0.36 0.8456385 0.081336714 0.32090634 0.019898407 0.72076666 0.32440725
0.361 0.8422791 0.08104105 0.3188419 0.019777076 0.7179734 0.32324314
0.362 0.838922 0.08074569 0.31678504 0.019654082 0.7151808 0.3220802
0.363 0.83556664 0.08045053 0.31473657 0.019530218 0.71238947 0.32091832
0.364 0.83221376 0.080155656 0.3126959 0.019404134 0.7095996 0.3197576
0.365 0.8288634 0.079861134 0.3106635 0.019278174 0.70681137 0.31859803
0.366 0.82551515 0.079566926 0.30863902 0.019149708 0.70402426 0.3174396
0.367 0.82216996 0.07927295 0.3066227 0.019021323 0.7012394 0.31628236
0.368 0.8188272 0.07897929 0.30461392 0.018891443 0.6984558 0.31512633
0.369 0.8154869 0.07868595 0.30261326 0.018759925 0.6956735 0.31397134
0.37 0.8121496 0.07839297 0.30062112 0.0186287 0.69289345 0.31281766
0.371 0.8088158 0.07810024 0.29863656 0.018496005 0.6901153 0.31166515
0.372 0.80548453 0.0778079 0.29666004 0.018362796 0.68733907 0.3105139
0.373 0.80215573 0.07751584 0.2946914 0.01822907 0.68456435 0.30936372
0.374 0.79883075 0.07722416 0.29273137 0.018094463 0.6817921 0.30821478
0.375 0.7955086 0.07693278 0.29077843 0.01796026 0.67902213 0.3070672
0.376 0.79218996 0.07664175 0.2888342 0.017824441 0.6762539 0.30592096
0.377 0.78887475 0.07635106 0.28689805 0.017688306 0.6734883 0.30477586
0.378 0.7855625 0.076060735 0.2849695 0.01755258 0.6707245 0.30363205
0.379 0.7822543 0.07577072 0.28304902 0.017415956 0.6679635 0.3024896
0.38 0.77894956 0.07548115 0.2811372 0.017279057 0.6652048 0.30134848
0.381 0.7756482 0.075191885 0.27923262 0.01714236 0.66244864 0.3002085
0.382 0.7723501 0.074902974 0.27733645 0.01700541 0.659695 0.29906997
0.383 0.7690566 0.07461445 0.27544788 0.016868146 0.6569441 0.29793268
0.384 0.7657669 0.0743263 0.27356747 0.01673138 0.6541958 0.2967968
0.385 0.7624807 0.07403856 0.27169514 0.01659443 0.6514502 0.29566228
0.386 0.75919867 0.07375116 0.26983115 0.01645759 0.6487076 0.2945291
0.387 0.7559206 0.07346418 0.26797482 0.016320376 0.6459677 0.2933973
0.388 0.7526463 0.07317754 0.26612675 0.016183993 0.64323074 0.2922669
0.389 0.74937683 0.072891325 0.2642866 0.016047357 0.6404966 0.29113784
0.39 0.7461115 0.072605535 0.26245442 0.01591127 0.6377659 0.29001024
0.391 0.74285036 0.072320074 0.26063052 0.015775438 0.63503814 0.28888413
0.392 0.73959345 0.072035044 0.258814 0.01564008 0.63231343 0.28775924
0.393 0.7363412 0.07175041 0.25700617 0.015504922 0.62959194 0.28663594
0.394 0.7330935 0.071466215 0.25520623 0.015370627 0.6268739 0.28551397
0.395 0.7298505 0.07118244 0.25341418 0.0152360825 0.6241592 0.2843936
0.396 0.72661155 0.07089909 0.25163025 0.015102669 0.62144774 0.28327456
0.397 0.72337794 0.070616126 0.24985449 0.014969819 0.6187397 0.28215712
0.398 0.7201489 0.07033364 0.24808638 0.014837124 0.61603516 0.2810411
0.399 0.71692485 0.07005155 0.24632652 0.014705 0.6133342 0.27992663
0.4 0.71370506 0.069769874 0.24457453 0.014574268 0.61063725 0.27881348
0.401 0.7104906 0.06948864 0.24283062 0.014443672 0.6079435 0.27770212
0.402 0.7072812 0.06920786 0.24109499 0.014313965 0.60525364 0.27659202
0.403 0.70407695 0.06892752 0.23936737 0.014185102 0.6025676 0.27548352
0.404 0.7008779 0.06864763 0.23764753 0.014056825 0.59988517 0.27437675
0.405 0.6976838 0.06836821 0.23593551 0.013929493 0.597207 0.27327138
0.406 0.69449484 0.06808918 0.23423153 0.013803056 0.5945324 0.2721676
0.40700000000000003 0.6913115 0.06781066 0.23253623 0.0136774955 0.59186167 0.27106532
0.40800000000000003 0.68813354 0.06753259 0.23084843 0.013552652 0.5891952 0.2699648
0.40900000000000003 0.6849607 0.06725496 0.22916856 0.013428703 0.5865331 0.26886582
0.41000000000000003 0.6817937 0.06697778 0.2274968 0.013306147 0.5838744 0.26776826
0.41100000000000003 0.6786319 0.06670108 0.22583327 0.013184151 0.5812206 0.2666725
0.41200000000000003 0.675476 0.06642486 0.22417717 0.013063423 0.5785708 0.26557833
0.41300000000000003 0.6723256 0.06614914 0.2225296 0.012943472 0.57592505 0.26448575
0.41400000000000003 0.66918075 0.06587384 0.22089003 0.012824644 0.5732843 0.26339498
0.41500000000000004 0.6660415 0.065599024 0.21925782 0.012707008 0.570647 0.26230562
0.41600000000000004 0.6629085 0.06532469 0.2176346 0.012590293 0.5680146 0.261218
0.41700000000000004 0.65978074 0.065050855 0.21601889 0.012474899 0.5653866 0.26013207
0.41800000000000004 0.65665936 0.06477752 0.21441104 0.012360238 0.5627633 0.25904784
0.41900000000000004 0.6535438 0.06450461 0.21281119 0.012247685 0.560144 0.2579653
0.42000000000000004 0.65043426 0.06423226 0.21121925 0.012135481 0.55752975 0.25688425
0.42100000000000004 0.647331 0.06396037 0.20963553 0.01202465 0.5549202 0.25580522
0.42200000000000004 0.6442337 0.06368896 0.20805961 0.0119148595 0.55231494 0.25472775
0.42300000000000004 0.64114225 0.06341807 0.20649156 0.011806588 0.54971486 0.25365207
0.42400000000000004 0.63805723 0.063147664 0.20493153 0.0116993515 0.5471193 0.25257793
0.42500000000000004 0.63497823 0.062877774 0.20337959 0.011593401 0.54452866 0.25150576
0.42600000000000005 0.6319059 0.06260836 0.20183554 0.0114888875 0.54194313 0.2504353
0.42700000000000005 0.62883973 0.06233948 0.20029931 0.011385303 0.53936195 0.24936658
0.42800000000000005 0.62578005 0.062071078 0.19877133 0.01128327 0.5367862 0.24829967
0.42900000000000005 0.6227264 0.061803237 0.19725062 0.0111822635 0.5342151 0.24723433
0.43000000000000005 0.6196797 0.061535858 0.19573839 0.011082834 0.5316491 0.24617095
0.43100000000000005 0.61663914 0.06126903 0.19423383 0.010984731 0.5290884 0.24510936
0.43200000000000005 0.61360556 0.061002713 0.19273739 0.010887713 0.52653265 0.24404964
0.43300000000000005 0.6105778 0.060736895 0.19124864 0.010792321 0.5239821 0.2429916
0.43400000000000005 0.6075574 0.060471606 0.18976769 0.010698297 0.52143675 0.24193545
0.43500000000000005 0.60454345 0.06020682 0.18829495 0.0106053725 0.5188965 0.24088113
0.43600000000000005 0.6015363 0.059942596 0.18682972 0.010513937 0.5163616 0.23982866
0.43700000000000006 0.5985359 0.059678867 0.18537262 0.010423985 0.513832 0.23877804
0.43800000000000006 0.59554195 0.059415672 0.18392305 0.010335252 0.5113076 0.23772913
0.43900000000000006 0.5925554 0.059153005 0.18248157 0.010247927 0.5087888 0.23668225
0.44000000000000006 0.58957547 0.058890868 0.18104787 0.010161977 0.5062752 0.2356372
0.44100000000000006 0.5866025 0.058629263 0.17962195 0.010077405 0.5037672 0.23459415
0.44200000000000006 0.5836369 0.058368206 0.17820415 0.009994486 0.50126433 0.23355286
0.44300000000000006 0.5806773 0.05810768 0.17679375 0.009912559 0.4987673 0.2325134
0.44400000000000006 0.5777255 0.05784768 0.17539121 0.00983201 0.4962758 0.23147596
0.44500000000000006 0.5747807 0.057588216 0.17399663 0.009753118 0.49379024 0.23044048
0.44600000000000006 0.57184285 0.057329293 0.17260973 0.009675346 0.49130967 0.22940685
0.44700000000000006 0.56891197 0.0570709 0.17123039 0.009599202 0.48883504 0.22837514
0.44800000000000006 0.5659887 0.056813087 0.16985922 0.00952433 0.48636627 0.2273454
0.44900000000000007 0.56307226 0.0565558 0.16849539 0.009450904 0.48390284 0.22631767
0.45000000000000007 0.5601634 0.05629906 0.16713966 0.009379124 0.4814455 0.2252918
0.45100000000000007 0.5572617 0.05604287 0.16579129 0.00930814 0.47899383 0.22426796
0.45199999999999996 0.554367 0.05578721 0.16445053 0.0092389975 0.47654775 0.22324608
0.45299999999999996 0.55148 0.05553212 0.1631177 0.009170754 0.47410777 0.22222622
0.45399999999999996 0.54860044 0.05527756 0.16179267 0.009104268 0.47167367 0.22120826
0.45499999999999996 0.54572845 0.05502357 0.16047503 0.009039001 0.46924564 0.22019242
0.45599999999999996 0.5428634 0.054770127 0.15916547 0.008975148 0.46682322 0.21917848
0.45699999999999996 0.5400062 0.054517206 0.15786275 0.00891249 0.4644067 0.21816663
0.45799999999999996 0.53715646 0.05426488 0.15656833 0.008851054 0.46199647 0.21715677
0.45899999999999996 0.534314 0.054013096 0.1552814 0.008791118 0.45959198 0.2161489
0.45999999999999996 0.53147936 0.05376187 0.15400177 0.008732649 0.45719388 0.2151431
0.46099999999999997 0.52865213 0.05351122 0.15272999 0.008675283 0.45480156 0.21413933
0.46199999999999997 0.52583265 0.053261112 0.15146571 0.008619095 0.45241547 0.21313767
0.46299999999999997 0.5230209 0.053011555 0.1502091 0.0085642 0.4500354 0.21213804
0.46399999999999997 0.5202166 0.0527626 0.14895977 0.008510837 0.4476618 0.2111405
0.46499999999999997 0.5174205 0.05251419 0.14771816 0.008458316 0.44529426 0.21014503
0.46599999999999997 0.5146318 0.052266307 0.14648391 0.008407268 0.44293255 0.20915155
0.46699999999999997 0.5118504 0.05201901 0.14525701 0.008357525 0.44057748 0.20816027
0.46799999999999997 0.5090775 0.051772285 0.1440379 0.008308833 0.4382285 0.20717108
0.469 0.5063122 0.05152612 0.14282608 0.008260992 0.4358861 0.20618398
0.47 0.5035546 0.05128052 0.14162168 0.008215145 0.43354973 0.20519908
0.471 0.50080514 0.051035497 0.14042468 0.008169666 0.4312197 0.20421614
0.472 0.49806345 0.050791014 0.13923524 0.00812552 0.42889607 0.20323542
0.473 0.4953296 0.050547153 0.1380529 0.00808271 0.42657912 0.20225686
0.474 0.49260366 0.050303835 0.1368781 0.008040863 0.42426828 0.20128039
0.475 0.48988563 0.050061066 0.13571054 0.00800011 0.42196378 0.20030607
0.476 0.4871757 0.049818885 0.13455035 0.007960363 0.41966602 0.19933394
0.477 0.48447376 0.049577255 0.13339753 0.00792177 0.4173745 0.19836399
0.478 0.48177975 0.04933624 0.132252 0.007883867 0.41508973 0.1973962
0.479 0.47909406 0.049095787 0.13111372 0.00784716 0.41281125 0.19643064
0.48 0.47641608 0.048855875 0.12998256 0.007811549 0.41053918 0.1954671
0.481 0.4737463 0.04861657 0.12885892 0.0077767107 0.40827382 0.19450593
0.482 0.47108483 0.04837783 0.12774241 0.0077429074 0.40601498 0.19354685
0.483 0.46843132 0.048139647 0.12663297 0.0077102184 0.40376306 0.1925901
0.484 0.4657858 0.04790207 0.12553063 0.0076780147 0.40151742 0.19163544
0.485 0.46314862 0.047665052 0.12443562 0.0076468107 0.3992784 0.190683
0.486 0.4605197 0.0474286 0.123347566 0.0076169553 0.39704618 0.18973286
0.487 0.4578991 0.047192764 0.12226688 0.007587178 0.39482075 0.188785
0.488 0.45528644 0.046957485 0.12119313 0.007558491 0.39260194 0.18783931
0.489 0.45268208 0.046722785 0.1201264 0.007530502 0.39038968 0.18689583
0.49 0.4500858 0.04648866 0.119066805 0.0075035873 0.3881842 0.18595463
0.491 0.44749817 0.04625512 0.11801434 0.007477133 0.3859856 0.18501574
0.492 0.4449186 0.04602215 0.11696866 0.0074516097 0.38379356 0.18407908
0.493 0.44234738 0.045789782 0.11593011 0.007426912 0.38160852 0.1831447
0.494 0.43978447 0.045557953 0.11489821 0.0074028093 0.3794301 0.18221258
0.495 0.43722984 0.045326754 0.11387368 0.00737922 0.37725845 0.18128279
0.496 0.43468383 0.04509611 0.11285585 0.0073564486 0.37509373 0.18035534
0.497 0.4321459 0.044866074 0.11184511 0.0073340777 0.37293613 0.17943007
0.498 0.42961624 0.044636592 0.110841006 0.007312504 0.3707848 0.17850707
0.499 0.42709497 0.04440771 0.10984384 0.0072915293 0.36864078 0.17758647
0.5 0.42458233 0.04417942 0.108853474 0.0072712777 0.36650354 0.17666814
0.501 0.422078 0.0439517 0.10786993 0.007251527 0.3643732 0.17575221
0.502 0.4195822 0.043724574 0.10689332 0.0072320006 0.3622496 0.17483856
0.503 0.417095 0.043498036 0.105923444 0.0072131143 0.36013317 0.17392723
0.504 0.41461572 0.043272074 0.104960114 0.007194805 0.35802352 0.17301825
0.505 0.4121455 0.043046705 0.10400354 0.007177251 0.35592094 0.17211165
0.506 0.40968338 0.04282191 0.10305368 0.007159707 0.35382515 0.17120737
0.507 0.40722984 0.042597722 0.102110684 0.0071428944 0.3517365 0.17030543
0.508 0.40478462 0.04237411 0.10117424 0.007126404 0.3496548 0.16940592
0.509 0.40234825 0.04215109 0.10024417 0.0071106977 0.34758 0.16850871
0.51 0.39992034 0.04192868 0.09932088 0.007095192 0.3455123 0.16761391
0.511 0.39750057 0.041706827 0.09840407 0.007080217 0.34345153 0.16672145
0.512 0.39508966 0.041485574 0.097493984 0.007065261 0.34139806 0.16583142
0.513 0.3926871 0.041264903 0.09659032 0.0070510525 0.3393512 0.16494377
0.514 0.3902934 0.041044857 0.09569308 0.007036981 0.33731177 0.16405849
0.515 0.38790822 0.04082538 0.094802454 0.0070233396 0.3352792 0.16317569
0.516 0.3855313 0.040606502 0.09391801 0.0070101465 0.33325374 0.16229513
0.517 0.3831632 0.040388204 0.09304034 0.006997045 0.33123544 0.16141713
0.518 0.38080347 0.04017051 0.092168905 0.0069845235 0.3292242 0.1605415
0.519 0.37845254 0.039953407 0.091303825 0.0069722803 0.32721993 0.15966827
0.52 0.3761101 0.0397369 0.09044498 0.006960339 0.3252228 0.15879746
0.521 0.3737763 0.039520964 0.08959265 0.00694871 0.323233 0.15792912
0.522 0.3714511 0.039305657 0.088746585 0.006937099 0.32125 0.15706322
0.523 0.36913472 0.03909091 0.087906666 0.006926159 0.31927434 0.15619974
0.524 0.36682665 0.0388768 0.087073065 0.0069153234 0.31730586 0.15533873
0.525 0.3645272 0.038663253 0.086245745 0.0069046915 0.3153443 0.15448011
0.526 0.36223644 0.038450327 0.08542456 0.006894362 0.31339008 0.15362397
0.527 0.35995442 0.038237985 0.08460951 0.00688429 0.3114428 0.1527703
0.528 0.35768083 0.03802626 0.08380062 0.0068746163 0.30950305 0.15191913
0.529 0.35541603 0.037815113 0.08299781 0.0068651675 0.30757013 0.15107033
0.53 0.35316 0.037604567 0.08220107 0.006855894 0.30564457 0.15022407
0.531 0.35091248 0.037394628 0.08141069 0.0068465685 0.30372605 0.14938031
0.532 0.3486737 0.03718528 0.08062605 0.0068377177 0.30181473 0.14853895
0.533 0.34644336 0.03697655 0.0798474 0.006829143 0.29991075 0.1477001
0.534 0.3442219 0.036768418 0.079074696 0.006820997 0.29801378 0.1468638
0.535 0.342009 0.03656089 0.07830819 0.0068126083 0.29612404 0.14602995
0.536 0.33980468 0.036353935 0.07754752 0.0068045706 0.29424152 0.14519858
0.537 0.33760917 0.036147613 0.07679258 0.0067970515 0.2923664 0.14436972
0.538 0.33542237 0.0359419 0.07604372 0.006789303 0.29049835 0.14354345
0.539 0.33324397 0.035736755 0.07530054 0.006782282 0.28863734 0.14271955
0.54 0.33107454 0.03553225 0.074563324 0.006775072 0.28678358 0.1418982
0.541 0.32891354 0.035328332 0.07383185 0.0067680203 0.28493714 0.14107944
0.542 0.32676134 0.035125032 0.07310614 0.0067614396 0.28309786 0.14026316
0.543 0.32461777 0.03492234 0.07238615 0.0067549935 0.28126585 0.1394494
0.544 0.32248282 0.034720242 0.07167194 0.006748523 0.27944118 0.13863814
0.545 0.3203566 0.034518763 0.07096328 0.0067425757 0.27762365 0.13782947
0.546 0.31823906 0.034317885 0.07026033 0.006736665 0.27581334 0.13702329
0.547 0.31613013 0.034117617 0.069562964 0.006731261 0.27401012 0.13621965
0.548 0.31402993 0.033917967 0.06887135 0.006725684 0.27221417 0.13541853
0.549 0.31193838 0.033718925 0.06818507 0.0067206123 0.2704256 0.13462001
0.55 0.3098555 0.03352049 0.0675046 0.006715398 0.26864406 0.13382402
0.551 0.30778125 0.033322673 0.06682943 0.0067107305 0.2668699 0.13303055
0.552 0.3057156 0.033125453 0.066159986 0.0067057153 0.265103 0.13223968
0.553 0.30365872 0.032928858 0.06549591 0.006701215 0.26334321 0.13145134
0.554 0.30161038 0.032732863 0.06483732 0.0066969446 0.2615906 0.13066554
0.555 0.29957074 0.032537505 0.06418396 0.0066929306 0.25984538 0.12988235
0.556 0.2975398 0.03234274 0.06353598 0.006689293 0.2581074 0.1291017
0.557 0.29551733 0.03214862 0.062893495 0.006685503 0.25637645 0.1283236
0.558 0.2935036 0.031955097 0.06225626 0.006682044 0.25465286 0.1275481
0.559 0.2914985 0.031762183 0.061624356 0.006678926 0.25293645 0.1267752
0.56 0.28950208 0.03156989 0.060997657 0.0066757835 0.25122726 0.12600484
0.561 0.2875144 0.031378217 0.060376372 0.006672554 0.24952532 0.12523703
0.562 0.2855353 0.031187162 0.059760023 0.006670203 0.24783057 0.12447188
0.5630000000000001 0.28356457 0.03099674 0.05914916 0.006667639 0.24614301 0.12370927
0.5640000000000001 0.28160256 0.030806925 0.058543235 0.0066653895 0.24446262 0.12294923
0.5650000000000001 0.27964932 0.030617725 0.057942457 0.006663258 0.24278961 0.12219182
0.5660000000000001 0.27770445 0.030429149 0.057346907 0.006661314 0.24112362 0.12143697
0.5670000000000001 0.2757683 0.030241216 0.05675621 0.0066597895 0.23946495 0.12068471
0.5680000000000001 0.2738408 0.030053884 0.056170736 0.006658214 0.23781356 0.11993507
0.5690000000000001 0.27192178 0.029867165 0.055590287 0.0066567734 0.23616914 0.11918804
0.5700000000000001 0.27001134 0.02968109 0.055014744 0.006655789 0.23453201 0.11844356
0.5710000000000001 0.26810962 0.029495627 0.054444198 0.0066547277 0.23290211 0.11770173
0.5720000000000001 0.26621646 0.029310804 0.05387851 0.0066540935 0.23127931 0.116962485
0.5730000000000001 0.26433167 0.0291266 0.053317733 0.0066535454 0.22966376 0.116225824
0.5740000000000001 0.26245564 0.028943017 0.05276183 0.0066531007 0.22805533 0.11549181
0.5750000000000001 0.26058808 0.028760077 0.052210856 0.006652881 0.22645424 0.1147604
0.5760000000000001 0.25872892 0.028577732 0.051664524 0.0066529657 0.22486 0.11403158
0.5770000000000001 0.2568784 0.028396025 0.05112318 0.0066530476 0.22327319 0.11330539
0.5780000000000001 0.25503632 0.028214969 0.050586544 0.006653453 0.22169338 0.11258179
0.5790000000000001 0.25320286 0.028034521 0.050054595 0.0066539343 0.22012077 0.111860834
0.58 0.251378 0.0278547 0.049527355 0.0066546104 0.21855524 0.11114248
0.581 0.24956152 0.027675522 0.049004883 0.006655232 0.21699686 0.1104268
0.582 0.24775347 0.027496977 0.04848693 0.0066562584 0.21544577 0.109713666
0.583 0.24595402 0.027319044 0.047973562 0.00665752 0.2139017 0.1090032
0.584 0.24416292 0.027141757 0.047464862 0.0066588367 0.21236461 0.10829531
0.585 0.24238035 0.026965098 0.046960734 0.0066601816 0.21083479 0.10759007
0.586 0.2406063 0.026789077 0.046461117 0.00666176 0.20931205 0.10688748
0.587 0.2388406 0.026613686 0.045965962 0.0066635637 0.20779638 0.10618746
0.588 0.23708338 0.026438912 0.045475334 0.006665347 0.20628779 0.105490126
0.589 0.23533462 0.026264803 0.044989277 0.006667132 0.20478618 0.10479541
0.59 0.23359416 0.026091315 0.044507373 0.0066693416 0.20329171 0.10410331
0.591 0.23186225 0.025918452 0.044030007 0.006671518 0.20180434 0.103413835
0.592 0.23013848 0.02574623 0.043556973 0.0066738483 0.20032397 0.10272696
0.593 0.22842331 0.025574652 0.043088336 0.006676265 0.19885077 0.10204281
0.594 0.22671646 0.025403706 0.042623915 0.0066787573 0.1973845 0.10136118
0.595 0.22501807 0.0252334 0.042163827 0.0066813156 0.19592535 0.100682266
0.596 0.22332789 0.025063735 0.04170794 0.0066840774 0.19447319 0.10000596
0.597 0.22164613 0.024894698 0.04125633 0.0066868225 0.19302796 0.09933225
0.598 0.21997263 0.024726303 0.04080895 0.0066895736 0.19158983 0.098661244
0.599 0.21830748 0.02455855 0.040365595 0.0066926074 0.19015856 0.097992815
0.6 0.21665058 0.024391418 0.039926574 0.006695456 0.18873444 0.09732704
0.601 0.21500202 0.024224943 0.03949151 0.0066984766 0.18731715 0.0966639
0.602 0.21336181 0.024059111 0.039060522 0.0067016515 0.18590689 0.09600339
0.603 0.21172988 0.023893917 0.038633667 0.006704741 0.18450354 0.09534554
0.604 0.21010612 0.023729362 0.038210813 0.0067078513 0.18310723 0.09469028
0.605 0.2084905 0.023565436 0.037791945 0.0067110127 0.18171775 0.094037674
0.606 0.20688325 0.023402167 0.037377123 0.006714199 0.18033527 0.093387716
0.607 0.20528421 0.02323953 0.036966164 0.006717332 0.17895962 0.09274038
0.608 0.2036932 0.02307754 0.0365591 0.006720635 0.17759089 0.09209567
0.609 0.20211065 0.022916203 0.03615596 0.006723797 0.17622913 0.09145363
0.61 0.20053612 0.02275548 0.035756644 0.0067269364 0.17487425 0.09081421
0.611 0.19896977 0.022595422 0.035361215 0.0067301164 0.17352614 0.090177394
0.612 0.19741158 0.022435999 0.034969587 0.006733152 0.17218496 0.08954323
0.613 0.19586146 0.022277229 0.03458166 0.0067362767 0.17085063 0.08891172
0.614 0.1943196 0.022119092 0.034197617 0.00673938 0.1695231 0.088282816
0.615 0.19278567 0.021961598 0.03381724 0.00674237 0.16820236 0.087656565
0.616 0.19125995 0.021804756 0.033440553 0.006745273 0.16688854 0.08703294
0.617 0.18974227 0.021648545 0.033067554 0.0067481105 0.1655814 0.08641191
0.618 0.18823272 0.021492995 0.03269814 0.0067509213 0.16428114 0.08579355
0.619 0.18673111 0.021338085 0.03233241 0.0067536845 0.16298763 0.08517781
0.62 0.18523754 0.021183811 0.03197023 0.0067563057 0.16170087 0.08456469
0.621 0.18375202 0.021030188 0.031611614 0.0067587798 0.16042085 0.08395421
0.622 0.18227452 0.020877205 0.031256597 0.0067611784 0.15914759 0.08334635
0.623 0.18080495 0.02072488 0.030905059 0.0067635225 0.157881 0.08274111
0.624 0.17934337 0.020573193 0.030556979 0.0067656566 0.15662116 0.08213848
0.625 0.17788969 0.02042215 0.03021242 0.0067677577 0.15536809 0.08153852
0.626 0.1764441 0.020271746 0.02987122 0.0067696446 0.15412164 0.080941156
0.627 0.17500627 0.020121995 0.029533414 0.006771459 0.15288182 0.08034642
0.628 0.1735764 0.019972898 0.029199058 0.0067730895 0.15164874 0.0797543
0.629 0.17215438 0.019824428 0.028868038 0.006774545 0.15042226 0.07916479
0.63 0.17074032 0.019676622 0.02854034 0.006775879 0.14920242 0.0785779
0.631 0.16933398 0.019529441 0.028215922 0.006777036 0.14798915 0.07799361
0.632 0.16793557 0.019382928 0.027894814 0.006777976 0.14678256 0.077411965
0.633 0.16654499 0.019237056 0.02757689 0.006778851 0.14558251 0.076832905
0.634 0.16516213 0.019091815 0.027262243 0.0067793992 0.144389 0.076256454
0.635 0.1637871 0.01894723 0.026950778 0.0067797718 0.1432021 0.07568265
0.636 0.16241984 0.018803287 0.026642524 0.0067800046 0.14202175 0.07511141
0.637 0.16106027 0.018659994 0.02633739 0.0067800386 0.14084794 0.074542806
0.638 0.15970849 0.018517345 0.026035378 0.0067798086 0.13968064 0.07397676
0.639 0.15836444 0.018375343 0.025736462 0.006779384 0.13851985 0.07341337
0.64 0.15702805 0.018233977 0.025440644 0.0067787482 0.13736553 0.07285259
0.641 0.1556993 0.018093266 0.025147846 0.006777897 0.13621761 0.07229436
0.642 0.1543783 0.017953195 0.02485811 0.0067768116 0.1350763 0.071738735
0.643 0.15306488 0.01781377 0.02457135 0.0067754053 0.13394134 0.07118573
0.644 0.15175903 0.017674994 0.024287576 0.0067738392 0.13281284 0.070635304
0.645 0.15046084 0.017536858 0.02400671 0.006771977 0.13169073 0.07008744
0.646 0.1491702 0.017399369 0.023728797 0.006769961 0.130575 0.06954223
0.647 0.14788714 0.017262522 0.023453807 0.0067676115 0.1294657 0.068999544
0.648 0.1466116 0.01712632 0.023181671 0.006765043 0.12836272 0.06845948
0.649 0.14534363 0.016990773 0.022912374 0.0067620985 0.12726612 0.06792198
0.65 0.14408311 0.01685585 0.022645928 0.0067590186 0.12617579 0.06738706
0.651 0.14283015 0.016721578 0.022382297 0.0067556696 0.1250919 0.066854715
0.652 0.14158458 0.01658795 0.022121435 0.006752038 0.124014206 0.06632495
0.653 0.14034653 0.016454969 0.021863349 0.0067480993 0.12294289 0.065797746
0.654 0.13911583 0.016322626 0.02160791 0.0067438353 0.12187776 0.06527313
0.655 0.13789251 0.016190927 0.021355286 0.006739367 0.12081889 0.06475108
0.656 0.13667665 0.016059874 0.021105325 0.0067346874 0.119766295 0.06423159
0.657 0.13546817 0.015929453 0.020858025 0.0067295744 0.11871994 0.063714646
0.658 0.13426697 0.01579968 0.02061333 0.0067242538 0.11767979 0.06320027
0.659 0.13307314 0.015670551 0.020371277 0.006718662 0.11664575 0.06268843
0.66 0.13188654 0.0155420555 0.020131828 0.0067127785 0.11561788 0.0621792
0.661 0.13070731 0.015414201 0.019894937 0.0067065484 0.11459628 0.06167248
0.662 0.12953524 0.015286991 0.019660588 0.006700072 0.11358074 0.061168313
0.663 0.12837054 0.015160418 0.01942879 0.006693286 0.112571366 0.06066671
0.664 0.12721294 0.015034488 0.019199494 0.006686241 0.11156803 0.06016762
0.665 0.12606265 0.0149091985 0.018972691 0.0066788928 0.110570796 0.059671097
0.666 0.12491944 0.01478454 0.018748282 0.0066712443 0.10957965 0.059177093
0.667 0.12378344 0.014660533 0.01852636 0.006663348 0.10859455 0.058685623
0.668 0.12265451 0.014537153 0.018306833 0.006655123 0.10761545 0.058196694
0.669 0.12153275 0.014414411 0.01808972 0.0066466313 0.10664252 0.0577103
0.67 0.12041811 0.014292311 0.017874954 0.0066378172 0.10567549 0.057226423
0.671 0.119310424 0.014170846 0.01766252 0.006628673 0.104714416 0.056745045
0.672 0.11820987 0.014050009 0.017452454 0.0066193077 0.10375931 0.056266204
0.673 0.11711634 0.013929813 0.017244631 0.0066095847 0.10281017 0.05578986
0.674 0.11602988 0.013810264 0.017039146 0.0065996815 0.10186698 0.055316072
0.675 0.114950284 0.013691329 0.016835904 0.006589426 0.100929715 0.054844752
0.676 0.113877684 0.013573048 0.016634895 0.006578905 0.099998295 0.054375943
0.6769999999999999 0.11281208 0.013455387 0.016436106 0.0065680686 0.09907284 0.053909637
0.6779999999999999 0.11175325 0.013338365 0.016239496 0.006556971 0.09815309 0.05344581
0.6789999999999999 0.11070143 0.0132219745 0.01604507 0.006545586 0.09723932 0.052984536
0.6799999999999999 0.10965644 0.013106207 0.015852794 0.0065339436 0.09633131 0.052525695
0.6809999999999999 0.108618334 0.012991086 0.015662681 0.0065220343 0.095429145 0.052069377
0.6819999999999999 0.10758703 0.012876587 0.015474653 0.0065098447 0.09453276 0.051615518
0.6829999999999999 0.10656252 0.012762723 0.0152887115 0.006497403 0.09364214 0.05116415
0.6839999999999999 0.10554481 0.012649493 0.015104839 0.0064846133 0.092757285 0.050715268
0.6849999999999999 0.10453385 0.012536887 0.014923009 0.006471611 0.09187817 0.05026883
0.6859999999999999 0.103529595 0.012424907 0.014743205 0.006458356 0.09100474 0.04982488
0.6869999999999999 0.10253209 0.012313552 0.014565431 0.006444852 0.09013703 0.0493834
0.688 0.10154129 0.012202841 0.014389625 0.0064310636 0.08927497 0.04894436
0.689 0.1005571 0.012092738 0.014215781 0.0064170184 0.08841861 0.048507802
0.69 0.099579595 0.011983279 0.014043872 0.0064027132 0.0875679 0.048073694
0.691 0.09860864 0.01187443 0.013873914 0.0063881665 0.086722806 0.04764201
0.692 0.09764431 0.011766217 0.013705842 0.0063733966 0.085883304 0.047212806
0.693 0.09668661 0.011658624 0.013539646 0.006358327 0.08504941 0.04678602
0.694 0.09573542 0.011551649 0.013375328 0.0063430998 0.084221035 0.046361677
0.695 0.09479074 0.011445313 0.013212841 0.006327557 0.083398305 0.04593979
0.696 0.09385259 0.011339588 0.013052153 0.006311754 0.082581066 0.04552029
0.697 0.09292089 0.011234491 0.012893328 0.0062958323 0.08176932 0.045103244
0.698 0.09199562 0.011130005 0.012736268 0.0062796012 0.08096306 0.044688605
0.699 0.091076784 0.011026147 0.012580944 0.0062631723 0.08016232 0.0442764
0.7 0.09016443 0.0109229125 0.012427374 0.0062464746 0.07936705 0.043866586
0.701 0.08925837 0.010820295 0.012275533 0.006229634 0.078577176 0.043459166
0.702 0.08835878 0.010718293 0.0121253915 0.0062124827 0.077792756 0.043054175
0.703 0.08746539 0.01061691 0.011976944 0.0061951643 0.07701372 0.042651568
0.704 0.08657839 0.01051614 0.011830168 0.0061776266 0.07624007 0.042251356
0.705 0.08569761 0.010415992 0.011685009 0.0061598793 0.075471796 0.04185352
0.706 0.084823154 0.010316454 0.011541497 0.00614188 0.07470889 0.041458078
0.707 0.083954945 0.010217534 0.011399593 0.0061237137 0.073951274 0.041065034
0.708 0.083092906 0.010119223 0.011259272 0.0061053215 0.07319898 0.040674325
0.709 0.0822371 0.010021533 0.011120546 0.0060867523 0.07245198 0.040286005
0.71 0.08138738 0.009924451 0.010983314 0.006067903 0.07171028 0.039900023
0.711 0.0805438 0.00982798 0.010847652 0.0060489024 0.070973836 0.039516415
0.712 0.07970641 0.009732117 0.0107135 0.006029706 0.070242554 0.039135147
0.713 0.07887506 0.009636868 0.010580871 0.0060103093 0.06951657 0.038756248
0.714 0.07804979 0.009542222 0.010449696 0.0059906896 0.06879576 0.038379677
0.715 0.07723058 0.009448184 0.010319967 0.0059708687 0.068080135 0.038005423
0.716 0.07641736 0.009354759 0.010191705 0.0059509426 0.06736968 0.037633516
0.717 0.07561008 0.009261928 0.010064857 0.0059307036 0.06666429 0.037263907
0.718 0.07480885 0.009169706 0.009939403 0.0059102736 0.06596414 0.036896624
0.719 0.0740135 0.009078086 0.009815345 0.005889655 0.065269016 0.036531646
0.72 0.07322411 0.00898707 0.009692671 0.0058689113 0.064579 0.03616898
0.721 0.07244058 0.008896651 0.009571332 0.0058478843 0.06389409 0.03580861
0.722 0.07166291 0.008806831 0.009451332 0.005826696 0.06321417 0.035450518
0.723 0.07089111 0.008717609 0.009332661 0.0058053005 0.06253933 0.03509471
0.724 0.07012508 0.008628983 0.0092152925 0.0057837125 0.06186944 0.034741163
0.725 0.06936487 0.008540953 0.0090992125 0.0057619456 0.061204586 0.03438991
0.726 0.06861044 0.00845351 0.008984393 0.005739946 0.060544707 0.034040887
0.727 0.067861706 0.008366665 0.008870828 0.005717731 0.05988979 0.03369413
0.728 0.06711874 0.008280403 0.0087585 0.0056953127 0.059239782 0.03334962
0.729 0.066381395 0.008194734 0.008647408 0.00567274 0.058594756 0.033007324
0.73 0.06564975 0.008109653 0.0085375 0.005649895 0.057954546 0.03266727
0.731 0.06492373 0.008025148 0.008428787 0.0056268703 0.05731928 0.032329418
0.732 0.06420334 0.007941235 0.008321266 0.0056036427 0.056688868 0.031993788
0.733 0.06348854 0.00785789 0.008214888 0.0055801948 0.056063298 0.031660322
0.734 0.06277929 0.0077751335 0.008109648 0.0055564954 0.055442557 0.031329073
0.735 0.062075578 0.0076929447 0.00800556 0.0055326074 0.054826647 0.030999985
0.736 0.06137739 0.007611333 0.007902574 0.005508488 0.054215513 0.030673059
0.737 0.060684714 0.007530295 0.0078007067 0.0054841777 0.05360918 0.030348288
0.738 0.059997454 0.0074498216 0.0076999073 0.005459599 0.053007554 0.030025654
0.739 0.05931566 0.007369918 0.0076001924 0.0054348256 0.05241075 0.02970515
0.74 0.058639254 0.007290571 0.007501538 0.0054098065 0.051818624 0.029386742
0.741 0.057968296 0.0072117886 0.007403933 0.0053845686 0.05123125 0.029070446
0.742 0.057302646 0.0071335635 0.0073073534 0.0053590634 0.050648518 0.028756209
0.743 0.05664236 0.007055892 0.00721181 0.0053333784 0.050070513 0.028444039
0.744 0.05598739 0.006978775 0.0071172784 0.00530743 0.049497202 0.028133936
0.745 0.055337705 0.0069021997 0.0070237424 0.005281256 0.048928503 0.02782584
0.746 0.05469326 0.006826171 0.0069311773 0.005254784 0.048364457 0.027519759
0.747 0.05405409 0.006750681 0.0068395995 0.0052281367 0.047805026 0.027215678
0.748 0.05342015 0.006675732 0.0067489976 0.0052012424 0.047250252 0.026913557
0.749 0.05279137 0.006601314 0.006659335 0.005174075 0.046700053 0.026613384
0.75 0.05216779 0.0065274253 0.006570614 0.0051466725 0.04615447 0.02631516
0.751 0.05154933 0.006454068 0.006482824 0.005119027 0.045613453 0.026018841
0.752 0.050936032 0.0063812314 0.006395958 0.005091134 0.045076996 0.025724418
0.753 0.05032781 0.0063089184 0.006310008 0.0050630015 0.044545084 0.025431888
0.754 0.049724665 0.00623712 0.0062249596 0.005034625 0.04401774 0.025141232
0.755 0.04912656 0.006165845 0.006140811 0.0050060386 0.04349487 0.024852436
0.756 0.048533496 0.0060950792 0.006057531 0.0049771504 0.042976547 0.024565518
0.757 0.047945455 0.0060248314 0.0059751393 0.0049480717 0.042462673 0.024280462
0.758 0.0473624 0.005955099 0.0058936165 0.0049187527 0.04195324 0.023997283
0.759 0.046784338 0.0058858846 0.0058129425 0.004889155 0.041448236 0.023716005
0.76 0.046211228 0.00581719 0.005733138 0.004859376 0.040947624 0.023436656
0.761 0.045643046 0.005749016 0.005654164 0.00482932 0.040451337 0.023159262
0.762 0.045079783 0.005681372 0.005576045 0.004799084 0.039959364 0.022883873
0.763 0.04452143 0.0056142607 0.0054987483 0.0047685723 0.039471623 0.022610528
0.764 0.043967966 0.005547689 0.0054222755 0.004737865 0.03898809 0.02233925
0.765 0.043419376 0.005481665 0.0053466344 0.004706945 0.038508687 0.022070127
0.766 0.042875685 0.005416192 0.005271799 0.00467579 0.03803337 0.02180318
0.767 0.042336818 0.0053512757 0.005197787 0.0046444507 0.037562072 0.021538462
0.768 0.041802783 0.005286926 0.0051245815 0.004612922 0.037094735 0.021276016
0.769 0.04127359 0.005223145 0.005052168 0.0045811646 0.036631335 0.021015877
0.77 0.04074918 0.005159937 0.0049805543 0.004549243 0.03617178 0.020758068
0.771 0.040229604 0.005097305 0.0049097384 0.004517114 0.035716064 0.020502586
0.772 0.039714787 0.0050352537 0.0048397016 0.004484831 0.03526413 0.020249467
0.773 0.03920476 0.0049737846 0.0047704466 0.0044523645 0.034815937 0.019998705
0.774 0.038699474 0.004912895 0.0047019776 0.0044197496 0.03437145 0.019750271
0.775 0.03819891 0.0048525864 0.0046342798 0.0043869726 0.03393068 0.019504182
0.776 0.037703097 0.004792864 0.0045673614 0.004354091 0.033493593 0.019260412
0.777 0.037211955 0.0047337147 0.004501202 0.004321053 0.03306018 0.019018935
0.778 0.03672549 0.0046751453 0.0044357996 0.004287903 0.032630447 0.018779729
0.779 0.036243666 0.004617149 0.0043711625 0.0042546666 0.032204386 0.018542767
0.78 0.03576649 0.004559724 0.004307276 0.004221308 0.03178199 0.018308021
0.781 0.0352939 0.0045028673 0.0042441376 0.0041878843 0.03136327 0.018075455
0.782 0.03482589 0.0044465773 0.00418174 0.004154387 0.030948272 0.01784503
0.783 0.034362428 0.0043908437 0.0041200826 0.0041208505 0.030536985 0.01761673
0.784 0.03390348 0.0043356675 0.0040591587 0.0040872414 0.030129427 0.017390508
0.785 0.033448987 0.0042810366 0.003998967 0.0040536476 0.029725604 0.017166313
0.786 0.032998964 0.0042269486 0.0039394908 0.0040200274 0.029325556 0.016944127
0.787 0.032553338 0.0041733934 0.0038807378 0.0039864015 0.028929316 0.016723908
0.788 0.03211211 0.0041203676 0.0038227004 0.0039528175 0.028536849 0.016505614
0.789 0.0316752 0.004067861 0.0037653712 0.003919288 0.028148208 0.016289225
0.79 0.031242618 0.00401587 0.003708751 0.0038858065 0.027763398 0.016074704
0.791 0.030814335 0.0039643864 0.0036528253 0.0038523853 0.027382422 0.01586201
0.792 0.030390304 0.003913416 0.003597599 0.0038190575 0.02700526 0.015651127
0.793 0.029970495 0.0038629472 0.0035430687 0.0037858777 0.026631935 0.01544204
0.794 0.029554892 0.0038129876 0.0034892322 0.003752825 0.026262425 0.015234724
0.795 0.02914349 0.0037635372 0.0034360748 0.0037198944 0.025896695 0.01502917
0.796 0.02873625 0.003714607 0.0033836055 0.003687148 0.025534784 0.014825372
0.797 0.02833315 0.0036662007 0.0033318123 0.0036545964 0.025176601 0.014623318
0.798 0.027934188 0.0036183307 0.0032806986 0.0036222418 0.024822177 0.014423013
0.799 0.02753933 0.003571009 0.0032302558 0.003590123 0.024471456 0.014224448
0.8 0.027148556 0.0035242483 0.003180478 0.0035582355 0.024124393 0.014027628
0.801 0.026761854 0.0034780656 0.00313136 0.0035266043 0.023780987 0.013832563
0.802 0.02637919 0.0034324774 0.003082894 0.0034952462 0.023441227 0.0136392405
0.803 0.026000537 0.0033874952 0.003035084 0.00346418 0.02310503 0.013447673
0.8039999999999999 0.025625879 0.0033431402 0.0029879091 0.003433405 0.022772407 0.013257859
0.8049999999999999 0.025255201 0.0032994258 0.0029413647 0.003402938 0.02244328 0.0130698085
0.8059999999999999 0.024888458 0.0032563722 0.0028954488 0.003372803 0.022117682 0.012883522
0.8069999999999999 0.024525618 0.0032139912 0.0028501407 0.003342991 0.021795528 0.012698985
0.8079999999999999 0.024166666 0.0031722977 0.002805433 0.0033134809 0.021476794 0.01251621
0.8089999999999999 0.023811543 0.0031313032 0.0027613125 0.0032842944 0.021161465 0.0123351915
0.8099999999999999 0.023460232 0.0030910212 0.0027177664 0.0032554257 0.02084949 0.012155925
0.8109999999999999 0.02311268 0.0030514586 0.0026747843 0.0032268642 0.020540845 0.011978409
0.8119999999999999 0.02276887 0.0030126187 0.0026323486 0.0031985946 0.020235498 0.011802633
0.813 0.022428727 0.0029745111 0.0025904486 0.0031705953 0.019933417 0.011628598
0.814 0.022092229 0.002937126 0.0025490625 0.003142859 0.019634556 0.011456291
0.815 0.021759326 0.002900463 0.0025081828 0.0031153492 0.019338882 0.0112857
0.816 0.021429975 0.0028645133 0.002467791 0.0030880491 0.019046377 0.011116816
0.817 0.021104125 0.0028292579 0.00242787 0.0030609267 0.018756984 0.010949633
0.818 0.020781744 0.00279468 0.002388417 0.0030339677 0.018470684 0.0107841315
0.819 0.020462766 0.00276075 0.0023494067 0.0030071102 0.01818745 0.010620308
0.82 0.02014715 0.0027274373 0.0023108325 0.0029803333 0.01790724 0.010458152
0.821 0.01983484 0.0026947053 0.002272677 0.0029536155 0.017630009 0.010297638
0.822 0.019525794 0.0026625108 0.0022349365 0.0029269184 0.017355746 0.010138764
0.823 0.019219987 0.002630804 0.002197595 0.0029001867 0.017084412 0.009981516
0.824 0.018917356 0.0025995374 0.0021606453 0.002873423 0.016815968 0.009825877
0.825 0.018617863 0.0025686552 0.002124082 0.0028466021 0.016550398 0.009671835
0.826 0.018321456 0.0025381052 0.002087895 0.0028196732 0.016287666 0.009519383
0.827 0.018028121 0.002507829 0.002052083 0.0027926324 0.016027749 0.009368502
0.828 0.017737811 0.0024777763 0.002016638 0.002765456 0.015770629 0.009219183
0.829 0.017450498 0.0024478955 0.0019815562 0.0027381193 0.015516261 0.009071411
0.83 0.017166145 0.0024181386 0.0019468347 0.0027106167 0.015264631 0.008925176
0.831 0.01688472 0.002388467 0.0019124724 0.00268294 0.015015733 0.0087804645
0.832 0.016606221 0.0023588447 0.0018784702 0.0026550817 0.014769522 0.008637271
0.833 0.016330602 0.0023292415 0.0018448214 0.0026270282 0.014526 0.008495576
0.834 0.01605787 0.0022996352 0.0018115299 0.002598782 0.01428513 0.008355379
0.835 0.015787987 0.002270012 0.0017785963 0.0025703518 0.0140469 0.008216669
0.836 0.015520951 0.002240361 0.0017460192 0.0025417276 0.013811294 0.008079435
0.837 0.015256741 0.0022106804 0.0017137979 0.00251292 0.013578304 0.007943669
0.838 0.01499535 0.002180972 0.001681934 0.002483934 0.013347895 0.00780937
0.839 0.014736758 0.002151244 0.0016504299 0.002454794 0.0131200645 0.0076765236
0.84 0.014480971 0.0021215088 0.0016192837 0.0024254886 0.012894804 0.0075451313
0.841 0.0142279705 0.0020917808 0.0015884993 0.0023960418 0.012672089 0.007415185
0.842 0.013977761 0.002062079 0.0015580751 0.0023664767 0.012451905 0.0072866837
0.843 0.013730317 0.0020324234 0.0015280119 0.002336797 0.012234242 0.0071596205
0.844 0.013485641 0.0020028357 0.0014983123 0.0023070218 0.012019082 0.0070339986
0.845 0.013243717 0.0019733384 0.0014689747 0.0022771724 0.011806425 0.006909811
0.846 0.01300455 0.0019439539 0.0014400005 0.002247261 0.011596245 0.0067870603
0.847 0.012768128 0.0019147068 0.0014113886 0.002217313 0.011388532 0.006665742
0.848 0.012534444 0.00188562 0.0013831424 0.0021873477 0.011183278 0.006545862
0.849 0.012303485 0.001856716 0.0013552594 0.002157382 0.010980469 0.006427417
0.85 0.012075257 0.0018280174 0.0013277399 0.0021274418 0.0107800905 0.006310412
0.851 0.011849734 0.0017995435 0.0013005836 0.0020975403 0.010582133 0.0061948383
0.852 0.011626917 0.0017713163 0.0012737911 0.0020677112 0.010386574 0.006080709
0.853 0.011406791 0.0017433536 0.0012473608 0.0020379568 0.010193416 0.0059680184
0.854 0.011189351 0.0017156746 0.0012212923 0.0020083135 0.01000263 0.005856773
0.855 0.010974585 0.0016882964 0.0011955855 0.0019787983 0.009814217 0.0057469714
0.856 0.01076249 0.0016612348 0.001170238 0.0019494306 0.009628158 0.0056386194
0.857 0.010553045 0.0016345053 0.0011452517 0.0019202244 0.00944444 0.0055317217
0.858 0.010346247 0.0016081213 0.0011206223 0.0018912074 0.009263057 0.0054262755
0.859 0.010142076 0.0015820957 0.001096351 0.0018623915 0.009083985 0.005322286
0.86 0.0099405255 0.0015564417 0.0010724339 0.0018338003 0.008907219 0.005219758
0.861 0.009741586 0.0015311701 0.0010488726 0.0018054481 0.008732742 0.005118695
0.862 0.009545238 0.0015062903 0.0010256646 0.0017773528 0.008560541 0.005019097
0.863 0.009351472 0.0014818119 0.0010028075 0.0017495285 0.008390606 0.0049209706
0.864 0.009160284 0.0014577447 0.0009803013 0.0017219933 0.0082229255 0.00482432
0.865 0.008971644 0.0014340953 0.0009581428 0.0016947611 0.008057477 0.0047291424
0.866 0.008785551 0.0014108705 0.000936329 0.0016678363 0.007894256 0.0046354453
0.867 0.008601986 0.001388077 0.0009148614 0.0016412437 0.0077332454 0.004543232
0.868 0.008420933 0.0013657201 0.00089373434 0.0016149844 0.007574426 0.0044525056
0.869 0.008242383 0.0013438049 0.0008729493 0.0015890754 0.0074177957 0.0043632677
0.87 0.008066317 0.0013223339 0.0008525012 0.0015635228 0.0072633284 0.0042755194
0.871 0.007892727 0.0013013117 0.0008323887 0.0015383379 0.007111019 0.004189265
0.872 0.0077215936 0.0012807405 0.0008126111 0.0015135199 0.0069608497 0.00410451
0.873 0.0075528985 0.0012606216 0.0007931636 0.0014890797 0.0068128053 0.00402125
0.874 0.007386626 0.0012409555 0.0007740441 0.0014650236 0.006666875 0.0039394903
0.875 0.007222769 0.0012217434 0.0007552513 0.0014413524 0.0065230383 0.003859231
0.876 0.007061302 0.0012029845 0.00073678134 0.0014180667 0.006381284 0.003780473
0.877 0.0069022155 0.0011846776 0.00071863236 0.0013951753 0.0062416 0.003703219
0.878 0.0067454893 0.0011668202 0.00070080144 0.0013726722 0.006103965 0.003627465
0.879 0.006591113 0.0011494106 0.0006832848 0.0013505543 0.00596837 0.0035532105
0.88 0.0064390656 0.0011324442 0.0006660803 0.0013288263 0.0058347993 0.0034804565
0.881 0.0062893345 0.0011159182 0.000649185 0.0013074817 0.0057032323 0.0034092015
0.882 0.0061418973 0.0010998262 0.0006325956 0.0012865176 0.0055736597 0.0033394399
0.883 0.00599674 0.0010841629 0.00061630923 0.001265928 0.0054460615 0.0032711686
0.884 0.0058538485 0.0010689222 0.0006003225 0.0012457058 0.0053204275 0.0032043844
0.885 0.0057132067 0.0010540973 0.0005846325 0.0012258467 0.005196739 0.003139081
0.886 0.0055747884 0.001039679 0.0005692365 0.0012063425 0.0050749783 0.0030752511
0.887 0.0054385876 0.0010256601 0.00055412983 0.0011871823 0.0049551334 0.003012887
0.888 0.0053045833 0.0010120304 0.0005393097 0.0011683583 0.0048371875 0.002951981
0.889 0.0051727546 0.0009987799 0.0005247737 0.0011498592 0.0047211237 0.0028925205
0.89 0.005043093 0.0009858981 0.0005105173 0.0011316743 0.004606925 0.0028344945
0.891 0.0049155736 0.0009733737 0.0004965372 0.0011137909 0.0044945795 0.0027778905
0.892 0.0047901827 0.0009611949 0.00048283098 0.0010961995 0.004384066 0.0027226938
0.893 0.0046668993 0.00094934815 0.0004693938 0.0010788842 0.004275371 0.0026688876
0.894 0.00454571 0.00093782134 0.000456223 0.0010618302 0.004168478 0.0026164516
0.895 0.0044265958 0.0009266002 0.00044331496 0.0010450293 0.0040633697 0.0025653692
0.896 0.0043095397 0.0009156715 0.00043066626 0.001028464 0.003960033 0.0025156185
0.897 0.004194523 0.0009050188 0.00041827263 0.0010121181 0.0038584473 0.002467174
0.898 0.004081528 0.0008946286 0.000406131 0.0009959802 0.0037585986 0.0024200098
0.899 0.0039705406 0.0008844843 0.00039423833 0.0009800335 0.0036604689 0.002374102
0.9 0.0038615384 0.00087457104 0.00038259066 0.0009642661 0.0035640455 0.0023294191
0.901 0.0037545064 0.0008648717 0.00037118501 0.00094866066 0.0034693063 0.0022859303
0.902 0.003649427 0.0008553699 0.00036001654 0.000933202 0.0033762367 0.0022436022
0.903 0.0035462815 0.0008460492 0.00034908298 0.0009178783 0.0032848245 0.0022024007
0.904 0.003445054 0.00083689287 0.0003383802 0.00090267323 0.0031950483 0.0021622886
0.905 0.0033457228 0.0008278836 0.00032790535 0.00088757434 0.0031068933 0.0021232273
0.906 0.0032482746 0.000819005 0.00031765498 0.0008725674 0.0030203417 0.0020851775
0.907 0.0031526927 0.0008102398 0.000307625 0.00085764 0.0029353797 0.0020480973
0.908 0.0030589544 0.00080156984 0.0002978124 0.00084277755 0.0028519882 0.002011942
0.909 0.0029670438 0.0007929795 0.0002882143 0.0008279706 0.002770151 0.0019766693
0.91 0.0028769455 0.0007844514 0.00027882698 0.0008132072 0.0026898542 0.0019422335
0.911 0.0027886394 0.0007759691 0.00026964705 0.0007984749 0.0026110783 0.0019085855
0.912 0.0027021074 0.00076751516 0.0002606717 0.00078376563 0.0025338084 0.0018756809
0.913 0.0026173336 0.00075907464 0.00025189784 0.0007690697 0.0024580283 0.0018434695
0.914 0.0025342987 0.00075063104 0.00024332186 0.0007543783 0.0023837234 0.0018119044
0.915 0.002452987 0.0007421692 0.00023494134 0.00073968427 0.0023108746 0.0017809352
0.916 0.0023733806 0.00073367363 0.00022675276 0.0007249808 0.0022394664 0.0017505137
0.917 0.0022954603 0.00072512985 0.00021875348 0.0007102619 0.0021694852 0.0017205917
0.918 0.0022192097 0.0007165238 0.00021094056 0.00069552293 0.0021009138 0.0016911208
0.919 0.0021446103 0.00070784206 0.0002033113 0.0006807595 0.0020337363 0.0016620519
0.92 0.0020716458 0.00069907145 0.00019586271 0.00066596916 0.001967936 0.0016333394
0.921 0.002000297 0.0006901997 0.00018859247 0.0006511498 0.001903501 0.0016049377
0.922 0.0019305475 0.00068121514 0.00018149737 0.00063629943 0.001840412 0.0015768005
0.923 0.0018623793 0.00067210733 0.00017457531 0.0006214191 0.0017786551 0.0015488862
0.924 0.0017957756 0.00066286576 0.00016782386 0.0006065102 0.0017182163 0.0015211534
0.925 0.0017307197 0.00065348175 0.0001612404 0.0005915734 0.00165908 0.001493561
0.926 0.0016671931 0.00064394565 0.00015482245 0.0005766118 0.0016012323 0.0014660712
0.927 0.0016051781 0.0006342509 0.00014856795 0.0005616297 0.0015446572 0.0014386501
0.928 0.0015446581 0.00062439055 0.00014247453 0.0005466318 0.0014893403 0.0014112622
0.929 0.0014856164 0.00061435974 0.00013654021 0.00053162436 0.0014352696 0.0013838799
0.93 0.0014280345 0.000604152 0.00013076245 0.00051661255 0.0013824282 0.0013564707
0.931 0.0013718967 0.00059376506 0.00012513949 0.0005016045 0.0013308045 0.0013290116
0.932 0.0013171862 0.00058319606 0.00011966934 0.00048660926 0.0012803846 0.0013014795
0.9329999999999999 0.001263884 0.000572443 0.00011434994 0.00047163514 0.0012311533 0.0012738544
0.9339999999999999 0.0012119743 0.00056150527 0.00010917944 0.0004566922 0.0011830988 0.001246118
0.9349999999999999 0.00116144 0.0005503837 0.000104156024 0.0004417909 0.0011362078 0.0012182567
0.9359999999999999 0.001112265 0.0005390799 9.927783e-05 0.00042694324 0.0010904684 0.0011902613
0.9369999999999999 0.0010644313 0.00052759616 9.454308e-05 0.00041216027 0.0010458658 0.0011621211
0.938 0.001017923 0.00051593705 8.995026e-05 0.00039745524 0.00100239 0.0011338331
0.939 0.0009727238 0.00050410687 8.549742e-05 0.00038284075 0.00096002757 0.0011053943
0.94 0.00092881545 0.00049211184 8.118305e-05 0.00036833048 0.0009187662 0.0010768062
0.941 0.00088618294 0.00047995916 7.700552e-05 0.00035393846 0.0008785943 0.0010480733
0.942 0.0008448091 0.00046765685 7.2963216e-05 0.0003396786 0.00083950104 0.001019202
0.943 0.0008046779 0.0004552145 6.9054564e-05 0.0003255658 0.0008014739 0.0009902038
0.944 0.00076577184 0.0004426422 6.527792e-05 0.00031161442 0.00076450227 0.00096109044
0.945 0.00072807533 0.00042995127 6.163183e-05 0.00029783987 0.00072857464 0.0009318781
0.946 0.00069157174 0.00041715446 5.8114692e-05 0.00028425685 0.00069368 0.0009025851
0.947 0.0006562448 0.0004042645 5.4724947e-05 0.0002708802 0.0006598077 0.0008732327
0.948 0.0006220776 0.00039129585 5.1461022e-05 0.0002577251 0.0006269466 0.000843844
0.949 0.0005890544 0.0003782635 4.832127e-05 0.0002448059 0.00059508695 0.0008144448
0.95 0.0005571587 0.00036518383 4.5304187e-05 0.0002321375 0.00056421733 0.00078506424
0.951 0.00052637386 0.000352073 4.2408054e-05 0.00021973361 0.00053432764 0.00075573084
0.952 0.0004966839 0.000338949 3.9631323e-05 0.00020760868 0.0005054077 0.0007264784
0.953 0.00046807207 0.00032582934 3.6972167e-05 0.00019577533 0.00047744665 0.00069733907
0.954 0.00044052224 0.00031273282 3.442892e-05 0.00018424669 0.00045043454 0.00066834886
0.955 0.00041401736 0.00029967897 3.199978e-05 0.000173035 0.00042436068 0.0006395443
0.956 0.0003885414 0.00028668708 2.9682902e-05 0.00016215154 0.00039921497 0.0006109635
0.957 0.00036407728 0.00027377758 2.7476426e-05 0.00015160734 0.00037498688 0.00058264553
0.958 0.00034060873 0.00026097012 2.537834e-05 0.00014141182 0.00035166545 0.000554629
0.959 0.00031811875 0.00024828574 2.3386689e-05 0.00013157434 0.00032924057 0.00052695523
0.96 0.00029659003 0.00023574481 2.1499334e-05 0.00012210285 0.00030770115 0.00049966405
0.961 0.00027600632 0.00022336822 1.971416e-05 0.00011300439 0.00028703618 0.00047279685
0.962 0.0002563497 0.00021117607 1.8028883e-05 0.00010428472 0.00026723463 0.000446393
0.963 0.00023760326 0.0001991892 1.6441223e-05 9.594898e-05 0.00024828484 0.00042049398
0.964 0.0002197492 0.00018742746 1.4948787e-05 8.8000634e-05 0.0002301754 0.0003951386
0.965 0.00020277007 0.00017591074 1.3549108e-05 8.0442296e-05 0.00021289448 0.00037036627
0.966 0.00018664787 0.00016465841 1.2239641e-05 7.3275165e-05 0.00019642944 0.00034621486
0.967 0.00017136424 0.00015368899 1.1017738e-05 6.6499146e-05 0.00018076779 0.00032272073
0.968 0.00015690118 0.00014302072 9.88071e-06 6.011308e-05 0.00016589674 0.00029991928
0.969 0.00014323993 0.00013267083 8.825758e-06 5.4114345e-05 0.00015180252 0.00027784394
0.97 0.00013036167 0.00012265582 7.8500225e-06 4.849914e-05 0.00013847166 0.00025652625
0.971 0.00011824734 0.000112991096 6.950562e-06 4.326235e-05 0.00012588968 0.00023599582
0.972 0.00010687737 0.00010369115 6.1243827e-06 3.8397542e-05 0.00011404177 0.00021627964
0.973 9.623214e-05 9.476919e-05 5.3684053e-06 3.389714e-05 0.00010291267 0.00019740249
0.974 8.6291584e-05 8.623717e-05 4.6795067e-06 2.9752278e-05 9.248638e-05 0.00017938606
0.975 7.7035234e-05 7.810584e-05 4.054504e-06 2.595299e-05 8.274655e-05 0.00016224958
0.976 6.844237e-05 7.038437e-05 3.490172e-06 2.2488122e-05 7.3676136e-05 0.00014600884
0.977 6.049201e-05 6.308043e-05 2.9832418e-06 1.9345514e-05 6.5257394e-05 0.0001306765
0.978 5.3162486e-05 5.6200213e-05 2.5304244e-06 1.6512011e-05 5.747203e-05 0.00011626188
0.979 4.643203e-05 4.9748083e-05 2.1284009e-06 1.3973483e-05 5.0301038e-05 0.00010277066
0.98 4.0278333e-05 4.3726744e-05 1.7738515e-06 1.1715053e-05 4.3724736e-05 9.020486e-05
0.981 3.467866e-05 3.8137012e-05 1.4634512e-06 9.721044e-06 3.7722686e-05 7.856267e-05
0.982 2.9609922e-05 3.2977874e-05 1.193892e-06 7.975171e-06 3.2273783e-05 6.7838424e-05
0.983 2.5048535e-05 2.8246317e-05 9.6189e-07 6.46062e-06 2.7356155e-05 5.8022342e-05
0.984 2.0970467e-05 2.3937351e-05 7.6419997e-07 5.1601664e-06 2.2947126e-05 4.9100567e-05
0.985 1.7351274e-05 2.004391e-05 5.976272e-07 4.056305e-06 1.9023295e-05 4.105508e-05
0.986 1.4165999e-05 1.6556842e-05 4.5904565e-07 3.1313807e-06 1.556049e-05 3.3863587e-05
0.987 1.1389238e-05 1.3464818e-05 3.4541023e-07 2.3677283e-06 1.2533674e-05 2.7499456e-05
0.988 8.995074e-06 1.0754355e-05 2.5377187e-07 1.7478127e-06 9.917072e-06 2.1931755e-05
0.989 6.9571333e-06 8.409747e-06 1.8129424e-07 1.2543798e-06 7.684053e-06 1.7125163e-05
0.99 5.2485366e-06 6.413033e-06 1.2526947e-07 8.706097e-07 5.8071837e-06 1.3039938e-05
0.991 3.8418966e-06 4.7440026e-06 8.313491e-08 5.802776e-07 4.258206e-06 9.6319645e-06
0.992 2.7093286e-06 3.3801625e-06 5.2490208e-08 3.6791388e-07 3.0080355e-06 6.852722e-06
0.993 1.8224368e-06 2.2967224e-06 3.111364e-08 2.1896602e-07 2.0267482e-06 4.649304e-06
0.994 1.1523166e-06 1.4666036e-06 1.6980067e-08 1.1996829e-07 1.283604e-06 2.96445e-06
0.995 6.695455e-07 8.6042314e-07 8.277989e-09 5.8708018e-08 7.4702956e-07 1.7365765e-06
0.996 3.4418744e-07 4.4650346e-07 3.427127e-09 2.4394586e-08 3.8462417e-07 8.9982007e-07
0.997 1.4578575e-07 1.9087615e-07 1.0958597e-09 7.828073e-09 1.6316496e-07 3.840877e-07
0.998 4.3368033e-08 5.7295797e-08 2.1872784e-10 1.5677887e-09 4.8611337e-08 1.1511935e-07
0.999 5.4425113e-09 7.25404e-09 1.381124e-11 9.932243e-11 6.109553e-09 1.4552965e-08
1.0 0.0 0.0 0.0 0.0 0.0 0.0
