0.001 -0.391073 -4.19639 3.41425
0.00100692 -0.388277 -4.17875 3.4022
0.0010139 -0.385489 -4.16118 3.3902
0.00102092 -0.382709 -4.14368 3.37826
0.00102799 -0.379936 -4.12624 3.36637
0.00103511 -0.377171 -4.10888 3.35454
0.00104227 -0.374413 -4.09159 3.34276
0.00104949 -0.371662 -4.07436 3.33104
0.00105676 -0.368919 -4.05721 3.31937
0.00106408 -0.366183 -4.04012 3.30775
0.00107145 -0.363454 -4.02309 3.29618
0.00107886 -0.360732 -4.00613 3.28467
0.00108634 -0.358016 -3.98924 3.27321
0.00109386 -0.355307 -3.97241 3.26179
0.00110143 -0.352605 -3.95564 3.25043
0.00110906 -0.349909 -3.93894 3.23912
0.00111674 -0.347219 -3.92229 3.22785
0.00112447 -0.344536 -3.90571 3.21664
0.00113226 -0.341859 -3.88919 3.20548
0.0011401 -0.339188 -3.87273 3.19436
0.001148 -0.336523 -3.85633 3.18329
0.00115594 -0.333863 -3.83999 3.17227
0.00116395 -0.331209 -3.82371 3.16129
0.00117201 -0.328561 -3.80748 3.15036
0.00118013 -0.325919 -3.79131 3.13948
0.0011883 -0.323281 -3.7752 3.12864
0.00119653 -0.320649 -3.75914 3.11784
0.00120481 -0.318022 -3.74314 3.1071
0.00121315 -0.3154 -3.72719 3.09639
0.00122156 -0.312783 -3.7113 3.08573
0.00123001 -0.310171 -3.69546 3.07511
0.00123853 -0.307564 -3.67967 3.06454
0.00124711 -0.304961 -3.66393 3.05401
0.00125574 -0.302362 -3.64824 3.04352
0.00126444 -0.299768 -3.6326 3.03307
0.0012732 -0.297179 -3.61702 3.02266
0.00128201 -0.294593 -3.60148 3.01229
0.00129089 -0.292012 -3.58599 3.00197
0.00129983 -0.289434 -3.57055 2.99168
0.00130883 -0.28686 -3.55515 2.98143
0.00131789 -0.28429 -3.5398 2.97122
0.00132702 -0.281724 -3.5245 2.96105
0.00133621 -0.279161 -3.50924 2.95092
0.00134546 -0.276602 -3.49403 2.94083
0.00135478 -0.274046 -3.47886 2.93077
0.00136416 -0.271493 -3.46373 2.92075
0.00137361 -0.268943 -3.44865 2.91077
0.00138312 -0.266396 -3.43361 2.90082
0.0013927 -0.263853 -3.41862 2.89091
0.00140234 -0.261317 -3.40369 2.88105
0.00141205 -0.258787 -3.38881 2.87124
0.00142183 -0.256263 -3.374 2.86148
0.00143167 -0.253745 -3.35925 2.85176
0.00144159 -0.251234 -3.34456 2.84209
0.00145157 -0.248728 -3.32993 2.83247
0.00146162 -0.246228 -3.31535 2.8229
0.00147174 -0.243734 -3.30084 2.81337
0.00148194 -0.241245 -3.28638 2.80388
0.0014922 -0.238763 -3.27197 2.79445
0.00150253 -0.236285 -3.25762 2.78505
0.00151293 -0.233813 -3.24333 2.7757
0.00152341 -0.231346 -3.22909 2.7664
0.00153396 -0.228885 -3.21491 2.75714
0.00154458 -0.226428 -3.20078 2.74792
0.00155528 -0.223977 -3.1867 2.73875
0.00156605 -0.22153 -3.17268 2.72962
0.00157689 -0.219089 -3.1587 2.72053
0.00158781 -0.216652 -3.14478 2.71148
0.00159881 -0.214219 -3.13091 2.70247
0.00160988 -0.211791 -3.11709 2.69351
0.00162103 -0.209368 -3.10332 2.68459
0.00163225 -0.206949 -3.0896 2.6757
0.00164355 -0.204534 -3.07593 2.66686
0.00165494 -0.202123 -3.06231 2.65806
0.0016664 -0.199717 -3.04873 2.6493
0.00167794 -0.197314 -3.0352 2.64057
0.00168955 -0.194915 -3.02172 2.63189
0.00170125 -0.19252 -3.00828 2.62324
0.00171303 -0.190129 -2.99489 2.61464
0.0017249 -0.187741 -2.98155 2.60607
0.00173684 -0.185356 -2.96825 2.59753
0.00174887 -0.182975 -2.95499 2.58904
0.00176098 -0.180598 -2.94178 2.58058
0.00177317 -0.178223 -2.9286 2.57216
0.00178545 -0.175852 -2.91548 2.56377
0.00179782 -0.173484 -2.90239 2.55542
0.00181027 -0.171118 -2.88934 2.54711
0.0018228 -0.168756 -2.87634 2.53883
0.00183542 -0.166396 -2.86337 2.53058
0.00184813 -0.164039 -2.85045 2.52237
0.00186093 -0.161684 -2.83756 2.5142
0.00187382 -0.159332 -2.82472 2.50605
0.00188679 -0.156982 -2.81191 2.49794
0.00189986 -0.154634 -2.79914 2.48987
0.00191301 -0.152289 -2.7864 2.48182
0.00192626 -0.149945 -2.7737 2.47381
0.0019396 -0.147604 -2.76104 2.46583
0.00195303 -0.145264 -2.74842 2.45789
0.00196656 -0.142926 -2.73582 2.44997
0.00198017 -0.14059 -2.72327 2.44209
0.00199389 -0.138256 -2.71074 2.43423
0.00200769 -0.135923 -2.69825 2.42641
0.0020216 -0.133592 -2.6858 2.41862
0.00203559 -0.131267 -2.6734 2.41087
0.00204969 -0.128945 -2.66105 2.40316
0.00206388 -0.126628 -2.64875 2.39549
0.00207818 -0.124315 -2.63649 2.38786
0.00209257 -0.122007 -2.62429 2.38027
0.00210706 -0.119702 -2.61212 2.37272
0.00212165 -0.117402 -2.60001 2.36521
0.00213634 -0.115106 -2.58794 2.35773
0.00215113 -0.112813 -2.57592 2.35029
0.00216603 -0.110524 -2.56394 2.34289
0.00218103 -0.108239 -2.55201 2.33553
0.00219613 -0.105958 -2.54012 2.32821
0.00221134 -0.10368 -2.52828 2.32092
0.00222665 -0.101405 -2.51647 2.31366
0.00224207 -0.0991339 -2.50472 2.30645
0.0022576 -0.096866 -2.493 2.29927
0.00227323 -0.0946013 -2.48133 2.29212
0.00228897 -0.0923396 -2.46969 2.28502
0.00230482 -0.090081 -2.4581 2.27794
0.00232078 -0.0878253 -2.44655 2.2709
0.00233685 -0.0855725 -2.43504 2.2639
0.00235303 -0.0833224 -2.42357 2.25693
0.00236933 -0.081075 -2.41214 2.24999
0.00238574 -0.0788302 -2.40075 2.24309
0.00240226 -0.0765879 -2.3894 2.23622
0.00241889 -0.074348 -2.37808 2.22939
0.00243564 -0.0721105 -2.3668 2.22258
0.00245251 -0.0698752 -2.35556 2.21581
0.00246949 -0.0676421 -2.34436 2.20907
0.00248659 -0.0654111 -2.33319 2.20237
0.00250381 -0.0631821 -2.32206 2.19569
0.00252115 -0.060955 -2.31096 2.18905
0.00253861 -0.0587297 -2.2999 2.18244
0.00255619 -0.0565062 -2.28887 2.17586
0.00257389 -0.0542843 -2.27788 2.16931
0.00259171 -0.052064 -2.26692 2.16279
0.00260966 -0.0498452 -2.25599 2.1563
0.00262773 -0.0476279 -2.2451 2.14984
0.00264592 -0.0454118 -2.23424 2.14341
0.00266425 -0.043197 -2.22341 2.13701
0.0026827 -0.0409833 -2.21261 2.13064
0.00270127 -0.0387708 -2.20184 2.1243
0.00271998 -0.0365592 -2.1911 2.11799
0.00273881 -0.0343485 -2.1804 2.1117
0.00275778 -0.0321386 -2.16972 2.10544
0.00277688 -0.0299295 -2.15907 2.09921
0.0027961 -0.027721 -2.14845 2.09301
0.00281547 -0.025513 -2.13786 2.08684
0.00283496 -0.0233056 -2.1273 2.08069
0.00285459 -0.0210985 -2.11677 2.07457
0.00287436 -0.0188918 -2.10626 2.06847
0.00289427 -0.0166853 -2.09578 2.06241
0.00291431 -0.0144789 -2.08532 2.05636
0.00293449 -0.0122739 -2.0749 2.05035
0.00295481 -0.0100718 -2.06452 2.04437
0.00297527 -0.00787255 -2.05417 2.03843
0.00299587 -0.00567598 -2.04387 2.03251
0.00301662 -0.00348206 -2.0336 2.02663
0.00303751 -0.00129071 -2.02337 2.02079
0.00305854 0.00089815 -2.01318 2.01497
0.00307972 0.00308459 -2.00302 2.00919
0.00310105 0.00526869 -1.9929 2.00344
0.00312252 0.00745053 -1.98282 1.99772
0.00314414 0.00963017 -1.97277 1.99204
0.00316592 0.0118077 -1.96276 1.98638
0.00318784 0.0139832 -1.95279 1.98076
0.00320991 0.0161568 -1.94285 1.97516
0.00323214 0.0183284 -1.93294 1.9696
0.00325452 0.0204983 -1.92307 1.96407
0.00327706 0.0226664 -1.91323 1.95856
0.00329975 0.0248329 -1.90343 1.95309
0.0033226 0.0269978 -1.89366 1.94765
0.00334561 0.0291612 -1.88392 1.94224
0.00336878 0.0313232 -1.87421 1.93685
0.00339211 0.0334838 -1.86453 1.9315
0.0034156 0.0356432 -1.85489 1.92618
0.00343925 0.0378014 -1.84528 1.92088
0.00346306 0.0399585 -1.83569 1.91561
0.00348704 0.0421145 -1.82614 1.91037
0.00351119 0.0442695 -1.81662 1.90516
0.00353551 0.0464237 -1.80713 1.89998
0.00355999 0.0485771 -1.79767 1.89482
0.00358464 0.0507297 -1.78823 1.88969
0.00360946 0.0528817 -1.77883 1.88459
0.00363446 0.0550331 -1.76945 1.87951
0.00365962 0.057184 -1.7601 1.87447
0.00368497 0.0593345 -1.75078 1.86945
0.00371048 0.0614847 -1.74148 1.86445
0.00373618 0.0636345 -1.73221 1.85948
0.00376205 0.0657842 -1.72297 1.85454
0.0037881 0.0679337 -1.71375 1.84962
0.00381433 0.0700832 -1.70456 1.84473
0.00384075 0.0722328 -1.6954 1.83986
0.00386734 0.0743824 -1.68626 1.83502
0.00389412 0.0765323 -1.67714 1.83021
0.00392109 0.0786824 -1.66805 1.82542
0.00394824 0.0808328 -1.65898 1.82065
0.00397558 0.0829837 -1.64994 1.81591
0.00400311 0.085135 -1.64092 1.81119
0.00403083 0.0872869 -1.63192 1.80649
0.00405874 0.0894395 -1.62294 1.80182
0.00408685 0.0915928 -1.61399 1.79717
0.00411515 0.0937469 -1.60506 1.79255
0.00414365 0.0959019 -1.59615 1.78795
0.00417234 0.0980578 -1.58726 1.78337
0.00420123 0.100215 -1.57839 1.77882
0.00423032 0.102373 -1.56954 1.77428
0.00425962 0.104531 -1.56071 1.76977
0.00428911 0.106687 -1.55192 1.7653
0.00431882 0.108842 -1.54316 1.76085
0.00434872 0.110996 -1.53443 1.75642
0.00437884 0.113149 -1.52573 1.75203
0.00440916 0.115301 -1.51706 1.74766
0.00443969 0.117451 -1.50842 1.74332
0.00447043 0.119601 -1.49981 1.73901
0.00450139 0.12175 -1.49122 1.73472
0.00453256 0.123898 -1.48267 1.73046
0.00456395 0.126045 -1.47414 1.72623
0.00459555 0.128192 -1.46564 1.72203
0.00462737 0.130338 -1.45717 1.71785
0.00465942 0.132483 -1.44873 1.71369
0.00469168 0.134628 -1.44031 1.70957
0.00472417 0.136773 -1.43192 1.70547
0.00475689 0.138917 -1.42356 1.70139
0.00478983 0.141061 -1.41522 1.69734
0.00482299 0.143204 -1.40691 1.69332
0.00485639 0.145348 -1.39862 1.68932
0.00489002 0.147492 -1.39036 1.68535
0.00492388 0.149635 -1.38213 1.6814
0.00495798 0.151779 -1.37391 1.67747
0.00499231 0.153923 -1.36573 1.67357
0.00502688 0.156067 -1.35756 1.6697
0.00506169 0.158211 -1.34942 1.66585
0.00509674 0.160356 -1.34131 1.66202
0.00513204 0.162501 -1.33321 1.65822
0.00516757 0.164647 -1.32514 1.65444
0.00520336 0.166793 -1.31709 1.65068
0.00523939 0.16894 -1.30907 1.64695
0.00527567 0.171088 -1.30106 1.64324
0.0053122 0.173236 -1.29308 1.63955
0.00534899 0.175385 -1.28512 1.63589
0.00538603 0.177535 -1.27718 1.63225
0.00542333 0.179686 -1.26926 1.62863
0.00546088 0.181839 -1.26136 1.62503
0.0054987 0.183992 -1.25348 1.62146
0.00553677 0.186146 -1.24562 1.61791
0.00557511 0.188302 -1.23777 1.61438
0.00561372 0.190459 -1.22995 1.61087
0.00565259 0.192618 -1.22215 1.60738
0.00569174 0.194778 -1.21436 1.60392
0.00573115 0.196939 -1.2066 1.60048
0.00577084 0.199102 -1.19885 1.59705
0.0058108 0.201267 -1.19112 1.59365
0.00585104 0.203434 -1.18341 1.59027
0.00589155 0.205602 -1.17571 1.58691
0.00593235 0.207772 -1.16803 1.58357
0.00597343 0.209945 -1.16037 1.58025
0.00601479 0.212119 -1.15272 1.57696
0.00605645 0.214295 -1.14509 1.57368
0.00609838 0.216474 -1.13747 1.57042
0.00614061 0.218654 -1.12987 1.56718
0.00618314 0.220836 -1.12229 1.56396
0.00622595 0.223018 -1.11474 1.56077
0.00626907 0.2252 -1.1072 1.5576
0.00631248 0.227381 -1.0997 1.55446
0.00635619 0.229564 -1.09221 1.55134
0.0064002 0.231746 -1.08475 1.54824
0.00644452 0.233929 -1.07731 1.54517
0.00648915 0.236112 -1.0699 1.54212
0.00653409 0.238296 -1.0625 1.53909
0.00657933 0.24048 -1.05513 1.53609
0.00662489 0.242664 -1.04778 1.53311
0.00667077 0.24485 -1.04045 1.53015
0.00671696 0.247036 -1.03315 1.52722
0.00676347 0.249223 -1.02586 1.52431
0.00681031 0.25141 -1.0186 1.52142
0.00685747 0.253599 -1.01135 1.51855
0.00690495 0.255788 -1.00413 1.5157
0.00695277 0.257979 -0.996923 1.51288
0.00700092 0.26017 -0.989739 1.51008
0.0070494 0.262363 -0.982574 1.5073
0.00709821 0.264557 -0.975429 1.50454
0.00714736 0.266752 -0.968302 1.50181
0.00719686 0.268948 -0.961195 1.49909
0.00724669 0.271146 -0.954106 1.4964
0.00729687 0.273345 -0.947035 1.49372
0.0073474 0.275545 -0.939982 1.49107
0.00739828 0.277748 -0.932947 1.48844
0.00744951 0.279951 -0.92593 1.48583
0.0075011 0.282157 -0.91893 1.48324
0.00755304 0.284364 -0.911947 1.48067
0.00760534 0.286573 -0.904981 1.47813
0.00765801 0.288783 -0.898031 1.4756
0.00771104 0.290996 -0.891098 1.47309
0.00776444 0.293211 -0.884181 1.4706
0.0078182 0.295427 -0.877279 1.46813
0.00787234 0.297646 -0.870394 1.46569
0.00792685 0.299867 -0.863523 1.46326
0.00798175 0.30209 -0.856668 1.46085
0.00803702 0.304315 -0.849828 1.45846
0.00809267 0.306543 -0.843002 1.45609
0.00814871 0.308773 -0.836191 1.45374
0.00820514 0.311005 -0.829393 1.4514
0.00826196 0.31324 -0.82261 1.44909
0.00831917 0.315478 -0.81584 1.4468
0.00837678 0.317718 -0.809084 1.44452
0.00843478 0.319961 -0.802341 1.44226
0.00849319 0.322206 -0.795611 1.44002
0.008552 0.324455 -0.788894 1.4378
0.00861122 0.326706 -0.782189 1.4356
0.00867086 0.32896 -0.775497 1.43342
0.0087309 0.331217 -0.768817 1.43125
0.00879136 0.333477 -0.762148 1.4291
0.00885224 0.335741 -0.755491 1.42697
0.00891353 0.338007 -0.748845 1.42486
0.00897526 0.340276 -0.742216 1.42277
0.00903741 0.342545 -0.735605 1.4207
0.00909999 0.344817 -0.729012 1.41864
0.00916301 0.347089 -0.722437 1.41661
0.00922646 0.349363 -0.715879 1.41461
0.00929035 0.351639 -0.70934 1.41262
0.00935468 0.353917 -0.702817 1.41065
0.00941946 0.356196 -0.696312 1.4087
0.00948469 0.358476 -0.689824 1.40678
0.00955037 0.360759 -0.683352 1.40487
0.0096165 0.363043 -0.676897 1.40298
0.00968309 0.365329 -0.670458 1.40112
0.00975014 0.367617 -0.664036 1.39927
0.00981766 0.369907 -0.657629 1.39744
0.00988564 0.372199 -0.651239 1.39564
0.0099541 0.374493 -0.644863 1.39385
0.010023 0.376789 -0.638504 1.39208
0.0100924 0.379087 -0.632159 1.39033
0.0101623 0.381387 -0.625829 1.3886
0.0102327 0.383689 -0.619515 1.38689
0.0103036 0.385994 -0.613214 1.3852
0.0103749 0.3883 -0.606929 1.38353
0.0104467 0.39061 -0.600657 1.38188
0.0105191 0.392921 -0.594399 1.38024
0.0105919 0.395235 -0.588156 1.37863
0.0106653 0.397551 -0.581926 1.37703
0.0107391 0.39987 -0.575709 1.37545
0.0108135 0.402192 -0.569506 1.37389
0.0108884 0.404516 -0.563316 1.37235
0.0109638 0.406842 -0.557138 1.37082
0.0110397 0.409171 -0.550974 1.36932
0.0111161 0.411503 -0.544822 1.36783
0.0111931 0.413838 -0.538682 1.36636
0.0112706 0.416176 -0.532554 1.36491
0.0113487 0.418516 -0.526439 1.36347
0.0114273 0.42086 -0.520335 1.36205
0.0115064 0.423206 -0.514243 1.36065
0.0115861 0.425555 -0.508162 1.35927
0.0116663 0.427907 -0.502093 1.35791
0.0117471 0.430263 -0.496034 1.35656
0.0118284 0.432621 -0.489987 1.35523
0.0119103 0.434983 -0.48395 1.35391
0.0119928 0.437347 -0.477923 1.35262
0.0120759 0.439716 -0.471907 1.35134
0.0121595 0.442087 -0.465901 1.35008
0.0122437 0.444462 -0.459906 1.34883
0.0123285 0.44684 -0.45392 1.3476
0.0124138 0.449221 -0.447943 1.34639
0.0124998 0.451606 -0.441976 1.34519
0.0125864 0.453995 -0.436018 1.34401
0.0126735 0.456387 -0.43007 1.34284
0.0127613 0.458782 -0.42413 1.34169
0.0128496 0.461182 -0.418199 1.34056
0.0129386 0.463584 -0.412277 1.33945
0.0130282 0.46599 -0.406368 1.33835
0.0131184 0.468399 -0.400471 1.33727
0.0132093 0.47081 -0.394589 1.33621
0.0133007 0.473224 -0.38872 1.33517
0.0133929 0.475641 -0.382864 1.33415
0.0134856 0.47806 -0.377021 1.33314
0.013579 0.480483 -0.371191 1.33216
0.013673 0.482908 -0.365374 1.33119
0.0137677 0.485335 -0.35957 1.33024
0.013863 0.487766 -0.353778 1.32931
0.013959 0.490199 -0.347999 1.3284
0.0140557 0.492636 -0.342233 1.3275
0.014153 0.495075 -0.336478 1.32663
0.014251 0.497517 -0.330736 1.32577
0.0143497 0.499962 -0.325005 1.32493
0.0144491 0.502409 -0.319287 1.32411
0.0145491 0.50486 -0.31358 1.3233
0.0146499 0.507313 -0.307885 1.32251
0.0147513 0.50977 -0.302201 1.32174
0.0148535 0.512229 -0.296529 1.32099
0.0149563 0.514692 -0.290868 1.32025
0.0150599 0.517157 -0.285218 1.31953
0.0151642 0.519625 -0.279579 1.31883
0.0152692 0.522097 -0.273951 1.31814
0.0153749 0.524571 -0.268334 1.31748
0.0154814 0.527048 -0.262727 1.31682
0.0155886 0.529529 -0.257131 1.31619
0.0156965 0.532012 -0.251545 1.31557
0.0158052 0.534499 -0.24597 1.31497
0.0159147 0.536989 -0.240405 1.31438
0.0160249 0.539481 -0.234849 1.31381
0.0161359 0.541977 -0.229304 1.31326
0.0162476 0.544476 -0.223769 1.31272
0.0163601 0.546978 -0.218243 1.3122
0.0164734 0.549484 -0.212727 1.31169
0.0165875 0.551992 -0.20722 1.3112
0.0167023 0.554504 -0.201723 1.31073
0.016818 0.557019 -0.196235 1.31027
0.0169345 0.559537 -0.190756 1.30983
0.0170517 0.562058 -0.185286 1.3094
0.0171698 0.564583 -0.179825 1.30899
0.0172887 0.567111 -0.174373 1.3086
0.0174084 0.569642 -0.16893 1.30821
0.017529 0.572177 -0.163495 1.30785
0.0176503 0.574715 -0.158069 1.3075
0.0177726 0.577256 -0.152651 1.30716
0.0178956 0.5798 -0.147241 1.30684
0.0180196 0.582348 -0.14184 1.30654
0.0181443 0.584899 -0.136447 1.30624
0.01827 0.587454 -0.131061 1.30597
0.0183965 0.590012 -0.125684 1.30571
0.0185239 0.592573 -0.120314 1.30546
0.0186522 0.595138 -0.114952 1.30523
0.0187813 0.597706 -0.109597 1.30501
0.0189114 0.600278 -0.104252 1.30481
0.0190423 0.602854 -0.0989179 1.30463
0.0191742 0.605434 -0.0935936 1.30446
0.019307 0.608017 -0.0882795 1.30431
0.0194407 0.610605 -0.0829756 1.30418
0.0195753 0.613195 -0.0776818 1.30407
0.0197108 0.61579 -0.0723982 1.30398
0.0198473 0.618388 -0.0671245 1.3039
0.0199848 0.62099 -0.0618609 1.30384
0.0201232 0.623595 -0.0566073 1.3038
0.0202625 0.626204 -0.0513636 1.30377
0.0204028 0.628816 -0.0461299 1.30376
0.0205441 0.631432 -0.040906 1.30377
0.0206864 0.634051 -0.035692 1.30379
0.0208296 0.636673 -0.0304878 1.30383
0.0209739 0.639299 -0.0252934 1.30389
0.0211191 0.641928 -0.0201088 1.30396
0.0212653 0.64456 -0.0149338 1.30405
0.0214126 0.647195 -0.00976858 1.30416
0.0215609 0.649834 -0.00461299 1.30428
0.0217102 0.652475 0.000532978 1.30442
0.0218605 0.65512 0.00566935 1.30457
0.0220119 0.657767 0.0107962 1.30474
0.0221643 0.660418 0.0159135 1.30492
0.0223178 0.663071 0.0210212 1.30512
0.0224723 0.665728 0.0261196 1.30534
0.022628 0.668387 0.0312084 1.30557
0.0227846 0.671049 0.0362879 1.30581
0.0229424 0.673714 0.041358 1.30607
0.0231013 0.676382 0.0464187 1.30634
0.0232613 0.679052 0.0514702 1.30663
0.0234223 0.681725 0.0565123 1.30694
0.0235845 0.684401 0.0615451 1.30726
0.0237479 0.687079 0.0665688 1.30759
0.0239123 0.689759 0.0715832 1.30794
0.0240779 0.692443 0.0765884 1.3083
0.0242446 0.695128 0.0815845 1.30867
0.0244125 0.697816 0.0865715 1.30906
0.0245816 0.700507 0.0915494 1.30946
0.0247518 0.7032 0.0965182 1.30988
0.0249232 0.705895 0.101478 1.31031
0.0250958 0.708592 0.106429 1.31076
0.0252695 0.711292 0.11137 1.31121
0.0254445 0.713994 0.116303 1.31168
0.0256207 0.716698 0.121227 1.31217
0.0257981 0.719404 0.126142 1.31267
0.0259768 0.722112 0.131048 1.31318
0.0261567 0.724822 0.135945 1.3137
0.0263378 0.727534 0.140834 1.31423
0.0265202 0.730248 0.145713 1.31478
0.0267038 0.732964 0.150584 1.31534
0.0268887 0.735682 0.155446 1.31592
0.0270749 0.738402 0.160299 1.3165
0.0272624 0.741123 0.165144 1.3171
0.0274512 0.743848 0.169979 1.31772
0.0276413 0.746577 0.174804 1.31835
0.0278327 0.74931 0.17962 1.319
0.0280254 0.752046 0.184427 1.31966
0.0282195 0.754785 0.189224 1.32035
0.0284149 0.757528 0.194011 1.32105
0.0286117 0.760275 0.198788 1.32176
0.0288098 0.763024 0.203556 1.32249
0.0290093 0.765777 0.208314 1.32324
0.0292102 0.768533 0.213063 1.324
0.0294125 0.771292 0.217802 1.32478
0.0296161 0.774054 0.222531 1.32558
0.0298212 0.776819 0.22725 1.32639
0.0300277 0.779587 0.23196 1.32721
0.0302357 0.782358 0.236659 1.32806
0.030445 0.785131 0.241349 1.32891
0.0306559 0.787907 0.246029 1.32978
0.0308681 0.790685 0.2507 1.33067
0.0310819 0.793466 0.25536 1.33157
0.0312971 0.796249 0.260011 1.33249
0.0315139 0.799034 0.264651 1.33342
0.0317321 0.801822 0.269282 1.33436
0.0319518 0.804612 0.273903 1.33532
0.0321731 0.807404 0.278514 1.33629
0.0323959 0.810197 0.283115 1.33728
0.0326202 0.812993 0.287706 1.33828
0.0328461 0.815791 0.292287 1.33929
0.0330735 0.81859 0.296859 1.34032
0.0333026 0.821391 0.30142 1.34136
0.0335332 0.824194 0.305971 1.34242
0.0337654 0.826998 0.310512 1.34348
0.0339992 0.829803 0.315044 1.34456
0.0342346 0.83261 0.319565 1.34566
0.0344717 0.835419 0.324076 1.34676
0.0347104 0.838228 0.328577 1.34788
0.0349508 0.841039 0.333068 1.34901
0.0351928 0.843851 0.337549 1.35015
0.0354365 0.846663 0.34202 1.35131
0.0356819 0.849477 0.346481 1.35247
0.035929 0.852291 0.350932 1.35365
0.0361778 0.855107 0.355373 1.35484
0.0364283 0.857922 0.359804 1.35604
0.0366805 0.860739 0.364225 1.35725
0.0369345 0.863556 0.368635 1.35848
0.0371903 0.866374 0.373036 1.35971
0.0374478 0.869192 0.377426 1.36096
0.0377071 0.87201 0.381807 1.36221
0.0379682 0.874828 0.386177 1.36348
0.0382312 0.877647 0.390537 1.36476
0.0384959 0.880466 0.394887 1.36604
0.0387625 0.883284 0.399228 1.36734
0.0390309 0.886103 0.403558 1.36865
0.0393012 0.888921 0.407878 1.36996
0.0395733 0.891741 0.412188 1.37129
0.0398474 0.894568 0.416494 1.37264
0.0401233 0.897404 0.420795 1.37401
0.0404011 0.900248 0.425092 1.3754
0.0406809 0.9031 0.429383 1.37682
0.0409626 0.905959 0.433668 1.37825
0.0412463 0.908825 0.437947 1.3797
0.0415319 0.911697 0.44222 1.38117
0.0418195 0.914576 0.446485 1.38267
0.0421091 0.917459 0.450744 1.38417
0.0424007 0.920348 0.454994 1.3857
0.0426943 0.923242 0.459237 1.38725
0.0429899 0.926139 0.463471 1.38881
0.0432876 0.92904 0.467696 1.39038
0.0435874 0.931944 0.471912 1.39198
0.0438892 0.934851 0.476119 1.39358
0.0441931 0.93776 0.480315 1.39521
0.0444991 0.940671 0.484501 1.39684
0.0448073 0.943584 0.488676 1.39849
0.0451176 0.946497 0.49284 1.40015
0.04543 0.949411 0.496993 1.40183
0.0457446 0.952324 0.501134 1.40351
0.0460614 0.955237 0.505263 1.40521
0.0463803 0.958149 0.50938 1.40692
0.0467015 0.96106 0.513484 1.40864
0.0470249 0.963969 0.517575 1.41036
0.0473505 0.966875 0.521652 1.4121
0.0476784 0.969779 0.525716 1.41384
0.0480086 0.972679 0.529766 1.41559
0.048341 0.975576 0.533801 1.41735
0.0486758 0.978468 0.537822 1.41911
0.0490128 0.981356 0.541828 1.42088
0.0493522 0.984239 0.545819 1.42266
0.049694 0.987116 0.549794 1.42444
0.0500381 0.989987 0.553753 1.42622
0.0503846 0.992852 0.557697 1.42801
0.0507335 0.99571 0.561624 1.4298
0.0510848 0.99856 0.565534 1.43159
0.0514385 1.0014 0.569428 1.43338
0.0517947 1.00424 0.573304 1.43517
0.0521534 1.00706 0.577163 1.43696
0.0525146 1.00988 0.581005 1.43875
0.0528782 1.01268 0.584829 1.44054
0.0532444 1.01548 0.588634 1.44233
0.0536131 1.01827 0.592421 1.44411
0.0539843 1.02104 0.59619 1.44589
0.0543582 1.0238 0.59994 1.44767
0.0547346 1.02656 0.603671 1.44944
0.0551136 1.02929 0.607382 1.45121
0.0554952 1.03202 0.611074 1.45297
0.0558795 1.03473 0.614747 1.45472
0.0562665 1.03743 0.618399 1.45646
0.0566561 1.04012 0.622032 1.4582
0.0570484 1.04279 0.625644 1.45993
0.0574435 1.04544 0.629237 1.46165
0.0578413 1.04809 0.632817 1.46337
0.0582418 1.05074 0.636385 1.4651
0.0586451 1.05339 0.63994 1.46684
0.0590512 1.05603 0.643483 1.46858
0.0594601 1.05867 0.647013 1.47033
0.0598719 1.06131 0.650531 1.47208
0.0602865 1.06394 0.654035 1.47384
0.0607039 1.06656 0.657527 1.4756
0.0611243 1.06919 0.661005 1.47737
0.0615476 1.0718 0.66447 1.47913
0.0619738 1.07441 0.667922 1.4809
0.0624029 1.07702 0.67136 1.48268
0.062835 1.07962 0.674784 1.48445
0.0632701 1.08221 0.678195 1.48623
0.0637083 1.0848 0.681591 1.48801
0.0641494 1.08738 0.684974 1.48979
0.0645936 1.08996 0.688342 1.49157
0.0650409 1.09252 0.691696 1.49335
0.0654913 1.09508 0.695036 1.49513
0.0659448 1.09764 0.698361 1.49691
0.0664015 1.10018 0.701671 1.49869
0.0668613 1.10272 0.704967 1.50047
0.0673243 1.10525 0.708247 1.50225
0.0677905 1.10777 0.711513 1.50402
0.0682599 1.11028 0.714763 1.50579
0.0687326 1.11278 0.717998 1.50756
0.0692086 1.11527 0.721218 1.50933
0.0696878 1.11776 0.724422 1.51109
0.0701704 1.12023 0.72761 1.51285
0.0706563 1.12269 0.730782 1.5146
0.0711456 1.12514 0.733939 1.51635
0.0716382 1.12759 0.73708 1.51809
0.0721343 1.13002 0.740204 1.51983
0.0726338 1.13244 0.743312 1.52156
0.0731368 1.13485 0.746404 1.52329
0.0736432 1.13724 0.749479 1.52501
0.0741532 1.13963 0.752538 1.52672
0.0746667 1.142 0.755579 1.52842
0.0751837 1.14436 0.758604 1.53012
0.0757044 1.14671 0.761612 1.5318
0.0762286 1.14904 0.764603 1.53348
0.0767565 1.15136 0.767577 1.53515
0.077288 1.15367 0.770533 1.53681
0.0778232 1.15597 0.773472 1.53846
0.0783621 1.15825 0.776393 1.5401
0.0789047 1.16051 0.779297 1.54173
0.0794511 1.16276 0.782182 1.54335
0.0800013 1.165 0.78505 1.54495
0.0805553 1.16722 0.7879 1.54655
0.0811131 1.16943 0.790732 1.54813
0.0816748 1.17162 0.793545 1.5497
0.0822403 1.1738 0.79634 1.55125
0.0828098 1.17596 0.799116 1.55279
0.0833833 1.17809 0.801871 1.55432
0.0839607 1.18019 0.804589 1.55579
0.0845421 1.18224 0.807273 1.55721
0.0851275 1.18426 0.809923 1.55859
0.085717 1.18624 0.812543 1.55993
0.0863106 1.18818 0.815132 1.56123
0.0869082 1.19009 0.817694 1.56249
0.0875101 1.19198 0.82023 1.56372
0.088116 1.19383 0.822742 1.56492
0.0887262 1.19566 0.825231 1.5661
0.0893406 1.19748 0.8277 1.56725
0.0899593 1.19927 0.830149 1.56838
0.0905822 1.20104 0.83258 1.5695
0.0912095 1.2028 0.834996 1.5706
0.0918411 1.20454 0.837397 1.57169
0.092477 1.20628 0.839785 1.57278
0.0931174 1.20801 0.842162 1.57386
0.0937622 1.20974 0.84453 1.57494
0.0944115 1.21146 0.846889 1.57603
0.0950653 1.21318 0.849242 1.57712
0.0957236 1.21491 0.85159 1.57822
0.0963864 1.21663 0.853935 1.57933
0.0970539 1.21837 0.856277 1.58047
0.097726 1.22012 0.858619 1.58162
0.0984027 1.22188 0.860962 1.58279
0.0990841 1.22365 0.863307 1.58399
0.0997702 1.22544 0.865656 1.58522
0.100461 1.22725 0.868012 1.58649
0.101157 1.22909 0.870382 1.5878
0.101857 1.23096 0.872762 1.58915
0.102563 1.23284 0.875151 1.59053
0.103273 1.23474 0.877545 1.59194
0.103988 1.23666 0.87994 1.59338
0.104708 1.23858 0.882334 1.59483
0.105433 1.24051 0.884724 1.59629
0.106163 1.24244 0.887107 1.59776
0.106898 1.24436 0.88948 1.59924
0.107639 1.24627 0.89184 1.60071
0.108384 1.24818 0.894184 1.60217
0.109134 1.25006 0.896509 1.60362
0.10989 1.25193 0.898812 1.60505
0.110651 1.25377 0.901091 1.60646
0.111417 1.25559 0.903342 1.60783
0.112189 1.25737 0.905563 1.60917
0.112966 1.25911 0.907751 1.61048
0.113748 1.26082 0.909904 1.61173
0.114536 1.26248 0.912017 1.61294
0.115329 1.26409 0.91409 1.61409
0.116127 1.26565 0.916118 1.61517
0.116932 1.26715 0.9181 1.61619
0.117741 1.26858 0.920032 1.61714
0.118557 1.26996 0.921913 1.61801
0.119378 1.27128 0.923752 1.61881
0.120204 1.27256 0.925554 1.61956
0.121037 1.27379 0.927319 1.62026
0.121875 1.27497 0.929049 1.6209
0.122719 1.27612 0.930743 1.62149
0.123569 1.27722 0.932402 1.62203
0.124424 1.27827 0.934027 1.62252
0.125286 1.27929 0.935617 1.62297
0.126153 1.28027 0.937173 1.62337
0.127027 1.28121 0.938696 1.62372
0.127907 1.28211 0.940185 1.62403
0.128792 1.28297 0.941642 1.6243
0.129684 1.2838 0.943066 1.62453
0.130582 1.28459 0.944458 1.62473
0.131486 1.28535 0.945818 1.62488
0.132397 1.28607 0.947147 1.625
0.133314 1.28676 0.948445 1.62508
0.134237 1.28742 0.949713 1.62513
0.135167 1.28805 0.95095 1.62516
0.136103 1.28865 0.952157 1.62515
0.137045 1.28922 0.953335 1.62511
0.137994 1.28975 0.954479 1.62502
0.13895 1.29024 0.95559 1.6249
0.139912 1.2907 0.956667 1.62473
0.140881 1.29111 0.95771 1.62451
0.141856 1.29148 0.958718 1.62425
0.142838 1.29182 0.959691 1.62394
0.143828 1.29211 0.960629 1.62359
0.144824 1.29236 0.961532 1.6232
0.145826 1.29258 0.9624 1.62276
0.146836 1.29275 0.963231 1.62227
0.147853 1.29289 0.964027 1.62175
0.148877 1.29298 0.964786 1.62118
0.149908 1.29304 0.965509 1.62056
0.150946 1.29305 0.966196 1.61991
0.151991 1.29303 0.966845 1.61921
0.153044 1.29296 0.967458 1.61846
0.154103 1.29286 0.968033 1.61768
0.155171 1.29271 0.968571 1.61685
0.156245 1.29252 0.969072 1.61598
0.157327 1.2923 0.969537 1.61506
0.158416 1.29203 0.969964 1.61409
0.159513 1.29171 0.970354 1.61308
0.160618 1.29136 0.970704 1.61201
0.16173 1.29096 0.971016 1.6109
0.16285 1.29051 0.971287 1.60973
0.163978 1.29002 0.971516 1.60852
0.165113 1.28948 0.971705 1.60725
0.166257 1.28889 0.97185 1.60593
0.167408 1.28825 0.971953 1.60455
0.168567 1.28757 0.972012 1.60312
0.169735 1.28683 0.972026 1.60164
0.17091 1.28604 0.971994 1.60009
0.172093 1.28521 0.971917 1.59849
0.173285 1.28431 0.971793 1.59684
0.174485 1.28337 0.971622 1.59512
0.175693 1.28237 0.971403 1.59333
0.17691 1.28131 0.971138 1.59149
0.178135 1.2802 0.970825 1.58958
0.179369 1.27904 0.970465 1.58761
0.180611 1.27782 0.970057 1.58558
0.181861 1.27654 0.969601 1.58349
0.183121 1.27521 0.969098 1.58133
0.184389 1.27383 0.968548 1.57911
0.185666 1.27239 0.967949 1.57684
0.186951 1.2709 0.967302 1.5745
0.188246 1.26935 0.966608 1.5721
0.189549 1.26775 0.965866 1.56964
0.190862 1.26609 0.965075 1.56711
0.192184 1.26438 0.964237 1.56453
0.193514 1.26262 0.963349 1.56188
0.194854 1.26079 0.962412 1.55917
0.196204 1.25891 0.961424 1.55639
0.197562 1.25696 0.960385 1.55354
0.19893 1.25496 0.959294 1.55062
0.200308 1.25289 0.958151 1.54764
0.201695 1.25077 0.956955 1.54458
0.203092 1.24858 0.955707 1.54146
0.204498 1.24633 0.954404 1.53826
0.205914 1.24402 0.953048 1.53499
0.20734 1.24164 0.951637 1.53165
0.208776 1.2392 0.950171 1.52823
0.210222 1.2367 0.948649 1.52474
0.211677 1.23412 0.94707 1.52118
0.213143 1.23148 0.945431 1.51753
0.214619 1.22877 0.943734 1.5138
0.216105 1.22598 0.941979 1.50999
0.217602 1.22313 0.940166 1.5061
0.219109 1.22022 0.938295 1.50213
0.220626 1.21723 0.936367 1.49809
0.222154 1.21418 0.934382 1.49397
0.223692 1.21105 0.93234 1.48977
0.225241 1.20787 0.930242 1.4855
0.226801 1.20462 0.928087 1.48115
0.228371 1.2013 0.925878 1.47672
0.229953 1.19791 0.92361 1.47222
0.231545 1.19445 0.921281 1.46763
0.233148 1.19092 0.918891 1.46295
0.234763 1.18732 0.91644 1.45819
0.236389 1.18364 0.913928 1.45335
0.238025 1.17989 0.911356 1.44842
0.239674 1.17607 0.908724 1.44342
0.241333 1.17218 0.906033 1.43832
0.243005 1.16822 0.903282 1.43315
0.244687 1.16419 0.900472 1.4279
0.246382 1.16009 0.897604 1.42257
0.248088 1.15591 0.894677 1.41715
0.249806 1.15167 0.891686 1.41165
0.251536 1.14735 0.888632 1.40606
0.253277 1.14295 0.885515 1.40038
0.255031 1.13847 0.882335 1.39461
0.256797 1.13392 0.879091 1.38876
0.258576 1.1293 0.875783 1.38281
0.260366 1.1246 0.872411 1.37678
0.262169 1.11982 0.868976 1.37066
0.263984 1.11496 0.865476 1.36445
0.265813 1.11003 0.861912 1.35815
0.267653 1.10501 0.858275 1.35174
0.269507 1.0999 0.854563 1.34523
0.271373 1.0947 0.850781 1.33862
0.273252 1.08942 0.846931 1.33191
0.275144 1.08407 0.843016 1.32512
0.27705 1.07864 0.839039 1.31824
0.278968 1.07314 0.835004 1.31128
0.2809 1.06758 0.830913 1.30424
0.282845 1.06196 0.826771 1.29714
0.284804 1.05628 0.822577 1.28998
0.286776 1.05053 0.818324 1.28273
0.288762 1.04471 0.81401 1.27541
0.290761 1.03882 0.809635 1.268
0.292775 1.03285 0.805198 1.2605
0.294802 1.02681 0.800698 1.25293
0.296843 1.0207 0.796135 1.24527
0.298899 1.01451 0.791508 1.23752
0.300969 1.00825 0.786817 1.22969
0.303053 1.00191 0.78206 1.22176
0.305151 0.995485 0.777229 1.21374
0.307265 0.988971 0.772325 1.20562
0.309392 0.982377 0.767353 1.1974
0.311535 0.975707 0.762316 1.1891
0.313692 0.968967 0.757217 1.18072
0.315864 0.962161 0.752061 1.17226
0.318052 0.955295 0.74685 1.16374
0.320254 0.948373 0.741589 1.15516
0.322472 0.941392 0.736274 1.14651
0.324705 0.934339 0.730897 1.13778
0.326953 0.927217 0.725459 1.12898
0.329217 0.920027 0.71996 1.12009
0.331497 0.912772 0.714403 1.11114
0.333792 0.905451 0.708787 1.10212
0.336104 0.898068 0.703115 1.09302
0.338431 0.890624 0.697388 1.08386
0.340775 0.883114 0.691601 1.07463
0.343135 0.875529 0.685748 1.06531
0.345511 0.867873 0.679832 1.05591
0.347903 0.860152 0.673858 1.04645
0.350312 0.852369 0.667826 1.03691
0.352738 0.84453 0.661742 1.02732
0.355181 0.836637 0.655608 1.01767
0.35764 0.828696 0.649427 1.00797
0.360117 0.820693 0.643189 0.998196
0.362611 0.812623 0.636891 0.988355
0.365122 0.804493 0.630537 0.978449
0.36765 0.796309 0.624132 0.968486
0.370196 0.788076 0.61768 0.958473
0.372759 0.779801 0.611185 0.948416
0.375341 0.771488 0.604652 0.938324
0.37794 0.763131 0.598075 0.928188
0.380557 0.75472 0.591446 0.917994
0.383192 0.74626 0.584771 0.90775
0.385846 0.737756 0.578051 0.897462
0.388518 0.729214 0.571292 0.887135
0.391208 0.720637 0.564497 0.876778
0.393917 0.712032 0.55767 0.866395
0.396645 0.703391 0.550805 0.855976
0.399391 0.694705 0.543897 0.845513
0.402157 0.685981 0.53695 0.835013
0.404942 0.677226 0.529968 0.824483
0.407746 0.668443 0.522957 0.81393
0.410569 0.659641 0.51592 0.803361
0.413413 0.650821 0.508861 0.792781
0.416275 0.64197 0.501768 0.782171
0.419158 0.633089 0.494644 0.771534
0.42206 0.624185 0.487493 0.760876
0.424983 0.615264 0.48032 0.750207
0.427926 0.606332 0.47313 0.739535
0.430889 0.597397 0.465928 0.728866
0.433873 0.588449 0.458707 0.71819
0.436877 0.579482 0.451464 0.7075
0.439903 0.570504 0.444204 0.696804
0.442949 0.561521 0.436931 0.68611
0.446016 0.552538 0.429652 0.675424
0.449105 0.543563 0.422372 0.664754
0.452215 0.534587 0.415085 0.654089
0.455346 0.525604 0.407787 0.643422
0.458499 0.516623 0.400485 0.632762
0.461674 0.507652 0.393183 0.62212
0.464871 0.498697 0.385889 0.611506
0.46809 0.489767 0.378607 0.600927
0.471332 0.48085 0.37133 0.59037
0.474596 0.471946 0.36406 0.579833
0.477882 0.463061 0.356799 0.569324
0.481191 0.4542 0.349552 0.558849
0.484523 0.44537 0.342324 0.548416
0.487879 0.436571 0.335116 0.538026
0.491257 0.427793 0.32792 0.527666
0.494659 0.419043 0.320743 0.517342
0.498084 0.410327 0.31359 0.507064
0.501533 0.401654 0.306468 0.496839
0.505006 0.39303 0.299384 0.486676
0.508503 0.384445 0.292329 0.476561
0.512024 0.375901 0.285306 0.466495
0.51557 0.367404 0.278321 0.456487
0.51914 0.358962 0.27138 0.446545
0.522735 0.350583 0.26449 0.436677
0.526355 0.342264 0.25765 0.426877
0.53 0.334001 0.250859 0.417142
0.53367 0.325798 0.244118 0.407477
0.537365 0.317658 0.237431 0.397886
0.541087 0.309587 0.230799 0.388374
0.544833 0.301577 0.224219 0.378935
0.548606 0.29363 0.217692 0.369567
0.552405 0.285753 0.211227 0.36028
0.55623 0.277957 0.204831 0.351082
0.560082 0.270248 0.198513 0.341983
0.563961 0.262622 0.19227 0.332975
0.567866 0.255079 0.186102 0.324057
0.571798 0.247622 0.180012 0.315233
0.575758 0.240255 0.174001 0.306509
0.579745 0.232979 0.168071 0.297888
0.583759 0.225795 0.162224 0.289365
0.587802 0.218702 0.156462 0.280942
0.591872 0.211703 0.150784 0.272622
0.595971 0.2048 0.145192 0.264407
0.600097 0.197988 0.139684 0.256292
0.604253 0.19127 0.134263 0.248278
0.608437 0.184655 0.128936 0.240375
0.61265 0.178152 0.12371 0.232594
0.616893 0.171767 0.118592 0.224942
0.621165 0.165497 0.113581 0.217413
0.625466 0.159341 0.108676 0.210006
0.629797 0.153301 0.103878 0.202725
0.634158 0.147379 0.0991847 0.195573
0.63855 0.141581 0.0946076 0.188554
0.642972 0.135902 0.0901416 0.181663
0.647424 0.130336 0.0857774 0.174895
0.651907 0.124874 0.0815055 0.168243
0.656422 0.119513 0.077324 0.161703
0.660967 0.114262 0.0732429 0.155282
0.665544 0.109135 0.0692731 0.148997
0.670153 0.104144 0.0654259 0.142863
0.674793 0.0992974 0.0617108 0.136884
0.679466 0.0945859 0.0581195 0.131052
0.684171 0.0899979 0.0546384 0.125357
0.688909 0.0855224 0.0512544 0.11979
0.693679 0.0811603 0.0479708 0.11435
0.698483 0.0769197 0.0447952 0.109044
0.70332 0.0728068 0.0417314 0.103882
0.70819 0.0688288 0.0387848 0.0988729
0.713094 0.0649914 0.0359634 0.0940194
0.718032 0.061285 0.033257 0.0893129
0.723004 0.0576976 0.0306522 0.084743
0.728011 0.0542221 0.0281411 0.080303
0.733052 0.0508662 0.0257336 0.0759989
0.738128 0.047633 0.0234303 0.0718357
0.74324 0.0445246 0.0212314 0.0678177
0.748386 0.0415475 0.0191444 0.0639506
0.753569 0.0386987 0.0171667 0.0602307
0.758787 0.0359684 0.0152874 0.0566495
0.764041 0.0333496 0.0134986 0.0532006
0.769332 0.0308498 0.0118094 0.0498901
0.77466 0.0284668 0.0102167 0.0467169
0.780024 0.0261967 0.00871516 0.0436782
0.785425 0.024045 0.00731105 0.040779
0.790864 0.0220103 0.00600349 0.038017
0.796341 0.0200818 0.00478138 0.0353822
0.801855 0.0182545 0.00363975 0.0328693
0.807408 0.0165358 0.00258697 0.0304847
0.812999 0.0149201 0.00161712 0.028223
0.818629 0.0134024 0.000725109 0.0260797
0.824297 0.0119897 -8.09724e-05 0.0240604
0.830005 0.0106757 -0.000806933 0.0221583
0.835753 0.00945087 -0.00146207 0.0203638
0.84154 0.00832106 -0.00203965 0.0186818
0.847368 0.00728306 -0.00254189 0.017108
0.853236 0.0063252 -0.00297975 0.0156301
0.859144 0.00544949 -0.00335035 0.0142493
0.865093 0.00465661 -0.00365196 0.0129652
0.871084 0.00393515 -0.00389519 0.0117655
0.877116 0.00328396 -0.00408024 0.0106482
0.88319 0.00270593 -0.0042032 0.00961507
0.889305 0.00219209 -0.00427238 0.00865656
0.895464 0.00174329 -0.004286 0.00777259
0.901664 0.00136026 -0.00424215 0.00696268
0.907908 0.00102817 -0.004155 0.00621135
0.914195 0.00074468 -0.00402596 0.00551532
0.920526 0.000512408 -0.00385164 0.00487646
0.9269 0.000320912 -0.00364257 0.00428439
0.933319 0.000172771 -0.00339499 0.00374053
0.939782 6.48024e-05 -0.00311192 0.00324152
0.946289 -1.74155e-05 -0.00280917 0.00277434
0.952842 -7.10602e-05 -0.00248328 0.00234116
0.95944 -9.96475e-05 -0.00213748 0.00193818
0.966084 -0.000112055 -0.00178004 0.00155593
0.972774 -0.000103384 -0.00140173 0.00119496
0.97951 -8.32124e-05 -0.00102473 0.000858304
0.986293 -6.02475e-05 -0.000672314 0.000551819
0.993123 -3.04871e-05 -0.000335455 0.000274481
