0.001 0.4462 -0.883051 1.51028
0.00100692 0.447493 -0.884568 1.51251
0.0010139 0.448789 -0.886046 1.51477
0.00102092 0.45009 -0.887484 1.51706
0.00102799 0.451394 -0.888878 1.51936
0.00103511 0.452703 -0.890226 1.5217
0.00104227 0.454016 -0.891525 1.52406
0.00104949 0.455334 -0.892774 1.52644
0.00105676 0.456656 -0.89397 1.52885
0.00106408 0.457982 -0.895111 1.53128
0.00107145 0.459312 -0.896194 1.53374
0.00107886 0.460647 -0.897218 1.53622
0.00108634 0.461986 -0.89818 1.53872
0.00109386 0.463328 -0.899085 1.54125
0.00110143 0.464673 -0.899935 1.54381
0.00110906 0.466022 -0.900735 1.54639
0.00111674 0.467375 -0.901487 1.54899
0.00112447 0.468731 -0.902196 1.55162
0.00113226 0.470092 -0.902865 1.55428
0.0011401 0.471456 -0.903497 1.55696
0.001148 0.472823 -0.904096 1.55966
0.00115594 0.474195 -0.904666 1.56238
0.00116395 0.475571 -0.905209 1.56512
0.00117201 0.476951 -0.905729 1.56789
0.00118013 0.478335 -0.906229 1.57068
0.0011883 0.479724 -0.906713 1.57349
0.00119653 0.481116 -0.907183 1.57632
0.00120481 0.482513 -0.907642 1.57917
0.00121315 0.483915 -0.908094 1.58204
0.00122156 0.48532 -0.90854 1.58493
0.00123001 0.486731 -0.908985 1.58784
0.00123853 0.488146 -0.909429 1.59076
0.00124711 0.489565 -0.909876 1.59371
0.00125574 0.490989 -0.910329 1.59667
0.00126444 0.492418 -0.910789 1.59965
0.0012732 0.493852 -0.911258 1.60265
0.00128201 0.495291 -0.911739 1.60567
0.00129089 0.496735 -0.912234 1.6087
0.00129983 0.498184 -0.912745 1.61175
0.00130883 0.499637 -0.913273 1.61481
0.00131789 0.501096 -0.91382 1.61789
0.00132702 0.502561 -0.914388 1.62098
0.00133621 0.50403 -0.914979 1.62409
0.00134546 0.505505 -0.915593 1.62721
0.00135478 0.506985 -0.916228 1.63035
0.00136416 0.508469 -0.916868 1.63351
0.00137361 0.509958 -0.917511 1.63668
0.00138312 0.511451 -0.918158 1.63986
0.0013927 0.512949 -0.918808 1.64307
0.00140234 0.514451 -0.919462 1.64628
0.00141205 0.515958 -0.920118 1.64952
0.00142183 0.517469 -0.920778 1.65277
0.00143167 0.518985 -0.92144 1.65603
0.00144159 0.520506 -0.922105 1.65931
0.00145157 0.522031 -0.922773 1.6626
0.00146162 0.523561 -0.923442 1.66591
0.00147174 0.525096 -0.924114 1.66923
0.00148194 0.526636 -0.924787 1.67257
0.0014922 0.52818 -0.925462 1.67591
0.00150253 0.52973 -0.926139 1.67928
0.00151293 0.531284 -0.926817 1.68265
0.00152341 0.532843 -0.927495 1.68604
0.00153396 0.534407 -0.928175 1.68945
0.00154458 0.535977 -0.928855 1.69286
0.00155528 0.537551 -0.929535 1.69629
0.00156605 0.53913 -0.930215 1.69973
0.00157689 0.540715 -0.930894 1.70319
0.00158781 0.542305 -0.931573 1.70665
0.00159881 0.5439 -0.932251 1.71013
0.00160988 0.5455 -0.932928 1.71362
0.00162103 0.547105 -0.933603 1.71712
0.00163225 0.548716 -0.934277 1.72064
0.00164355 0.550332 -0.934948 1.72416
0.00165494 0.551954 -0.935617 1.7277
0.0016664 0.553581 -0.936283 1.73125
0.00167794 0.555213 -0.936946 1.73481
0.00168955 0.556851 -0.937605 1.73838
0.00170125 0.558494 -0.938264 1.74196
0.00171303 0.560141 -0.938925 1.74556
0.0017249 0.561793 -0.939587 1.74917
0.00173684 0.563449 -0.940251 1.75279
0.00174887 0.565109 -0.940915 1.75642
0.00176098 0.566774 -0.941579 1.76007
0.00177317 0.568443 -0.942243 1.76373
0.00178545 0.570118 -0.942906 1.7674
0.00179782 0.571797 -0.943567 1.77108
0.00181027 0.573481 -0.944226 1.77477
0.0018228 0.57517 -0.944883 1.77847
0.00183542 0.576865 -0.945536 1.78219
0.00184813 0.578564 -0.946186 1.78591
0.00186093 0.580269 -0.946832 1.78964
0.00187382 0.58198 -0.947473 1.79339
0.00188679 0.583696 -0.948109 1.79714
0.00189986 0.585417 -0.94874 1.8009
0.00191301 0.587144 -0.949364 1.80466
0.00192626 0.588878 -0.949982 1.80844
0.0019396 0.590617 -0.950593 1.81222
0.00195303 0.592362 -0.951196 1.81602
0.00196656 0.594113 -0.951791 1.81981
0.00198017 0.59587 -0.952378 1.82362
0.00199389 0.597634 -0.952956 1.82743
0.00200769 0.599404 -0.953525 1.83125
0.0020216 0.60118 -0.954084 1.83507
0.00203559 0.602964 -0.954632 1.8389
0.00204969 0.604753 -0.95517 1.84274
0.00206388 0.60655 -0.955696 1.84658
0.00207818 0.608353 -0.956211 1.85042
0.00209257 0.610164 -0.956713 1.85427
0.00210706 0.611981 -0.957203 1.85812
0.00212165 0.613806 -0.957681 1.86198
0.00213634 0.615636 -0.958152 1.86585
0.00215113 0.617472 -0.958621 1.86972
0.00216603 0.619314 -0.959086 1.8736
0.00218103 0.621161 -0.959546 1.87748
0.00219613 0.623015 -0.960002 1.88137
0.00221134 0.624874 -0.960451 1.88527
0.00222665 0.626739 -0.960894 1.88918
0.00224207 0.62861 -0.96133 1.89309
0.0022576 0.630487 -0.961758 1.89701
0.00227323 0.63237 -0.962177 1.90093
0.00228897 0.634259 -0.962588 1.90486
0.00230482 0.636154 -0.962988 1.9088
0.00232078 0.638056 -0.963379 1.91274
0.00233685 0.639964 -0.963758 1.91669
0.00235303 0.641878 -0.964125 1.92064
0.00236933 0.643799 -0.96448 1.92459
0.00238574 0.645727 -0.964823 1.92855
0.00240226 0.647661 -0.965151 1.93251
0.00241889 0.649601 -0.965465 1.93648
0.00243564 0.651549 -0.965765 1.94045
0.00245251 0.653503 -0.966048 1.94443
0.00246949 0.655464 -0.966316 1.94841
0.00248659 0.657432 -0.966567 1.95239
0.00250381 0.659407 -0.9668 1.95638
0.00252115 0.661389 -0.967015 1.96036
0.00253861 0.663377 -0.967212 1.96436
0.00255619 0.665374 -0.967389 1.96835
0.00257389 0.667377 -0.967546 1.97235
0.00259171 0.669388 -0.967683 1.97634
0.00260966 0.671405 -0.967798 1.98034
0.00262773 0.673431 -0.967892 1.98435
0.00264592 0.675464 -0.967963 1.98835
0.00266425 0.677504 -0.968013 1.99236
0.0026827 0.67955 -0.968053 1.99637
0.00270127 0.681602 -0.968081 2.00039
0.00271998 0.68366 -0.968098 2.00441
0.00273881 0.685724 -0.968103 2.00844
0.00275778 0.687794 -0.968096 2.01247
0.00277688 0.689871 -0.968074 2.01651
0.0027961 0.691954 -0.968039 2.02055
0.00281547 0.694044 -0.967988 2.02459
0.00283496 0.69614 -0.967922 2.02864
0.00285459 0.698243 -0.96784 2.03269
0.00287436 0.700353 -0.967741 2.03674
0.00289427 0.70247 -0.967625 2.0408
0.00291431 0.704594 -0.96749 2.04486
0.00293449 0.706726 -0.967336 2.04892
0.00295481 0.708864 -0.967163 2.05298
0.00297527 0.71101 -0.96697 2.05704
0.00299587 0.713163 -0.966755 2.0611
0.00301662 0.715324 -0.966519 2.06517
0.00303751 0.717492 -0.966261 2.06923
0.00305854 0.719668 -0.96598 2.0733
0.00307972 0.721852 -0.965675 2.07736
0.00310105 0.724044 -0.965347 2.08142
0.00312252 0.726244 -0.964993 2.08548
0.00314414 0.728452 -0.964614 2.08954
0.00316592 0.730669 -0.964208 2.0936
0.00318784 0.732894 -0.963776 2.09765
0.00320991 0.735127 -0.963316 2.1017
0.00323214 0.737368 -0.962828 2.10575
0.00325452 0.739619 -0.962311 2.1098
0.00327706 0.741878 -0.961764 2.11384
0.00329975 0.744146 -0.961188 2.11787
0.0033226 0.746423 -0.96058 2.1219
0.00334561 0.748707 -0.959949 2.12593
0.00336878 0.750999 -0.9593 2.12997
0.00339211 0.753298 -0.958633 2.134
0.0034156 0.755604 -0.957947 2.13804
0.00343925 0.757917 -0.957242 2.14207
0.00346306 0.760237 -0.956516 2.14611
0.00348704 0.762565 -0.95577 2.15014
0.00351119 0.7649 -0.955002 2.15418
0.00353551 0.767243 -0.954211 2.15821
0.00355999 0.769594 -0.953398 2.16225
0.00358464 0.771952 -0.95256 2.16628
0.00360946 0.774319 -0.951698 2.17031
0.00363446 0.776693 -0.95081 2.17434
0.00365962 0.779076 -0.949896 2.17837
0.00368497 0.781467 -0.948956 2.18239
0.00371048 0.783867 -0.947988 2.18642
0.00373618 0.786275 -0.946991 2.19043
0.00376205 0.788692 -0.945966 2.19445
0.0037881 0.791118 -0.94491 2.19846
0.00381433 0.793552 -0.943824 2.20247
0.00384075 0.795995 -0.942707 2.20647
0.00386734 0.798448 -0.941558 2.21047
0.00389412 0.80091 -0.940377 2.21446
0.00392109 0.803381 -0.939162 2.21845
0.00394824 0.805861 -0.937913 2.22243
0.00397558 0.808351 -0.936629 2.2264
0.00400311 0.810851 -0.93531 2.23037
0.00403083 0.81336 -0.933953 2.23434
0.00405874 0.815879 -0.93256 2.23829
0.00408685 0.818408 -0.931129 2.24224
0.00411515 0.820948 -0.929659 2.24618
0.00414365 0.823497 -0.92815 2.25011
0.00417234 0.826057 -0.926602 2.25403
0.00420123 0.828625 -0.925029 2.25796
0.00423032 0.831202 -0.923431 2.26187
0.00425962 0.833787 -0.92181 2.26579
0.00428911 0.836381 -0.920162 2.26971
0.00431882 0.838984 -0.918489 2.27362
0.00434872 0.841595 -0.916788 2.27753
0.00437884 0.844215 -0.915058 2.28144
0.00440916 0.846844 -0.913299 2.28534
0.00443969 0.849482 -0.911511 2.28924
0.00447043 0.852129 -0.90969 2.29313
0.00450139 0.854786 -0.907838 2.29702
0.00453256 0.857451 -0.905953 2.3009
0.00456395 0.860126 -0.904034 2.30478
0.00459555 0.86281 -0.902079 2.30866
0.00462737 0.865504 -0.900089 2.31252
0.00465942 0.868207 -0.898062 2.31638
0.00469168 0.87092 -0.895997 2.32024
0.00472417 0.873643 -0.893894 2.32408
0.00475689 0.876375 -0.89175 2.32792
0.00478983 0.879118 -0.889567 2.33175
0.00482299 0.88187 -0.887341 2.33557
0.00485639 0.884632 -0.885073 2.33939
0.00489002 0.887405 -0.882762 2.34319
0.00492388 0.890187 -0.880407 2.34699
0.00495798 0.89298 -0.878006 2.35078
0.00499231 0.895784 -0.875558 2.35456
0.00502688 0.898597 -0.873064 2.35832
0.00506169 0.901422 -0.870522 2.36208
0.00509674 0.904257 -0.86793 2.36583
0.00513204 0.907102 -0.865289 2.36956
0.00516757 0.909959 -0.862597 2.37329
0.00520336 0.912826 -0.859853 2.377
0.00523939 0.915703 -0.857064 2.3807
0.00527567 0.918589 -0.854239 2.3844
0.0053122 0.921484 -0.85138 2.3881
0.00534899 0.924388 -0.848484 2.3918
0.00538603 0.927301 -0.845551 2.39549
0.00542333 0.930224 -0.84258 2.39917
0.00546088 0.933155 -0.83957 2.40285
0.0054987 0.936097 -0.836521 2.40653
0.00553677 0.939048 -0.833432 2.41019
0.00557511 0.942009 -0.830302 2.41385
0.00561372 0.94498 -0.827131 2.4175
0.00565259 0.947961 -0.823917 2.42115
0.00569174 0.950952 -0.82066 2.42478
0.00573115 0.953953 -0.817358 2.42841
0.00577084 0.956965 -0.814013 2.43202
0.0058108 0.959988 -0.810621 2.43563
0.00585104 0.963022 -0.807184 2.43922
0.00589155 0.966066 -0.803699 2.4428
0.00593235 0.969122 -0.800167 2.44637
0.00597343 0.972188 -0.796586 2.44993
0.00601479 0.975266 -0.792956 2.45347
0.00605645 0.978356 -0.789276 2.457
0.00609838 0.981457 -0.785582 2.46051
0.00614061 0.98457 -0.78184 2.46401
0.00618314 0.987694 -0.778045 2.4675
0.00622595 0.990831 -0.774197 2.47096
0.00626907 0.99398 -0.770295 2.47441
0.00631248 0.997141 -0.766338 2.47785
0.00635619 1.00031 -0.762326 2.48126
0.0064002 1.0035 -0.758257 2.48466
0.00644452 1.0067 -0.754131 2.48804
0.00648915 1.00991 -0.749947 2.49139
0.00653409 1.01313 -0.745707 2.49473
0.00657933 1.01637 -0.741423 2.49806
0.00662489 1.01962 -0.737096 2.50138
0.00667077 1.02288 -0.732727 2.50469
0.00671696 1.02615 -0.728314 2.50798
0.00676347 1.02943 -0.723857 2.51127
0.00681031 1.03272 -0.719354 2.51455
0.00685747 1.03602 -0.714805 2.51781
0.00690495 1.03934 -0.710208 2.52106
0.00695277 1.04267 -0.705564 2.5243
0.00700092 1.046 -0.700871 2.52753
0.0070494 1.04935 -0.696127 2.53074
0.00709821 1.05272 -0.691333 2.53396
0.00714736 1.05609 -0.686488 2.53716
0.00719686 1.05947 -0.681598 2.54036
0.00724669 1.06287 -0.676659 2.54353
0.00729687 1.06628 -0.671666 2.54669
0.0073474 1.0697 -0.666618 2.54984
0.00739828 1.07313 -0.661515 2.55296
0.00744951 1.07658 -0.656354 2.55607
0.0075011 1.08003 -0.651136 2.55916
0.00755304 1.0835 -0.64586 2.56223
0.00760534 1.08698 -0.640525 2.56528
0.00765801 1.09047 -0.63513 2.56832
0.00771104 1.09397 -0.629674 2.57133
0.00776444 1.09749 -0.624156 2.57432
0.0078182 1.10102 -0.618576 2.57729
0.00787234 1.10456 -0.612933 2.58023
0.00792685 1.10811 -0.607225 2.58316
0.00798175 1.11168 -0.601452 2.58606
0.00803702 1.11525 -0.595614 2.58893
0.00809267 1.11884 -0.589709 2.59179
0.00814871 1.12244 -0.583736 2.59462
0.00820514 1.12606 -0.577705 2.59743
0.00826196 1.12968 -0.571621 2.60023
0.00831917 1.13332 -0.565484 2.60301
0.00837678 1.13697 -0.559293 2.60578
0.00843478 1.14063 -0.553049 2.60853
0.00849319 1.14431 -0.546749 2.61131
0.008552 1.148 -0.540394 2.61407
0.00861122 1.1517 -0.533984 2.61681
0.00867086 1.15541 -0.527518 2.61954
0.0087309 1.15913 -0.520994 2.62225
0.00879136 1.16286 -0.514414 2.62493
0.00885224 1.16661 -0.507775 2.6276
0.00891353 1.17037 -0.501079 2.63025
0.00897526 1.17414 -0.494323 2.63288
0.00903741 1.17792 -0.487509 2.63549
0.00909999 1.18172 -0.480634 2.63808
0.00916301 1.18553 -0.4737 2.64065
0.00922646 1.18935 -0.466705 2.64319
0.00929035 1.19318 -0.459648 2.64571
0.00935468 1.19702 -0.45253 2.64821
0.00941946 1.20087 -0.445349 2.65069
0.00948469 1.20474 -0.438106 2.65314
0.00955037 1.20862 -0.430799 2.65556
0.0096165 1.21251 -0.423429 2.65796
0.00968309 1.21641 -0.415995 2.66033
0.00975014 1.22032 -0.408496 2.66268
0.00981766 1.22425 -0.400932 2.665
0.00988564 1.22818 -0.393303 2.6673
0.0099541 1.23213 -0.385608 2.66956
0.010023 1.23609 -0.377846 2.6718
0.0100924 1.24006 -0.370017 2.67401
0.0101623 1.24404 -0.36212 2.67619
0.0102327 1.24804 -0.354157 2.67834
0.0103036 1.25204 -0.346133 2.68048
0.0103749 1.25607 -0.338048 2.6826
0.0104467 1.2601 -0.329902 2.6847
0.0105191 1.26414 -0.321695 2.68678
0.0105919 1.2682 -0.313428 2.68885
0.0106653 1.27227 -0.305099 2.69089
0.0107391 1.27636 -0.29671 2.69292
0.0108135 1.28045 -0.288261 2.69492
0.0108884 1.28456 -0.279753 2.6969
0.0109638 1.28868 -0.271184 2.69886
0.0110397 1.29281 -0.262555 2.70079
0.0111161 1.29695 -0.253865 2.7027
0.0111931 1.3011 -0.245116 2.70459
0.0112706 1.30527 -0.236307 2.70645
0.0113487 1.30944 -0.227439 2.70828
0.0114273 1.31363 -0.21851 2.71009
0.0115064 1.31783 -0.209523 2.71187
0.0115861 1.32204 -0.200476 2.71362
0.0116663 1.32626 -0.191376 2.71534
0.0117471 1.33049 -0.182223 2.71704
0.0118284 1.33474 -0.173011 2.7187
0.0119103 1.33899 -0.16374 2.72033
0.0119928 1.34325 -0.154411 2.72193
0.0120759 1.34753 -0.145023 2.72349
0.0121595 1.35181 -0.135578 2.72503
0.0122437 1.35611 -0.126074 2.72652
0.0123285 1.36041 -0.116512 2.72799
0.0124138 1.36473 -0.106893 2.72942
0.0124998 1.36905 -0.0972165 2.73081
0.0125864 1.37339 -0.0874824 2.73216
0.0126735 1.37773 -0.0776913 2.73348
0.0127613 1.38209 -0.0678417 2.73477
0.0128496 1.38646 -0.0579315 2.73602
0.0129386 1.39084 -0.0479612 2.73726
0.0130282 1.39524 -0.0379318 2.73846
0.0131184 1.39965 -0.0278444 2.73965
0.0132093 1.40408 -0.0176999 2.7408
0.0133007 1.40852 -0.00749917 2.74193
0.0133929 1.41297 0.00275678 2.74303
0.0134856 1.41743 0.0130667 2.7441
0.013579 1.4219 0.0234296 2.74514
0.013673 1.42639 0.0338445 2.74615
0.0137677 1.43088 0.0443106 2.74714
0.013863 1.43539 0.0548269 2.74809
0.013959 1.4399 0.0653925 2.74907
0.0140557 1.44443 0.0760065 2.75004
0.014153 1.44896 0.0866679 2.75098
0.014251 1.45351 0.0973759 2.75188
0.0143497 1.45806 0.108129 2.75276
0.0144491 1.46262 0.118928 2.75361
0.0145491 1.46718 0.12977 2.75442
0.0146499 1.47176 0.140654 2.75521
0.0147513 1.47634 0.151581 2.75596
0.0148535 1.48092 0.162549 2.75668
0.0149563 1.48551 0.173556 2.75737
0.0150599 1.49011 0.184603 2.75802
0.0151642 1.49471 0.195687 2.75864
0.0152692 1.49932 0.206809 2.75923
0.0153749 1.50393 0.217967 2.75978
0.0154814 1.50854 0.229161 2.76029
0.0155886 1.51316 0.240388 2.76077
0.0156965 1.51778 0.251649 2.76122
0.0158052 1.5224 0.262941 2.76163
0.0159147 1.52703 0.274274 2.762
0.0160249 1.53167 0.285659 2.76236
0.0161359 1.53632 0.297094 2.76269
0.0162476 1.54098 0.308577 2.763
0.0163601 1.54565 0.320105 2.76328
0.0164734 1.55034 0.331675 2.76353
0.0165875 1.55503 0.343285 2.76376
0.0167023 1.55973 0.354931 2.76397
0.016818 1.56444 0.366612 2.76415
0.0169345 1.56916 0.378324 2.7643
0.0170517 1.57388 0.390064 2.76442
0.0171698 1.57861 0.401835 2.76452
0.0172887 1.58335 0.413634 2.76458
0.0174084 1.58809 0.425461 2.76462
0.017529 1.59283 0.437311 2.76463
0.0176503 1.59758 0.449183 2.76461
0.0177726 1.60233 0.461074 2.76455
0.0178956 1.60709 0.472982 2.76447
0.0180196 1.61184 0.484904 2.76441
0.0181443 1.6166 0.496838 2.76433
0.01827 1.62136 0.508781 2.76422
0.0183965 1.62611 0.520731 2.76409
0.0185239 1.63087 0.532686 2.76393
0.0186522 1.63563 0.544643 2.76374
0.0187813 1.64038 0.556601 2.76351
0.0189114 1.64513 0.568558 2.76326
0.0190423 1.64988 0.580511 2.76298
0.0191742 1.65462 0.592457 2.76266
0.019307 1.65936 0.604395 2.76232
0.0194407 1.66409 0.616323 2.76194
0.0195753 1.66882 0.628237 2.76153
0.0197108 1.67354 0.640135 2.76109
0.0198473 1.67827 0.652044 2.76062
0.0199848 1.683 0.663947 2.76014
0.0201232 1.68775 0.675784 2.75963
0.0202625 1.6925 0.687632 2.75911
0.0204028 1.69726 0.699487 2.75857
0.0205441 1.70203 0.711344 2.75801
0.0206864 1.7068 0.723201 2.75744
0.0208296 1.71158 0.735051 2.75684
0.0209739 1.71635 0.746892 2.75623
0.0211191 1.72113 0.758719 2.7556
0.0212653 1.72591 0.770527 2.75497
0.0214126 1.73069 0.782313 2.75433
0.0215609 1.73546 0.794073 2.75367
0.0217102 1.74023 0.805802 2.753
0.0218605 1.745 0.817498 2.75231
0.0220119 1.74976 0.827627 2.7516
0.0221643 1.75452 0.83725 2.75087
0.0223178 1.75926 0.84684 2.75013
0.0224723 1.764 0.856371 2.74936
0.022628 1.76873 0.86587 2.74858
0.0227846 1.77345 0.875336 2.74778
0.0229424 1.77815 0.884765 2.74696
0.0231013 1.78284 0.894156 2.74613
0.0232613 1.78752 0.903506 2.74527
0.0234223 1.79218 0.912812 2.7444
0.0235845 1.79682 0.922074 2.7435
0.0237479 1.80145 0.931288 2.74259
0.0239123 1.80605 0.940452 2.74165
0.0240779 1.81064 0.949564 2.7407
0.0242446 1.8152 0.958623 2.73972
0.0244125 1.81974 0.967626 2.73872
0.0245816 1.82427 0.97658 2.73771
0.0247518 1.82879 0.985509 2.7367
0.0249232 1.83332 0.994408 2.73569
0.0250958 1.83785 1.00328 2.73468
0.0252695 1.84238 1.01211 2.73368
0.0254445 1.8469 1.02091 2.73267
0.0256207 1.85142 1.02966 2.73167
0.0257981 1.85593 1.03838 2.73067
0.0259768 1.86044 1.04704 2.72967
0.0261567 1.86493 1.05566 2.72867
0.0263378 1.86942 1.06422 2.72768
0.0265202 1.87389 1.07272 2.7267
0.0267038 1.87834 1.08116 2.72572
0.0268887 1.88278 1.08954 2.72474
0.0270749 1.88721 1.09785 2.72377
0.0272624 1.89161 1.10609 2.7228
0.0274512 1.89599 1.11425 2.72184
0.0276413 1.90035 1.12235 2.72088
0.0278327 1.90469 1.13036 2.71992
0.0280254 1.909 1.1383 2.71897
0.0282195 1.91328 1.14616 2.71802
0.0284149 1.91753 1.15393 2.71707
0.0286117 1.92176 1.16161 2.71612
0.0288098 1.92595 1.16921 2.71519
0.0290093 1.93011 1.17671 2.7143
0.0292102 1.93423 1.18412 2.71344
0.0294125 1.93831 1.19146 2.71262
0.0296161 1.94236 1.19872 2.71182
0.0298212 1.94637 1.20592 2.71106
0.0300277 1.95033 1.21305 2.71032
0.0302357 1.95425 1.2201 2.7096
0.030445 1.95814 1.22709 2.70891
0.0306559 1.96201 1.23403 2.70828
0.0308681 1.96587 1.24093 2.7077
0.0310819 1.96972 1.24778 2.70721
0.0312971 1.97355 1.25458 2.70714
0.0315139 1.97737 1.26133 2.70714
0.0317321 1.98117 1.26801 2.7072
0.0319518 1.98494 1.27464 2.7078
0.0321731 1.98869 1.2812 2.70854
0.0323959 1.99242 1.2877 2.70934
0.0326202 1.99612 1.29414 2.71022
0.0328461 1.99979 1.30052 2.71116
0.0330735 2.00342 1.30684 2.71216
0.0333026 2.00702 1.3131 2.71322
0.0335332 2.01059 1.3193 2.71433
0.0337654 2.01411 1.32543 2.71555
0.0339992 2.0176 1.3315 2.71687
0.0342346 2.02104 1.3375 2.71822
0.0344717 2.02444 1.34343 2.7196
0.0347104 2.02779 1.34929 2.721
0.0349508 2.03109 1.35508 2.72241
0.0351928 2.03434 1.36079 2.72383
0.0354365 2.03754 1.36638 2.72525
0.0356819 2.04068 1.37189 2.72666
0.035929 2.04377 1.37732 2.72805
0.0361778 2.04679 1.38266 2.72942
0.0364283 2.04975 1.38792 2.73075
0.0366805 2.05265 1.39307 2.73205
0.0369345 2.05548 1.39813 2.73329
0.0371903 2.05824 1.40308 2.73447
0.0374478 2.06094 1.40793 2.73558
0.0377071 2.06357 1.41268 2.73666
0.0379682 2.06618 1.41735 2.73776
0.0382312 2.06875 1.42193 2.73887
0.0384959 2.07129 1.42643 2.73999
0.0387625 2.07378 1.43083 2.74111
0.0390309 2.07624 1.43514 2.74224
0.0393012 2.07866 1.43935 2.74335
0.0395733 2.08102 1.44347 2.74445
0.0398474 2.08335 1.44748 2.74616
0.0401233 2.08562 1.45139 2.74799
0.0404011 2.08784 1.45519 2.74978
0.0406809 2.09001 1.45888 2.7515
0.0409626 2.09213 1.46247 2.75315
0.0412463 2.09418 1.46595 2.75472
0.0415319 2.09618 1.46931 2.75621
0.0418195 2.09811 1.47256 2.7576
0.0421091 2.09998 1.4757 2.75888
0.0424007 2.10178 1.47872 2.76005
0.0426943 2.10351 1.48162 2.7611
0.0429899 2.10517 1.48441 2.76202
0.0432876 2.10676 1.48708 2.7628
0.0435874 2.10827 1.48963 2.76342
0.0438892 2.10971 1.49208 2.76387
0.0441931 2.11106 1.49441 2.76415
0.0444991 2.11234 1.49662 2.76423
0.0448073 2.11352 1.49873 2.76413
0.0451176 2.11463 1.50073 2.76382
0.04543 2.11564 1.50249 2.7633
0.0457446 2.11656 1.50407 2.76255
0.0460614 2.11739 1.50555 2.76159
0.0463803 2.11813 1.50693 2.76038
0.0467015 2.11882 1.50819 2.75898
0.0470249 2.11945 1.50931 2.75741
0.0473505 2.12003 1.51029 2.75566
0.0476784 2.12055 1.51117 2.75376
0.0480086 2.12101 1.51196 2.75171
0.048341 2.1214 1.51263 2.74953
0.0486758 2.12173 1.51318 2.74721
0.0490128 2.12199 1.51359 2.74477
0.0493522 2.12218 1.51391 2.74221
0.049694 2.12229 1.51414 2.73952
0.0500381 2.12233 1.51427 2.73672
0.0503846 2.12229 1.51431 2.73379
0.0507335 2.12216 1.51427 2.73077
0.0510848 2.12195 1.51414 2.72763
0.0514385 2.12165 1.51393 2.72439
0.0517947 2.12126 1.51364 2.72103
0.0521534 2.12078 1.51327 2.71758
0.0525146 2.1202 1.51282 2.71401
0.0528782 2.11952 1.51231 2.71032
0.0532444 2.11874 1.51172 2.70652
0.0536131 2.11785 1.51108 2.70261
0.0539843 2.11686 1.51036 2.69856
0.0543582 2.11576 1.50959 2.69439
0.0547346 2.11455 1.50877 2.69009
0.0551136 2.11322 1.50789 2.68564
0.0554952 2.11178 1.50696 2.68104
0.0558795 2.11021 1.50599 2.67629
0.0562665 2.10852 1.50498 2.67137
0.0566561 2.10671 1.50392 2.66628
0.0570484 2.10478 1.50283 2.66097
0.0574435 2.10275 1.50169 2.65535
0.0578413 2.10064 1.50049 2.64946
0.0582418 2.09844 1.49925 2.64331
0.0586451 2.09614 1.49795 2.63693
0.0590512 2.09375 1.49661 2.63032
0.0594601 2.09125 1.49522 2.62351
0.0598719 2.08866 1.49378 2.61651
0.0602865 2.08597 1.4923 2.60935
0.0607039 2.08317 1.49077 2.60205
0.0611243 2.08027 1.4892 2.59462
0.0615476 2.07726 1.48758 2.58708
0.0619738 2.07415 1.48593 2.57942
0.0624029 2.07092 1.48424 2.57169
0.062835 2.06759 1.4825 2.56387
0.0632701 2.06414 1.48074 2.55601
0.0637083 2.06058 1.47893 2.54809
0.0641494 2.0569 1.47709 2.54014
0.0645936 2.0531 1.47522 2.53217
0.0650409 2.04918 1.47332 2.52419
0.0654913 2.04514 1.47139 2.5162
0.0659448 2.04098 1.46943 2.50822
0.0664015 2.03669 1.46745 2.50025
0.0668613 2.03228 1.46543 2.4923
0.0673243 2.02774 1.4634 2.48437
0.0677905 2.02307 1.46121 2.47647
0.0682599 2.01827 1.45888 2.46859
0.0687326 2.01334 1.45652 2.46074
0.0692086 2.00827 1.45382 2.45292
0.0696878 2.00305 1.45111 2.44507
0.0701704 1.99765 1.44846 2.43705
0.0706563 1.99208 1.44585 2.42886
0.0711456 1.98633 1.44329 2.42051
0.0716382 1.98042 1.44077 2.41199
0.0721343 1.97436 1.43826 2.4033
0.0726338 1.96815 1.43576 2.39447
0.0731368 1.96179 1.43326 2.38551
0.0736432 1.95529 1.43075 2.37641
0.0741532 1.94867 1.42821 2.3672
0.0746667 1.94193 1.42565 2.35788
0.0751837 1.93506 1.42298 2.34847
0.0757044 1.9281 1.42022 2.33897
0.0762286 1.92102 1.41737 2.3294
0.0767565 1.91386 1.41443 2.31977
0.077288 1.9066 1.41142 2.31008
0.0778232 1.89926 1.40834 2.30035
0.0783621 1.89185 1.40513 2.29057
0.0789047 1.88437 1.40177 2.28076
0.0794511 1.87683 1.39801 2.27092
0.0800013 1.86924 1.39401 2.26109
0.0805553 1.8616 1.38992 2.25127
0.0811131 1.85391 1.38571 2.24146
0.0816748 1.8462 1.38139 2.23167
0.0822403 1.83846 1.37696 2.22189
0.0828098 1.83069 1.3724 2.21213
0.0833833 1.82292 1.36773 2.2024
0.0839607 1.81513 1.36293 2.19269
0.0845421 1.80735 1.35719 2.183
0.0851275 1.79949 1.35129 2.17322
0.085717 1.79152 1.34539 2.1633
0.0863106 1.78345 1.33947 2.15324
0.0869082 1.77528 1.33353 2.14305
0.0875101 1.76702 1.32758 2.13273
0.088116 1.75867 1.32161 2.12229
0.0887262 1.75024 1.31563 2.11174
0.0893406 1.74175 1.30963 2.10108
0.0899593 1.73318 1.30361 2.09032
0.0905822 1.72456 1.29758 2.07948
0.0912095 1.71588 1.29152 2.06855
0.0918411 1.70715 1.28544 2.05756
0.092477 1.69838 1.27934 2.0465
0.0931174 1.68957 1.27322 2.03539
0.0937622 1.68074 1.26699 2.02425
0.0944115 1.67187 1.26074 2.01307
0.0950653 1.66299 1.25446 2.00187
0.0957236 1.6541 1.24816 1.99067
0.0963864 1.6452 1.24184 1.97947
0.0970539 1.63631 1.23548 1.96828
0.097726 1.62741 1.2291 1.95713
0.0984027 1.61853 1.22269 1.94606
0.0990841 1.60967 1.21625 1.93509
0.0997702 1.60083 1.20978 1.92422
0.100461 1.59202 1.20328 1.91344
0.101157 1.58325 1.19675 1.90277
0.101857 1.57452 1.19019 1.89221
0.102563 1.56583 1.18359 1.88176
0.103273 1.55712 1.17695 1.87132
0.103988 1.54839 1.17027 1.86087
0.104708 1.53964 1.16355 1.85042
0.105433 1.53087 1.15678 1.83996
0.106163 1.52209 1.14999 1.82951
0.106898 1.5133 1.14317 1.81907
0.107639 1.50449 1.13632 1.80863
0.108384 1.49568 1.12945 1.79821
0.109134 1.48686 1.12256 1.7878
0.10989 1.47804 1.11544 1.77741
0.110651 1.46921 1.10829 1.76705
0.111417 1.46039 1.10112 1.75671
0.112189 1.45157 1.09395 1.74641
0.112966 1.44276 1.08678 1.73614
0.113748 1.43395 1.07961 1.72591
0.114536 1.42516 1.07244 1.71571
0.115329 1.41637 1.06529 1.70555
0.116127 1.40761 1.05814 1.69543
0.116932 1.39886 1.05102 1.68536
0.117741 1.39013 1.04392 1.67534
0.118557 1.38142 1.03685 1.66538
0.119378 1.37274 1.02982 1.65547
0.120204 1.36408 1.02282 1.64562
0.121037 1.35546 1.01586 1.63582
0.121875 1.34686 1.00894 1.62609
0.122719 1.3383 1.00208 1.61641
0.123569 1.32977 0.995263 1.60679
0.124424 1.32124 0.988465 1.59733
0.125286 1.31273 0.981686 1.58793
0.126153 1.30423 0.974927 1.57853
0.127027 1.29574 0.968188 1.56914
0.127907 1.28726 0.961472 1.55976
0.128792 1.27879 0.954778 1.5504
0.129684 1.27034 0.948108 1.54104
0.130582 1.26191 0.941463 1.5317
0.131486 1.25349 0.934843 1.52238
0.132397 1.24509 0.92825 1.51307
0.133314 1.23671 0.921684 1.50378
0.134237 1.22835 0.915146 1.49451
0.135167 1.22001 0.908637 1.48526
0.136103 1.21169 0.902158 1.47602
0.137045 1.20339 0.895711 1.46681
0.137994 1.19512 0.889289 1.45761
0.13895 1.18687 0.882885 1.44844
0.139912 1.17865 0.876509 1.43929
0.140881 1.17045 0.870135 1.43017
0.141856 1.16228 0.863772 1.42108
0.142838 1.15413 0.857437 1.41201
0.143828 1.14602 0.851133 1.40298
0.144824 1.13794 0.844841 1.39397
0.145826 1.12988 0.83858 1.38501
0.146836 1.12186 0.832356 1.37607
0.147853 1.11387 0.826172 1.36715
0.148877 1.1059 0.820027 1.35822
0.149908 1.09794 0.813921 1.34928
0.150946 1.09001 0.807851 1.34033
0.151991 1.0821 0.801818 1.33138
0.153044 1.07421 0.79582 1.32242
0.154103 1.06635 0.789855 1.31346
0.155171 1.05851 0.783924 1.30452
0.156245 1.0507 0.778024 1.29558
0.157327 1.04291 0.772154 1.28666
0.158416 1.03515 0.766315 1.27776
0.159513 1.02742 0.760504 1.26887
0.160618 1.01972 0.754722 1.26002
0.16173 1.01204 0.748967 1.25119
0.16285 1.0044 0.743239 1.2424
0.163978 0.996789 0.737537 1.23364
0.165113 0.98921 0.73186 1.22492
0.166257 0.981665 0.726209 1.21625
0.167408 0.974154 0.720582 1.20762
0.168567 0.966678 0.71498 1.19903
0.169735 0.959239 0.709403 1.19051
0.17091 0.951836 0.703849 1.18203
0.172093 0.94447 0.69832 1.17362
0.173285 0.937144 0.692823 1.16526
0.174485 0.929857 0.687363 1.15697
0.175693 0.922609 0.681951 1.14874
0.17691 0.915398 0.676596 1.14057
0.178135 0.908225 0.671297 1.13249
0.179369 0.901089 0.666049 1.12445
0.180611 0.893989 0.660852 1.11648
0.181861 0.886924 0.655701 1.10855
0.183121 0.879896 0.650594 1.10067
0.184389 0.872902 0.645529 1.09284
0.185666 0.865943 0.640504 1.08506
0.186951 0.859017 0.635512 1.07733
0.188246 0.852126 0.630554 1.06965
0.189549 0.845267 0.62563 1.062
0.190862 0.838441 0.62074 1.05441
0.192184 0.831648 0.615809 1.04685
0.193514 0.824886 0.610869 1.03934
0.194854 0.818156 0.605953 1.03187
0.196204 0.811456 0.601061 1.02444
0.197562 0.804787 0.596189 1.01705
0.19893 0.798148 0.591337 1.00969
0.200308 0.791539 0.586503 1.00236
0.201695 0.784958 0.581685 0.995063
0.203092 0.778406 0.576883 0.987796
0.204498 0.771882 0.572094 0.980555
0.205914 0.765387 0.56732 0.973339
0.20734 0.758927 0.562586 0.966158
0.208776 0.752507 0.557901 0.959018
0.210222 0.746124 0.553262 0.951915
0.211677 0.739779 0.548664 0.944847
0.213143 0.733469 0.544102 0.937813
0.214619 0.727195 0.539571 0.930809
0.216105 0.720954 0.535067 0.923832
0.217602 0.714746 0.530586 0.91688
0.219109 0.70857 0.526125 0.90995
0.220626 0.702424 0.521678 0.903039
0.222154 0.696308 0.517242 0.896145
0.223692 0.690221 0.512814 0.889266
0.225241 0.684161 0.508389 0.8824
0.226801 0.678128 0.503967 0.875543
0.228371 0.672121 0.499542 0.868692
0.229953 0.666137 0.495112 0.861845
0.231545 0.660178 0.490636 0.854999
0.233148 0.65424 0.486141 0.848151
0.234763 0.648324 0.48162 0.8413
0.236389 0.642428 0.47704 0.834443
0.238025 0.636552 0.472456 0.827577
0.239674 0.630693 0.467831 0.8207
0.241333 0.624855 0.463177 0.813811
0.243005 0.619048 0.458553 0.806923
0.244687 0.613276 0.453959 0.800043
0.246382 0.607535 0.449363 0.793173
0.248088 0.601826 0.444767 0.786311
0.249806 0.596145 0.440202 0.779458
0.251536 0.590493 0.435668 0.772612
0.253277 0.584868 0.43116 0.765772
0.255031 0.579267 0.426674 0.758944
0.256797 0.573691 0.422207 0.752129
0.258576 0.568138 0.417759 0.745328
0.260366 0.562606 0.413328 0.738539
0.262169 0.557094 0.408912 0.731762
0.263984 0.5516 0.404508 0.724995
0.265813 0.546124 0.400114 0.718237
0.267653 0.540663 0.395729 0.711487
0.269507 0.535217 0.391349 0.704743
0.271373 0.529785 0.386975 0.698005
0.273252 0.524364 0.382603 0.691271
0.275144 0.518953 0.378232 0.684539
0.27705 0.513552 0.373862 0.677808
0.278968 0.508158 0.369489 0.671077
0.2809 0.502778 0.365127 0.66434
0.282845 0.497419 0.360791 0.657596
0.284804 0.492082 0.356482 0.650846
0.286776 0.486764 0.352188 0.644098
0.288762 0.481465 0.347906 0.637348
0.290761 0.476185 0.343643 0.630599
0.292775 0.470923 0.339396 0.623853
0.294802 0.465677 0.335163 0.617111
0.296843 0.460448 0.330943 0.610376
0.298899 0.455234 0.326734 0.603648
0.300969 0.450034 0.322533 0.596931
0.303053 0.444847 0.31834 0.590226
0.305151 0.439674 0.314153 0.583534
0.307265 0.434513 0.309959 0.576858
0.309392 0.429362 0.305765 0.570197
0.311535 0.424222 0.301579 0.563555
0.313692 0.419092 0.297401 0.556931
0.315864 0.41397 0.293229 0.550329
0.318052 0.408857 0.289063 0.543751
0.320254 0.40375 0.284903 0.537199
0.322472 0.39865 0.28075 0.530787
0.324705 0.393559 0.276613 0.524975
0.326953 0.388477 0.272495 0.519161
0.329217 0.383406 0.268394 0.513348
0.331497 0.378346 0.264307 0.507542
0.333792 0.373296 0.260235 0.501746
0.336104 0.368258 0.256174 0.495963
0.338431 0.363232 0.252125 0.490197
0.340775 0.358218 0.248086 0.484452
0.343135 0.353217 0.244055 0.478732
0.345511 0.34823 0.240033 0.473047
0.347903 0.343256 0.236018 0.467466
0.350312 0.338296 0.232007 0.461903
0.352738 0.333351 0.227999 0.45636
0.355181 0.328421 0.223994 0.450837
0.35764 0.323506 0.219991 0.445336
0.360117 0.318607 0.215981 0.439856
0.362611 0.313725 0.211946 0.434398
0.365122 0.308859 0.207899 0.428964
0.36765 0.304011 0.203846 0.423553
0.370196 0.299175 0.199789 0.418151
0.372759 0.294344 0.195726 0.412743
0.375341 0.289522 0.191655 0.40734
0.37794 0.28471 0.187577 0.401949
0.380557 0.27991 0.183491 0.396563
0.383192 0.275123 0.179398 0.391186
0.385846 0.270351 0.175296 0.38582
0.388518 0.265597 0.171187 0.380464
0.391208 0.260862 0.167071 0.375122
0.393917 0.256147 0.16295 0.369796
0.396645 0.251455 0.158827 0.364489
0.399391 0.246788 0.154704 0.359204
0.402157 0.242147 0.150585 0.353942
0.404942 0.237534 0.146474 0.348706
0.407746 0.232951 0.142332 0.343496
0.410569 0.228399 0.138156 0.338315
0.413413 0.223881 0.134013 0.333162
0.416275 0.219399 0.12991 0.328038
0.419158 0.21495 0.125847 0.322937
0.42206 0.21052 0.121813 0.317831
0.424983 0.206109 0.117794 0.31272
0.427926 0.201718 0.11379 0.307613
0.430889 0.197351 0.109805 0.30252
0.433873 0.19301 0.10584 0.297447
0.436877 0.188696 0.1019 0.292393
0.439903 0.184413 0.0979866 0.287363
0.442949 0.180162 0.0941043 0.282359
0.446016 0.175945 0.0902591 0.277399
0.449105 0.171766 0.0864562 0.272484
0.452215 0.167625 0.0826993 0.267697
0.455346 0.163526 0.0789928 0.262983
0.458499 0.159471 0.0753408 0.258307
0.461674 0.155462 0.0717477 0.253692
0.464871 0.151501 0.068218 0.249121
0.46809 0.147591 0.0647564 0.244586
0.471332 0.143733 0.061367 0.240088
0.474596 0.139916 0.05805 0.235603
0.477882 0.136137 0.054806 0.23112
0.481191 0.132395 0.0516358 0.226643
0.484523 0.128694 0.0485399 0.222175
0.487879 0.125035 0.0455182 0.21772
0.491257 0.121418 0.0425703 0.213282
0.494659 0.117847 0.0396964 0.208867
0.498084 0.114323 0.0368967 0.204519
0.501533 0.110847 0.0341715 0.200195
0.505006 0.107422 0.0315211 0.195899
0.508503 0.104048 0.0289458 0.191634
0.512024 0.100728 0.026446 0.187403
0.51557 0.0974637 0.0240219 0.183208
0.51914 0.094256 0.0216731 0.179053
0.522735 0.091107 0.0193991 0.174941
0.526355 0.0880184 0.0172004 0.170873
0.53 0.08499 0.0150896 0.16684
0.53367 0.0820178 0.0130953 0.162815
0.537365 0.0791016 0.0112146 0.1588
0.541087 0.0762416 0.00944223 0.154799
0.544833 0.0734377 0.0077724 0.150817
0.548606 0.0706902 0.00620022 0.146858
0.552405 0.067999 0.00472061 0.142927
0.55623 0.0653643 0.00332837 0.139027
0.560082 0.0627862 0.00201816 0.135164
0.563961 0.0602647 0.000784622 0.131342
0.567866 0.0578 -0.000377743 0.127565
0.571798 0.0553921 -0.0014745 0.123836
0.575758 0.0530411 -0.00251128 0.120161
0.579745 0.0507472 -0.0034938 0.116542
0.583759 0.0485103 -0.00442783 0.112985
0.587802 0.0463308 -0.00531731 0.109492
0.591872 0.0442163 -0.00611234 0.106039
0.595971 0.0421687 -0.00679418 0.102616
0.600097 0.0401863 -0.00737128 0.0992271
0.604253 0.0382671 -0.00785229 0.0958746
0.608437 0.0364093 -0.00824603 0.0925622
0.61265 0.034611 -0.0085615 0.0892933
0.616893 0.0328703 -0.00880781 0.0860715
0.621165 0.0311854 -0.00899421 0.0829001
0.625466 0.0295543 -0.00913004 0.0797826
0.629797 0.0279752 -0.00922479 0.0767225
0.634158 0.0264462 -0.00928806 0.0737233
0.63855 0.0249655 -0.00932925 0.0707885
0.642972 0.0235311 -0.00935798 0.0679215
0.647424 0.0221412 -0.00938395 0.0651257
0.651907 0.0207976 -0.00940447 0.0624012
0.656422 0.0195187 -0.00936108 0.0597321
0.660967 0.0183041 -0.00925155 0.0571165
0.665544 0.0171504 -0.00908389 0.0545555
0.670153 0.0160542 -0.00886621 0.0520499
0.674793 0.0150123 -0.00860676 0.049601
0.679466 0.0140211 -0.00831383 0.04721
0.684171 0.0130772 -0.00799583 0.0448781
0.688909 0.0121774 -0.00766117 0.0426067
0.693679 0.0113181 -0.00731833 0.0403973
0.698483 0.0104961 -0.00697581 0.0382513
0.70332 0.00970792 -0.00664211 0.0361703
0.70819 0.00895015 -0.00632574 0.0341558
0.713094 0.00821942 -0.00603519 0.0322096
0.718032 0.00751952 -0.00576735 0.030333
0.723004 0.00687246 -0.0054866 0.028525
0.728011 0.00627657 -0.00519255 0.0267839
0.733052 0.00572788 -0.00488847 0.0251078
0.738128 0.00522241 -0.00457772 0.023495
0.74324 0.00475618 -0.00426375 0.0219441
0.748386 0.00432523 -0.00395009 0.0204537
0.753569 0.00392557 -0.00364032 0.0190225
0.758787 0.00355324 -0.00333811 0.0176492
0.764041 0.00320426 -0.00304716 0.0163329
0.769332 0.00287464 -0.00277126 0.0150726
0.77466 0.00256043 -0.00251426 0.0138672
0.780024 0.00225764 -0.00228014 0.0127161
0.785425 0.00196635 -0.00207103 0.0116214
0.790864 0.00170769 -0.00187706 0.0105975
0.796341 0.00148242 -0.00169528 0.00964277
0.801855 0.00128703 -0.00152469 0.00875273
0.807408 0.00111807 -0.00136444 0.00792292
0.812999 0.000972022 -0.00121387 0.00714908
0.818629 0.000845422 -0.00107247 0.00642706
0.824297 0.000734778 -0.000939919 0.00575281
0.830005 0.000636606 -0.000816037 0.0051224
0.835753 0.000547421 -0.000700773 0.004532
0.84154 0.000463738 -0.000594207 0.00397784
0.847368 0.000382073 -0.000496616 0.00345631
0.853236 0.000298955 -0.000408767 0.00296403
0.859144 0.000223574 -0.000334193 0.00251929
0.865093 0.000164364 -0.000273562 0.00213499
0.871084 0.000119257 -0.000223741 0.00180447
0.877116 8.61856e-05 -0.000182714 0.00152138
0.88319 6.30798e-05 -0.000149044 0.00127924
0.889305 4.7871e-05 -0.000121351 0.00107146
0.895464 3.84907e-05 -9.83659e-05 0.000892007
0.901664 3.287e-05 -7.8936e-05 0.000735023
0.907908 2.89402e-05 -6.19676e-05 0.00059476
0.914195 2.46326e-05 -4.63288e-05 0.000465532
0.920526 1.78784e-05 -3.07838e-05 0.000341632
0.9269 6.86727e-06 -1.42839e-05 0.000218935
0.933319 -3.03648e-06 -6.33013e-06 0.00012175
0.939782 -9.37614e-06 -1.97872e-05 6.07325e-05
0.946289 -1.27211e-05 -3.62547e-05 3.26077e-05
0.952842 -1.36408e-05 -4.72695e-05 2.1133e-05
0.95944 -1.27046e-05 -4.72036e-05 1.66204e-05
0.966084 -1.04818e-05 -3.86348e-05 1.39577e-05
0.972774 -7.54205e-06 -2.53717e-05 1.26249e-05
0.97951 -4.45456e-06 -1.1906e-05 1.34879e-05
0.986293 -1.78879e-06 -3.50918e-06 1.54146e-05
0.993123 -1.14136e-07 -4.81907e-07 1.37161e-05
