0.001 1.33814 1.07303 1.70336
0.00100692 1.3366 1.07193 1.70115
0.0010139 1.33506 1.07084 1.69894
0.00102092 1.33353 1.06975 1.69674
0.00102799 1.33201 1.06867 1.69455
0.00103511 1.33049 1.0676 1.69236
0.00104227 1.32899 1.06653 1.69018
0.00104949 1.32748 1.06547 1.68801
0.00105676 1.32599 1.06442 1.68584
0.00106408 1.3245 1.06337 1.68367
0.00107145 1.32302 1.06233 1.68152
0.00107886 1.32155 1.0613 1.67936
0.00108634 1.32009 1.06028 1.67722
0.00109386 1.31863 1.05926 1.67508
0.00110143 1.31717 1.05824 1.67295
0.00110906 1.31573 1.05724 1.67083
0.00111674 1.31429 1.05624 1.66871
0.00112447 1.31286 1.05525 1.66659
0.00113226 1.31143 1.05426 1.66448
0.0011401 1.31001 1.05328 1.66238
0.001148 1.3086 1.05231 1.66028
0.00115594 1.3072 1.05135 1.65819
0.00116395 1.3058 1.05039 1.6561
0.00117201 1.30441 1.04944 1.65402
0.00118013 1.30303 1.04849 1.65195
0.0011883 1.30165 1.04755 1.64988
0.00119653 1.30028 1.04662 1.64782
0.00120481 1.29892 1.0457 1.64577
0.00121315 1.29756 1.04478 1.64372
0.00122156 1.29621 1.04387 1.64168
0.00123001 1.29487 1.04296 1.63964
0.00123853 1.29353 1.04207 1.63761
0.00124711 1.29221 1.04118 1.63559
0.00125574 1.29088 1.0403 1.63358
0.00126444 1.28957 1.03942 1.63157
0.0012732 1.28826 1.03855 1.62957
0.00128201 1.28697 1.03769 1.62757
0.00129089 1.28567 1.03683 1.62559
0.00129983 1.28439 1.03599 1.62361
0.00130883 1.28311 1.03514 1.62163
0.00131789 1.28184 1.03431 1.61967
0.00132702 1.28058 1.03348 1.61771
0.00133621 1.27932 1.03266 1.61576
0.00134546 1.27807 1.03185 1.61382
0.00135478 1.27683 1.03105 1.61188
0.00136416 1.2756 1.03025 1.60995
0.00137361 1.27437 1.02946 1.60803
0.00138312 1.27315 1.02867 1.60611
0.0013927 1.27194 1.02789 1.6042
0.00140234 1.27073 1.02712 1.6023
0.00141205 1.26953 1.02635 1.6004
0.00142183 1.26833 1.0256 1.59851
0.00143167 1.26715 1.02485 1.59663
0.00144159 1.26597 1.0241 1.59475
0.00145157 1.2648 1.02336 1.59288
0.00146162 1.26363 1.02263 1.59102
0.00147174 1.26247 1.02191 1.58917
0.00148194 1.26132 1.02119 1.58732
0.0014922 1.26018 1.02049 1.58548
0.00150253 1.25904 1.01978 1.58364
0.00151293 1.25791 1.01909 1.58182
0.00152341 1.25679 1.0184 1.58
0.00153396 1.25568 1.01772 1.57819
0.00154458 1.25457 1.01705 1.57638
0.00155528 1.25347 1.01638 1.57458
0.00156605 1.25238 1.01572 1.57279
0.00157689 1.2513 1.01507 1.57101
0.00158781 1.25022 1.01443 1.56924
0.00159881 1.24915 1.01379 1.56747
0.00160988 1.24809 1.01316 1.56571
0.00162103 1.24703 1.01254 1.56396
0.00163225 1.24599 1.01193 1.56222
0.00164355 1.24495 1.01132 1.56048
0.00165494 1.24392 1.01072 1.55875
0.0016664 1.2429 1.01013 1.55703
0.00167794 1.24188 1.00955 1.55532
0.00168955 1.24088 1.00897 1.55362
0.00170125 1.23988 1.00841 1.55192
0.00171303 1.23889 1.00785 1.55023
0.0017249 1.2379 1.0073 1.54855
0.00173684 1.23693 1.00675 1.54687
0.00174887 1.23596 1.00621 1.54521
0.00176098 1.23499 1.00568 1.54355
0.00177317 1.23404 1.00516 1.54189
0.00178545 1.23309 1.00465 1.54025
0.00179782 1.23215 1.00414 1.53861
0.00181027 1.23122 1.00364 1.53698
0.0018228 1.2303 1.00315 1.53536
0.00183542 1.22938 1.00266 1.53376
0.00184813 1.22847 1.00218 1.53217
0.00186093 1.22757 1.00171 1.53058
0.00187382 1.22667 1.00125 1.52901
0.00188679 1.22579 1.0008 1.52744
0.00189986 1.22491 1.00035 1.52588
0.00191301 1.22404 0.99991 1.52433
0.00192626 1.22317 0.999477 1.52278
0.0019396 1.22232 0.999052 1.52125
0.00195303 1.22147 0.998634 1.51972
0.00196656 1.22063 0.998224 1.5182
0.00198017 1.2198 0.997821 1.51669
0.00199389 1.21897 0.997425 1.5152
0.00200769 1.21816 0.997037 1.51375
0.0020216 1.21735 0.996657 1.5123
0.00203559 1.21655 0.996284 1.51086
0.00204969 1.21576 0.995918 1.50943
0.00206388 1.21497 0.995561 1.508
0.00207818 1.21419 0.995211 1.50659
0.00209257 1.21343 0.994869 1.50518
0.00210706 1.21267 0.994534 1.50378
0.00212165 1.21191 0.994208 1.50239
0.00213634 1.21117 0.993889 1.50101
0.00215113 1.21043 0.993577 1.49963
0.00216603 1.2097 0.993274 1.49826
0.00218103 1.20898 0.992978 1.49691
0.00219613 1.20827 0.99269 1.49555
0.00221134 1.20756 0.992409 1.49421
0.00222665 1.20686 0.992136 1.49287
0.00224207 1.20617 0.991871 1.49155
0.0022576 1.20549 0.991614 1.49023
0.00227323 1.20481 0.991364 1.48892
0.00228897 1.20415 0.991122 1.48761
0.00230482 1.20349 0.990888 1.48632
0.00232078 1.20284 0.990661 1.48503
0.00233685 1.20219 0.990442 1.48375
0.00235303 1.20156 0.990231 1.48248
0.00236933 1.20093 0.990027 1.48121
0.00238574 1.20031 0.989831 1.47996
0.00240226 1.1997 0.989643 1.47871
0.00241889 1.19909 0.989463 1.47747
0.00243564 1.1985 0.98929 1.47624
0.00245251 1.19791 0.989125 1.47501
0.00246949 1.19733 0.988967 1.4738
0.00248659 1.19676 0.988818 1.47259
0.00250381 1.19619 0.988676 1.47139
0.00252115 1.19563 0.988537 1.4702
0.00253861 1.19508 0.988404 1.46902
0.00255619 1.19454 0.988279 1.46784
0.00257389 1.19401 0.988161 1.46668
0.00259171 1.19348 0.988051 1.46552
0.00260966 1.19297 0.987949 1.46437
0.00262773 1.19246 0.987855 1.46323
0.00264592 1.19195 0.987769 1.46209
0.00266425 1.19146 0.98769 1.46097
0.0026827 1.19097 0.98762 1.45987
0.00270127 1.1905 0.987557 1.45878
0.00271998 1.19003 0.987503 1.45769
0.00273881 1.18956 0.987457 1.45661
0.00275778 1.18911 0.987418 1.45553
0.00277688 1.18866 0.987388 1.45447
0.0027961 1.18822 0.987366 1.45341
0.00281547 1.18779 0.987351 1.45236
0.00283496 1.18737 0.987345 1.45132
0.00285459 1.18695 0.987346 1.45028
0.00287436 1.18655 0.987355 1.44926
0.00289427 1.18615 0.987372 1.44824
0.00291431 1.18575 0.987396 1.44723
0.00293449 1.18537 0.987429 1.44622
0.00295481 1.18499 0.987469 1.44522
0.00297527 1.18463 0.987516 1.44424
0.00299587 1.18427 0.987571 1.44326
0.00301662 1.18391 0.987633 1.44228
0.00303751 1.18357 0.987703 1.44132
0.00305854 1.18323 0.98778 1.44036
0.00307972 1.1829 0.987865 1.43941
0.00310105 1.18258 0.987957 1.43847
0.00312252 1.18227 0.988056 1.43754
0.00314414 1.18196 0.988162 1.43662
0.00316592 1.18167 0.988275 1.4357
0.00318784 1.18138 0.988394 1.4348
0.00320991 1.1811 0.98852 1.4339
0.00323214 1.18082 0.988652 1.43301
0.00325452 1.18056 0.98879 1.43213
0.00327706 1.1803 0.988934 1.43125
0.00329975 1.18005 0.989084 1.43039
0.0033226 1.17981 0.989241 1.42953
0.00334561 1.17957 0.989401 1.42868
0.00336878 1.17935 0.989557 1.42784
0.00339211 1.17913 0.989719 1.42701
0.0034156 1.17892 0.989887 1.42619
0.00343925 1.17872 0.990062 1.42537
0.00346306 1.17853 0.990243 1.42456
0.00348704 1.17834 0.990431 1.42376
0.00351119 1.17816 0.990625 1.42297
0.00353551 1.17799 0.990825 1.42219
0.00355999 1.17783 0.991032 1.42141
0.00358464 1.17768 0.991245 1.42065
0.00360946 1.17753 0.991464 1.41989
0.00363446 1.1774 0.99169 1.41914
0.00365962 1.17727 0.991922 1.4184
0.00368497 1.17714 0.99216 1.41766
0.00371048 1.17703 0.992405 1.41694
0.00373618 1.17692 0.992656 1.41622
0.00376205 1.17682 0.992913 1.41552
0.0037881 1.17673 0.993177 1.41482
0.00381433 1.17665 0.993447 1.41413
0.00384075 1.17657 0.993723 1.41344
0.00386734 1.17651 0.994005 1.41277
0.00389412 1.17645 0.994294 1.4121
0.00392109 1.17639 0.99459 1.41145
0.00394824 1.17635 0.994891 1.4108
0.00397558 1.17631 0.995199 1.41016
0.00400311 1.17628 0.995513 1.40953
0.00403083 1.17626 0.995834 1.4089
0.00405874 1.17625 0.996161 1.4083
0.00408685 1.17624 0.996494 1.40772
0.00411515 1.17624 0.996834 1.40715
0.00414365 1.17625 0.99718 1.40658
0.00417234 1.17626 0.997532 1.40602
0.00420123 1.17629 0.997892 1.40548
0.00423032 1.17632 0.998258 1.40493
0.00425962 1.17636 0.99863 1.4044
0.00428911 1.1764 0.99901 1.40387
0.00431882 1.17646 0.999394 1.40335
0.00434872 1.17652 0.999784 1.40284
0.00437884 1.17659 1.00018 1.40234
0.00440916 1.17667 1.00058 1.40185
0.00443969 1.17676 1.00099 1.40136
0.00447043 1.17685 1.00141 1.40088
0.00450139 1.17695 1.00183 1.40041
0.00453256 1.17706 1.00226 1.39994
0.00456395 1.17718 1.0027 1.39949
0.00459555 1.1773 1.00314 1.39904
0.00462737 1.17743 1.00359 1.3986
0.00465942 1.17757 1.00404 1.39817
0.00469168 1.17772 1.00451 1.39775
0.00472417 1.17788 1.00497 1.39733
0.00475689 1.17804 1.00545 1.39693
0.00478983 1.17821 1.00593 1.39653
0.00482299 1.17839 1.00641 1.39614
0.00485639 1.17857 1.00691 1.39576
0.00489002 1.17877 1.0074 1.39538
0.00492388 1.17897 1.00791 1.39501
0.00495798 1.17917 1.00842 1.39466
0.00499231 1.17939 1.00893 1.39431
0.00502688 1.17961 1.00945 1.39396
0.00506169 1.17984 1.00997 1.39363
0.00509674 1.18008 1.0105 1.3933
0.00513204 1.18032 1.01104 1.39299
0.00516757 1.18058 1.01158 1.39268
0.00520336 1.18084 1.01212 1.39237
0.00523939 1.1811 1.01267 1.39208
0.00527567 1.18138 1.01323 1.3918
0.0053122 1.18166 1.01379 1.39152
0.00534899 1.18195 1.01436 1.39125
0.00538603 1.18225 1.01493 1.39099
0.00542333 1.18256 1.01552 1.39073
0.00546088 1.18287 1.0161 1.39051
0.0054987 1.1832 1.01669 1.39031
0.00553677 1.18353 1.01729 1.39011
0.00557511 1.18386 1.0179 1.38992
0.00561372 1.18421 1.01851 1.38973
0.00565259 1.18456 1.01912 1.38956
0.00569174 1.18492 1.01975 1.38939
0.00573115 1.18529 1.02037 1.38923
0.00577084 1.18566 1.02101 1.38908
0.0058108 1.18605 1.02165 1.38894
0.00585104 1.18644 1.02229 1.38881
0.00589155 1.18683 1.02294 1.38869
0.00593235 1.18724 1.02358 1.38857
0.00597343 1.18765 1.02423 1.38847
0.00601479 1.18807 1.02488 1.38837
0.00605645 1.18849 1.02554 1.38828
0.00609838 1.18893 1.02617 1.3882
0.00614061 1.18937 1.0268 1.38813
0.00618314 1.18981 1.02744 1.38806
0.00622595 1.19027 1.02809 1.38801
0.00626907 1.19073 1.02874 1.38796
0.00631248 1.1912 1.0294 1.38793
0.00635619 1.19167 1.03006 1.3879
0.0064002 1.19216 1.03074 1.38788
0.00644452 1.19265 1.03141 1.38787
0.00648915 1.19314 1.0321 1.38787
0.00653409 1.19365 1.03279 1.38787
0.00657933 1.19416 1.03348 1.38789
0.00662489 1.19467 1.03419 1.38792
0.00667077 1.1952 1.0349 1.38795
0.00671696 1.19573 1.03561 1.38799
0.00676347 1.19627 1.03634 1.38805
0.00681031 1.19682 1.03707 1.38811
0.00685747 1.19737 1.0378 1.38818
0.00690495 1.19793 1.03854 1.38826
0.00695277 1.1985 1.03929 1.38836
0.00700092 1.19907 1.04004 1.38846
0.0070494 1.19966 1.04079 1.38856
0.00709821 1.20025 1.04156 1.38868
0.00714736 1.20084 1.04232 1.38881
0.00719686 1.20145 1.0431 1.38894
0.00724669 1.20206 1.04388 1.38909
0.00729687 1.20268 1.04467 1.38924
0.0073474 1.2033 1.04546 1.3894
0.00739828 1.20394 1.04626 1.38957
0.00744951 1.20457 1.04707 1.38975
0.0075011 1.20522 1.04788 1.38994
0.00755304 1.20588 1.0487 1.39013
0.00760534 1.20654 1.04953 1.39034
0.00765801 1.20721 1.05036 1.39055
0.00771104 1.20788 1.0512 1.39077
0.00776444 1.20856 1.05204 1.391
0.0078182 1.20925 1.05289 1.39124
0.00787234 1.20995 1.05375 1.39148
0.00792685 1.21065 1.05462 1.39174
0.00798175 1.21136 1.05549 1.392
0.00803702 1.21208 1.05637 1.39227
0.00809267 1.21281 1.05725 1.39255
0.00814871 1.21354 1.05814 1.39284
0.00820514 1.21428 1.05904 1.39313
0.00826196 1.21503 1.05995 1.39343
0.00831917 1.21578 1.06086 1.39374
0.00837678 1.21654 1.06177 1.39406
0.00843478 1.21731 1.0627 1.39439
0.00849319 1.21809 1.06363 1.39473
0.008552 1.21887 1.06456 1.39507
0.00861122 1.21966 1.06551 1.39542
0.00867086 1.22046 1.06646 1.39579
0.0087309 1.22126 1.06742 1.39622
0.00879136 1.22207 1.06838 1.39669
0.00885224 1.22289 1.06935 1.39716
0.00891353 1.22372 1.07033 1.39764
0.00897526 1.22455 1.07131 1.39813
0.00903741 1.22539 1.0723 1.39863
0.00909999 1.22624 1.0733 1.39913
0.00916301 1.2271 1.0743 1.39965
0.00922646 1.22796 1.07531 1.40017
0.00929035 1.22883 1.07632 1.4007
0.00935468 1.2297 1.07735 1.40124
0.00941946 1.23058 1.07837 1.40178
0.00948469 1.23147 1.07941 1.40234
0.00955037 1.23237 1.08045 1.4029
0.0096165 1.23327 1.08149 1.40347
0.00968309 1.23418 1.08255 1.40406
0.00975014 1.2351 1.08361 1.40464
0.00981766 1.23602 1.08468 1.40524
0.00988564 1.23695 1.08575 1.40585
0.0099541 1.23789 1.08683 1.40646
0.010023 1.23883 1.08792 1.40708
0.0100924 1.23979 1.08901 1.40771
0.0101623 1.24074 1.09011 1.40835
0.0102327 1.24171 1.09122 1.409
0.0103036 1.24268 1.09234 1.40966
0.0103749 1.24365 1.09346 1.41032
0.0104467 1.24464 1.09459 1.411
0.0105191 1.24563 1.09572 1.41168
0.0105919 1.24663 1.09686 1.41238
0.0106653 1.24763 1.09801 1.41308
0.0107391 1.24864 1.09917 1.41379
0.0108135 1.24966 1.10033 1.41451
0.0108884 1.25069 1.1015 1.41524
0.0109638 1.25172 1.10267 1.41598
0.0110397 1.25276 1.10386 1.41672
0.0111161 1.2538 1.10504 1.41747
0.0111931 1.25486 1.10624 1.41824
0.0112706 1.25592 1.10744 1.41901
0.0113487 1.25699 1.10865 1.41979
0.0114273 1.25806 1.10987 1.42057
0.0115064 1.25914 1.11109 1.42137
0.0115861 1.26023 1.11232 1.42217
0.0116663 1.26132 1.11356 1.42299
0.0117471 1.26243 1.1148 1.4238
0.0118284 1.26354 1.11606 1.42463
0.0119103 1.26465 1.11731 1.42547
0.0119928 1.26578 1.11858 1.42631
0.0120759 1.26691 1.11985 1.42716
0.0121595 1.26805 1.12113 1.42802
0.0122437 1.26919 1.12242 1.42888
0.0123285 1.27035 1.12372 1.42975
0.0124138 1.27151 1.12502 1.43063
0.0124998 1.27267 1.12633 1.43152
0.0125864 1.27385 1.12765 1.43241
0.0126735 1.27503 1.12897 1.43331
0.0127613 1.27622 1.13031 1.43422
0.0128496 1.27742 1.13165 1.43513
0.0129386 1.27862 1.133 1.43605
0.0130282 1.27984 1.13435 1.43699
0.0131184 1.28106 1.13571 1.43793
0.0132093 1.28228 1.13708 1.43887
0.0133007 1.28352 1.13846 1.43983
0.0133929 1.28476 1.13984 1.44079
0.0134856 1.28601 1.14123 1.44177
0.013579 1.28726 1.14263 1.44275
0.013673 1.28852 1.14403 1.44374
0.0137677 1.28979 1.14544 1.44473
0.013863 1.29107 1.14686 1.44574
0.013959 1.29236 1.14828 1.44675
0.0140557 1.29365 1.14972 1.44778
0.014153 1.29495 1.15116 1.44881
0.014251 1.29625 1.15261 1.44985
0.0143497 1.29757 1.15406 1.45089
0.0144491 1.29889 1.15552 1.45195
0.0145491 1.30021 1.15699 1.45301
0.0146499 1.30155 1.15847 1.45408
0.0147513 1.30289 1.15996 1.45516
0.0148535 1.30424 1.16145 1.45625
0.0149563 1.30559 1.16295 1.45735
0.0150599 1.30695 1.16446 1.45845
0.0151642 1.30832 1.16598 1.45956
0.0152692 1.3097 1.1675 1.46068
0.0153749 1.31108 1.16904 1.46181
0.0154814 1.31247 1.17058 1.46294
0.0155886 1.31387 1.17213 1.46408
0.0156965 1.31527 1.17369 1.46523
0.0158052 1.31668 1.17525 1.46639
0.0159147 1.3181 1.17683 1.46756
0.0160249 1.31952 1.17841 1.46873
0.0161359 1.32095 1.18 1.46991
0.0162476 1.32239 1.1816 1.4711
0.0163601 1.32383 1.18321 1.4723
0.0164734 1.32528 1.18483 1.47351
0.0165875 1.32674 1.18645 1.47472
0.0167023 1.32821 1.18808 1.47595
0.016818 1.32968 1.18972 1.47718
0.0169345 1.33116 1.19137 1.47842
0.0170517 1.33264 1.19303 1.47967
0.0171698 1.33414 1.1947 1.48092
0.0172887 1.33564 1.19637 1.48218
0.0174084 1.33715 1.19805 1.48345
0.017529 1.33866 1.19974 1.48473
0.0176503 1.34018 1.20144 1.48602
0.0177726 1.34171 1.20314 1.48731
0.0178956 1.34325 1.20486 1.48861
0.0180196 1.34479 1.20658 1.48991
0.0181443 1.34634 1.20831 1.49123
0.01827 1.3479 1.21005 1.49256
0.0183965 1.34946 1.2118 1.49389
0.0185239 1.35103 1.21354 1.49523
0.0186522 1.35261 1.21529 1.49658
0.0187813 1.3542 1.21706 1.49793
0.0189114 1.35579 1.21883 1.49929
0.0190423 1.35739 1.2206 1.50065
0.0191742 1.359 1.22239 1.50202
0.019307 1.36061 1.22419 1.5034
0.0194407 1.36223 1.22599 1.50478
0.0195753 1.36386 1.2278 1.50617
0.0197108 1.3655 1.22962 1.50756
0.0198473 1.36714 1.23145 1.50896
0.0199848 1.36879 1.23329 1.51037
0.0201232 1.37045 1.23514 1.51178
0.0202625 1.37212 1.237 1.5132
0.0204028 1.37379 1.23887 1.51463
0.0205441 1.37548 1.24074 1.51606
0.0206864 1.37716 1.24263 1.5175
0.0208296 1.37886 1.24452 1.51895
0.0209739 1.38056 1.24643 1.52041
0.0211191 1.38228 1.24833 1.52187
0.0212653 1.38399 1.25023 1.52334
0.0214126 1.38572 1.25214 1.52481
0.0215609 1.38745 1.25406 1.52629
0.0217102 1.38919 1.25599 1.52778
0.0218605 1.39094 1.25792 1.52927
0.0220119 1.39269 1.25986 1.53077
0.0221643 1.39445 1.26181 1.53228
0.0223178 1.39622 1.26377 1.53379
0.0224723 1.39799 1.26574 1.53531
0.022628 1.39978 1.26771 1.53683
0.0227846 1.40156 1.26969 1.53836
0.0229424 1.40336 1.27168 1.53989
0.0231013 1.40516 1.27367 1.54143
0.0232613 1.40697 1.27568 1.54297
0.0234223 1.40878 1.27769 1.54452
0.0235845 1.4106 1.2797 1.54607
0.0237479 1.41243 1.28173 1.54763
0.0239123 1.41427 1.28376 1.54919
0.0240779 1.41611 1.2858 1.55075
0.0242446 1.41795 1.28785 1.55232
0.0244125 1.41981 1.2899 1.55389
0.0245816 1.42167 1.29196 1.55546
0.0247518 1.42354 1.29403 1.55704
0.0249232 1.42541 1.29611 1.55863
0.0250958 1.4273 1.2982 1.56022
0.0252695 1.42919 1.30029 1.56182
0.0254445 1.43109 1.3024 1.56342
0.0256207 1.433 1.30451 1.56503
0.0257981 1.43492 1.30663 1.56665
0.0259768 1.43684 1.30876 1.56827
0.0261567 1.43877 1.31089 1.56989
0.0263378 1.44071 1.31304 1.57152
0.0265202 1.44266 1.31519 1.57316
0.0267038 1.44461 1.31735 1.5748
0.0268887 1.44657 1.31951 1.57645
0.0270749 1.44853 1.32168 1.5781
0.0272624 1.4505 1.32386 1.57977
0.0274512 1.45248 1.32605 1.58144
0.0276413 1.45446 1.32824 1.58311
0.0278327 1.45644 1.33044 1.58478
0.0280254 1.45844 1.33265 1.58646
0.0282195 1.46043 1.33486 1.58814
0.0284149 1.46244 1.33708 1.58983
0.0286117 1.46444 1.3393 1.59152
0.0288098 1.46645 1.34153 1.59321
0.0290093 1.46847 1.34377 1.5949
0.0292102 1.47049 1.34601 1.5966
0.0294125 1.47251 1.34825 1.5983
0.0296161 1.47454 1.3505 1.6
0.0298212 1.47657 1.35276 1.6017
0.0300277 1.47861 1.35502 1.6034
0.0302357 1.48065 1.35728 1.60511
0.030445 1.48269 1.35956 1.60682
0.0306559 1.48474 1.36184 1.60853
0.0308681 1.48679 1.36413 1.61025
0.0310819 1.48886 1.36643 1.61198
0.0312971 1.49093 1.36873 1.61372
0.0315139 1.493 1.37105 1.61546
0.0317321 1.49509 1.37337 1.6172
0.0319518 1.49717 1.3757 1.61895
0.0321731 1.49927 1.37804 1.62071
0.0323959 1.50137 1.38038 1.62247
0.0326202 1.50347 1.38273 1.62423
0.0328461 1.50558 1.38509 1.626
0.0330735 1.5077 1.38745 1.62777
0.0333026 1.50981 1.38982 1.62957
0.0335332 1.51194 1.39219 1.63136
0.0337654 1.51406 1.39457 1.63316
0.0339992 1.51619 1.39695 1.63496
0.0342346 1.51833 1.39934 1.63675
0.0344717 1.52046 1.40173 1.63855
0.0347104 1.5226 1.40412 1.64035
0.0349508 1.52475 1.40652 1.64214
0.0351928 1.52689 1.4089 1.64394
0.0354365 1.52904 1.41127 1.64574
0.0356819 1.53119 1.41364 1.64753
0.035929 1.53334 1.41601 1.64932
0.0361778 1.53549 1.41839 1.65111
0.0364283 1.53764 1.42077 1.65289
0.0366805 1.53979 1.42315 1.65466
0.0369345 1.54195 1.42553 1.65643
0.0371903 1.5441 1.42791 1.6582
0.0374478 1.54626 1.43029 1.65995
0.0377071 1.54841 1.43266 1.6617
0.0379682 1.55058 1.43503 1.66346
0.0382312 1.55275 1.43741 1.66521
0.0384959 1.55493 1.43981 1.66697
0.0387625 1.55711 1.4422 1.66873
0.0390309 1.5593 1.44461 1.67049
0.0393012 1.5615 1.44702 1.67225
0.0395733 1.5637 1.44943 1.674
0.0398474 1.5659 1.45185 1.67576
0.0401233 1.5681 1.45428 1.67752
0.0404011 1.57031 1.45671 1.67928
0.0406809 1.57252 1.45914 1.68103
0.0409626 1.57473 1.46158 1.68278
0.0412463 1.57695 1.46401 1.68453
0.0415319 1.57916 1.46645 1.68628
0.0418195 1.58137 1.46889 1.68802
0.0421091 1.58358 1.47133 1.68976
0.0424007 1.58579 1.47377 1.6915
0.0426943 1.588 1.47621 1.69323
0.0429899 1.59021 1.47865 1.69496
0.0432876 1.59241 1.48109 1.69668
0.0435874 1.59461 1.48353 1.69839
0.0438892 1.5968 1.48596 1.70011
0.0441931 1.59899 1.48839 1.70182
0.0444991 1.60118 1.49081 1.70352
0.0448073 1.60336 1.49322 1.70521
0.0451176 1.60553 1.49562 1.70689
0.04543 1.6077 1.49801 1.70856
0.0457446 1.60985 1.50039 1.71022
0.0460614 1.612 1.50277 1.71187
0.0463803 1.61415 1.50514 1.7135
0.0467015 1.6163 1.50752 1.71514
0.0470249 1.61845 1.5099 1.71677
0.0473505 1.62061 1.51229 1.7184
0.0476784 1.62278 1.51468 1.72002
0.0480086 1.62494 1.51708 1.72165
0.048341 1.62711 1.51947 1.72326
0.0486758 1.62928 1.52187 1.72488
0.0490128 1.63144 1.52427 1.72651
0.0493522 1.63361 1.52666 1.72814
0.049694 1.63577 1.52906 1.72975
0.0500381 1.63793 1.53144 1.73137
0.0503846 1.64008 1.53383 1.73297
0.0507335 1.64223 1.5362 1.73457
0.0510848 1.64437 1.53857 1.73616
0.0514385 1.6465 1.54093 1.73775
0.0517947 1.64862 1.54328 1.73933
0.0521534 1.65073 1.54562 1.7409
0.0525146 1.65283 1.54795 1.74246
0.0528782 1.65492 1.55026 1.74402
0.0532444 1.65699 1.55257 1.74556
0.0536131 1.65905 1.55486 1.7471
0.0539843 1.66109 1.55713 1.74864
0.0543582 1.66311 1.55939 1.75016
0.0547346 1.66512 1.56164 1.75166
0.0551136 1.66711 1.56387 1.75316
0.0554952 1.66907 1.56608 1.75464
0.0558795 1.67102 1.56827 1.7561
0.0562665 1.67294 1.57044 1.75755
0.0566561 1.67484 1.57258 1.75898
0.0570484 1.67672 1.57472 1.7604
0.0574435 1.6786 1.57685 1.76182
0.0578413 1.68046 1.57898 1.76324
0.0582418 1.68232 1.5811 1.76465
0.0586451 1.68418 1.58322 1.76606
0.0590512 1.68602 1.58532 1.76745
0.0594601 1.68785 1.58742 1.76884
0.0598719 1.68967 1.5895 1.77022
0.0602865 1.69148 1.59157 1.77159
0.0607039 1.69327 1.59362 1.77295
0.0611243 1.69505 1.59566 1.77429
0.0615476 1.69681 1.59769 1.77563
0.0619738 1.69856 1.59969 1.77695
0.0624029 1.70029 1.60168 1.77826
0.062835 1.702 1.60365 1.77955
0.0632701 1.70369 1.6056 1.78083
0.0637083 1.70536 1.60753 1.78209
0.0641494 1.70701 1.60944 1.78333
0.0645936 1.70864 1.61133 1.78457
0.0650409 1.71024 1.6132 1.7858
0.0654913 1.71182 1.61504 1.787
0.0659448 1.71338 1.61686 1.78819
0.0664015 1.7149 1.61866 1.78936
0.0668613 1.7164 1.62043 1.79051
0.0673243 1.71787 1.62218 1.79163
0.0677905 1.71932 1.6239 1.79274
0.0682599 1.72073 1.62559 1.79381
0.0687326 1.72211 1.62726 1.79487
0.0692086 1.72346 1.6289 1.79589
0.0696878 1.72477 1.63052 1.79689
0.0701704 1.72607 1.63212 1.79787
0.0706563 1.72733 1.6337 1.79883
0.0711456 1.72857 1.63527 1.79977
0.0716382 1.72979 1.63681 1.80069
0.0721343 1.73098 1.63834 1.80159
0.0726338 1.73214 1.63985 1.80247
0.0731368 1.73328 1.64134 1.80334
0.0736432 1.7344 1.6428 1.80418
0.0741532 1.73549 1.64424 1.80502
0.0746667 1.73656 1.64567 1.80583
0.0751837 1.7376 1.64707 1.80662
0.0757044 1.73862 1.64845 1.8074
0.0762286 1.73961 1.64981 1.80816
0.0767565 1.74058 1.65115 1.8089
0.077288 1.74152 1.65247 1.80963
0.0778232 1.74244 1.65377 1.81033
0.0783621 1.74334 1.65504 1.81102
0.0789047 1.74421 1.6563 1.81169
0.0794511 1.74506 1.65753 1.81234
0.0800013 1.74589 1.65873 1.81298
0.0805553 1.74669 1.65992 1.8136
0.0811131 1.74746 1.66108 1.8142
0.0816748 1.74821 1.66222 1.81478
0.0822403 1.74894 1.66333 1.81534
0.0828098 1.74965 1.66442 1.81589
0.0833833 1.75033 1.66549 1.81641
0.0839607 1.75099 1.66652 1.81691
0.0845421 1.75163 1.66754 1.81738
0.0851275 1.75224 1.66853 1.81784
0.085717 1.75283 1.6695 1.81827
0.0863106 1.7534 1.67044 1.81868
0.0869082 1.75394 1.67136 1.81907
0.0875101 1.75446 1.67226 1.81944
0.088116 1.75496 1.67312 1.81979
0.0887262 1.75543 1.67393 1.82011
0.0893406 1.75588 1.67472 1.82042
0.0899593 1.75631 1.67548 1.82071
0.0905822 1.75671 1.67621 1.82097
0.0912095 1.75708 1.67692 1.82121
0.0918411 1.75743 1.67759 1.82143
0.092477 1.75776 1.67824 1.82164
0.0931174 1.75806 1.67885 1.82183
0.0937622 1.75833 1.67944 1.82199
0.0944115 1.75858 1.67999 1.82213
0.0950653 1.7588 1.68051 1.82225
0.0957236 1.75899 1.681 1.82236
0.0963864 1.75916 1.68147 1.82246
0.0970539 1.7593 1.68191 1.82253
0.097726 1.75941 1.68232 1.82258
0.0984027 1.75949 1.68271 1.8226
0.0990841 1.75955 1.68307 1.8226
0.0997702 1.75958 1.68341 1.82257
0.100461 1.75958 1.68372 1.82251
0.101157 1.75955 1.68401 1.82242
0.101857 1.75949 1.68427 1.82231
0.102563 1.7594 1.68452 1.82216
0.103273 1.75929 1.68474 1.82198
0.103988 1.75914 1.68495 1.82178
0.104708 1.75897 1.68515 1.82155
0.105433 1.75876 1.68532 1.82129
0.106163 1.75853 1.68547 1.821
0.106898 1.75826 1.6856 1.82068
0.107639 1.75797 1.68572 1.82033
0.108384 1.75765 1.6858 1.81996
0.109134 1.75731 1.68587 1.81956
0.10989 1.75693 1.68591 1.81913
0.110651 1.75653 1.68593 1.81867
0.111417 1.7561 1.68592 1.81818
0.112189 1.75564 1.68589 1.81766
0.112966 1.75516 1.68582 1.81712
0.113748 1.75465 1.68573 1.81654
0.114536 1.75411 1.6856 1.81594
0.115329 1.75355 1.68545 1.81531
0.116127 1.75296 1.68527 1.81464
0.116932 1.75235 1.68507 1.81395
0.117741 1.75171 1.68483 1.81323
0.118557 1.75105 1.68455 1.81247
0.119378 1.75036 1.68425 1.81169
0.120204 1.74964 1.68391 1.81088
0.121037 1.7489 1.68355 1.81004
0.121875 1.74814 1.68314 1.80916
0.122719 1.74736 1.68271 1.80825
0.123569 1.74655 1.68224 1.80732
0.124424 1.74572 1.68174 1.80635
0.125286 1.74488 1.68122 1.80536
0.126153 1.74401 1.68067 1.80433
0.127027 1.74312 1.6801 1.80328
0.127907 1.74222 1.6795 1.8022
0.128792 1.74128 1.67888 1.80109
0.129684 1.74033 1.67822 1.79994
0.130582 1.73935 1.67754 1.79876
0.131486 1.73834 1.67682 1.79755
0.132397 1.7373 1.67608 1.79631
0.133314 1.73623 1.67531 1.79503
0.134237 1.73514 1.6745 1.79372
0.135167 1.73401 1.67366 1.79238
0.136103 1.73285 1.67279 1.791
0.137045 1.73166 1.67188 1.78959
0.137994 1.73043 1.67093 1.78814
0.13895 1.72917 1.66995 1.78666
0.139912 1.72786 1.66893 1.78514
0.140881 1.72652 1.66787 1.78358
0.141856 1.72514 1.66678 1.78198
0.142838 1.72373 1.66564 1.78035
0.143828 1.72226 1.66446 1.77868
0.144824 1.72076 1.66325 1.77696
0.145826 1.71921 1.66199 1.77521
0.146836 1.71762 1.66068 1.77342
0.147853 1.71599 1.65935 1.77159
0.148877 1.71432 1.65798 1.76974
0.149908 1.71262 1.65659 1.76785
0.150946 1.71089 1.65518 1.76593
0.151991 1.70913 1.65373 1.76399
0.153044 1.70733 1.65225 1.762
0.154103 1.70549 1.65074 1.75999
0.155171 1.70362 1.64919 1.75794
0.156245 1.70171 1.6476 1.75585
0.157327 1.69976 1.64598 1.75372
0.158416 1.69777 1.64431 1.75156
0.159513 1.69574 1.6426 1.74935
0.160618 1.69367 1.64085 1.74711
0.16173 1.69156 1.63905 1.74482
0.16285 1.6894 1.63721 1.74249
0.163978 1.68721 1.63531 1.74011
0.165113 1.68496 1.63337 1.73768
0.166257 1.68268 1.63137 1.73521
0.167408 1.68034 1.62932 1.73269
0.168567 1.67796 1.62722 1.73011
0.169735 1.67553 1.62505 1.72749
0.17091 1.67306 1.62283 1.72481
0.172093 1.67053 1.62055 1.72207
0.173285 1.66795 1.61821 1.71929
0.174485 1.66533 1.6158 1.71645
0.175693 1.66266 1.61333 1.71357
0.17691 1.65995 1.61081 1.71063
0.178135 1.65721 1.60824 1.70765
0.179369 1.65443 1.60562 1.70462
0.180611 1.65162 1.60295 1.70154
0.181861 1.64876 1.60023 1.69841
0.183121 1.64585 1.59745 1.69523
0.184389 1.64291 1.59462 1.692
0.185666 1.63991 1.59174 1.68872
0.186951 1.63687 1.58881 1.68539
0.188246 1.63377 1.58582 1.68201
0.189549 1.63063 1.58277 1.67858
0.190862 1.62742 1.57966 1.6751
0.192184 1.62417 1.5765 1.67156
0.193514 1.62085 1.57328 1.66797
0.194854 1.61747 1.57 1.66433
0.196204 1.61403 1.56667 1.66063
0.197562 1.61053 1.56327 1.65687
0.19893 1.60696 1.55981 1.65306
0.200308 1.60332 1.5563 1.64919
0.201695 1.59962 1.55272 1.64526
0.203092 1.59584 1.54909 1.64128
0.204498 1.59199 1.54539 1.63723
0.205914 1.58807 1.54164 1.63313
0.20734 1.58408 1.53783 1.62896
0.208776 1.58003 1.53398 1.62476
0.210222 1.57591 1.53007 1.62049
0.211677 1.57174 1.52612 1.61619
0.213143 1.5675 1.52211 1.61184
0.214619 1.5632 1.51804 1.60744
0.216105 1.55884 1.51391 1.60298
0.217602 1.55441 1.50973 1.59846
0.219109 1.54992 1.50548 1.59389
0.220626 1.54536 1.50117 1.58925
0.222154 1.54073 1.4968 1.58456
0.223692 1.53604 1.49236 1.5798
0.225241 1.53128 1.48785 1.57497
0.226801 1.52645 1.48327 1.57008
0.228371 1.52155 1.47862 1.56511
0.229953 1.51659 1.4739 1.56008
0.231545 1.51155 1.4691 1.55497
0.233148 1.50645 1.46423 1.54978
0.234763 1.50127 1.45929 1.54452
0.236389 1.49602 1.45427 1.53917
0.238025 1.4907 1.44917 1.53374
0.239674 1.48531 1.44399 1.52823
0.241333 1.47984 1.43873 1.52263
0.243005 1.47431 1.4334 1.51695
0.244687 1.4687 1.428 1.51119
0.246382 1.46303 1.42253 1.50535
0.248088 1.45728 1.41699 1.49942
0.249806 1.45146 1.41137 1.49342
0.251536 1.44557 1.40568 1.48734
0.253277 1.43961 1.39992 1.48118
0.255031 1.43358 1.39409 1.47495
0.256797 1.42747 1.38819 1.46865
0.258576 1.42129 1.38221 1.46227
0.260366 1.41503 1.37611 1.45581
0.262169 1.4087 1.36994 1.44928
0.263984 1.40229 1.36369 1.44268
0.265813 1.39581 1.35737 1.436
0.267653 1.38925 1.35098 1.42924
0.269507 1.38262 1.34452 1.42241
0.271373 1.3759 1.33799 1.4155
0.273252 1.36911 1.33137 1.40852
0.275144 1.36225 1.32466 1.40146
0.27705 1.3553 1.31788 1.39432
0.278968 1.34827 1.31103 1.38711
0.2809 1.34116 1.3041 1.37982
0.282845 1.33396 1.29708 1.37244
0.284804 1.32667 1.28998 1.36498
0.286776 1.3193 1.28279 1.35743
0.288762 1.31184 1.27552 1.3498
0.290761 1.3043 1.26817 1.34208
0.292775 1.29668 1.26075 1.33428
0.294802 1.28897 1.25324 1.3264
0.296843 1.28119 1.24566 1.31845
0.298899 1.27333 1.23801 1.31041
0.300969 1.2654 1.23028 1.30229
0.303053 1.25739 1.22247 1.2941
0.305151 1.2493 1.2146 1.28583
0.307265 1.24115 1.20665 1.27748
0.309392 1.23293 1.19863 1.26906
0.311535 1.22463 1.19054 1.26058
0.313692 1.21627 1.18239 1.25202
0.315864 1.20784 1.17417 1.24339
0.318052 1.19935 1.16588 1.23469
0.320254 1.1908 1.15752 1.22591
0.322472 1.18218 1.14911 1.21706
0.324705 1.17347 1.1406 1.20811
0.326953 1.16467 1.13201 1.19905
0.329217 1.15579 1.12333 1.1899
0.331497 1.14682 1.11457 1.18065
0.333792 1.13777 1.10573 1.17132
0.336104 1.12864 1.09681 1.1619
0.338431 1.11944 1.08782 1.15241
0.340775 1.11016 1.07876 1.14284
0.343135 1.10082 1.06963 1.1332
0.345511 1.09141 1.06042 1.12349
0.347903 1.08194 1.05116 1.11373
0.350312 1.07241 1.04183 1.10391
0.352738 1.06283 1.03246 1.09404
0.355181 1.05319 1.02303 1.08411
0.35764 1.0435 1.01356 1.07413
0.360117 1.03376 1.00404 1.06411
0.362611 1.02399 0.994478 1.05405
0.365122 1.01417 0.984881 1.04395
0.36765 1.00431 0.975249 1.03381
0.370196 0.994393 0.965563 1.02361
0.372759 0.984391 0.955796 1.01333
0.375341 0.974309 0.945955 1.00296
0.37794 0.964153 0.936044 0.992511
0.380557 0.953927 0.926068 0.981993
0.383192 0.943638 0.916031 0.971409
0.385846 0.93329 0.905938 0.960766
0.388518 0.922889 0.895795 0.95007
0.391208 0.912441 0.885606 0.939328
0.393917 0.90195 0.875375 0.928544
0.396645 0.891423 0.865109 0.917726
0.399391 0.880865 0.854811 0.906878
0.402157 0.87028 0.844488 0.896008
0.404942 0.859676 0.834144 0.88512
0.407746 0.849056 0.823783 0.874223
0.410569 0.838427 0.813413 0.86333
0.413413 0.827793 0.803037 0.852444
0.416275 0.817161 0.79266 0.841564
0.419158 0.806524 0.782278 0.830681
0.42206 0.79583 0.771843 0.819743
0.424983 0.785081 0.761356 0.808749
0.427926 0.774283 0.750822 0.797727
0.430889 0.763443 0.740249 0.78667
0.433873 0.752569 0.72964 0.775579
0.436877 0.741668 0.719002 0.764461
0.439903 0.730746 0.708344 0.753325
0.442949 0.719811 0.697674 0.74218
0.446016 0.708871 0.686998 0.731035
0.449105 0.697933 0.676323 0.719898
0.452215 0.687003 0.665656 0.708776
0.455346 0.676089 0.655003 0.697673
0.458499 0.665198 0.644372 0.686596
0.461674 0.654337 0.633769 0.675551
0.464871 0.643514 0.623201 0.664546
0.46809 0.632735 0.612675 0.653587
0.471332 0.622008 0.602197 0.642684
0.474596 0.611284 0.591723 0.63179
0.477882 0.600544 0.581235 0.620879
0.481191 0.589795 0.57074 0.609957
0.484523 0.579046 0.560244 0.599035
0.487879 0.568303 0.549756 0.58812
0.491257 0.557574 0.539282 0.577219
0.494659 0.546869 0.52883 0.566342
0.498084 0.536193 0.518407 0.555495
0.501533 0.525556 0.508021 0.544687
0.505006 0.514964 0.497678 0.533927
0.508503 0.504427 0.487386 0.523221
0.512024 0.493951 0.477152 0.512577
0.51557 0.483544 0.466985 0.502003
0.51914 0.473215 0.456891 0.491506
0.522735 0.462971 0.446878 0.481094
0.526355 0.452819 0.436954 0.470775
0.53 0.442748 0.427107 0.460533
0.53367 0.432711 0.417297 0.450324
0.537365 0.422714 0.407528 0.44015
0.541087 0.412763 0.397805 0.430019
0.544833 0.402866 0.388137 0.419939
0.548606 0.393029 0.378508 0.409917
0.552405 0.383259 0.368936 0.399961
0.55623 0.373563 0.359438 0.390078
0.560082 0.363949 0.350022 0.380274
0.563961 0.354423 0.340693 0.370556
0.567866 0.344993 0.331458 0.360932
0.571798 0.335664 0.322325 0.351409
0.575758 0.326445 0.313301 0.341999
0.579745 0.317343 0.304391 0.332703
0.583759 0.308364 0.295604 0.323528
0.587802 0.299514 0.286945 0.31448
0.591872 0.290764 0.278388 0.305527
0.595971 0.282101 0.269923 0.296654
0.600097 0.273531 0.261552 0.287868
0.604253 0.265058 0.253282 0.279174
0.608437 0.256688 0.245113 0.270577
0.61265 0.248424 0.237041 0.262082
0.616893 0.240272 0.22908 0.253695
0.621165 0.232237 0.221224 0.245422
0.625466 0.224323 0.213484 0.237267
0.629797 0.216535 0.20587 0.229236
0.634158 0.208878 0.198388 0.221334
0.63855 0.201357 0.191042 0.213567
0.642972 0.193977 0.183837 0.20594
0.647424 0.186742 0.176777 0.198458
0.651907 0.179654 0.169862 0.191122
0.656422 0.172697 0.163084 0.18391
0.660967 0.16587 0.156441 0.176823
0.665544 0.159176 0.149934 0.169864
0.670153 0.152616 0.143565 0.163035
0.674793 0.146192 0.137334 0.15634
0.679466 0.139906 0.131243 0.149782
0.684171 0.13376 0.125293 0.143364
0.688909 0.127756 0.119485 0.137088
0.693679 0.121896 0.11382 0.130958
0.698483 0.116182 0.108299 0.124977
0.70332 0.110616 0.102925 0.119147
0.70819 0.105199 0.0976975 0.113471
0.713094 0.0999342 0.0926191 0.107956
0.718032 0.0948258 0.0876955 0.102611
0.723004 0.0898836 0.0829415 0.0974296
0.728011 0.0851051 0.0783541 0.0924107
0.733052 0.0804865 0.0739288 0.0875514
0.738128 0.0760242 0.0696606 0.0828494
0.74324 0.0717145 0.0655446 0.0783022
0.748386 0.0675536 0.0615762 0.0739073
0.753569 0.063538 0.0577507 0.0696618
0.758787 0.059664 0.0540638 0.0655632
0.764041 0.0559278 0.0505111 0.0616086
0.769332 0.0523257 0.0470885 0.0577949
0.77466 0.0488542 0.043792 0.0541189
0.780024 0.0455095 0.0406178 0.0505771
0.785425 0.0422961 0.0375703 0.0471737
0.790864 0.0392579 0.0346972 0.0439486
0.796341 0.0363931 0.0319971 0.0408995
0.801855 0.0336911 0.0294588 0.0380158
0.807408 0.0311411 0.0270721 0.0352867
0.812999 0.0287324 0.0248266 0.0327019
0.818629 0.0264544 0.0227115 0.0302514
0.824297 0.0242964 0.0207155 0.0279237
0.830005 0.0222477 0.0188274 0.0257091
0.835753 0.0202976 0.0170363 0.0235953
0.84154 0.0184354 0.0153312 0.0215714
0.847368 0.0166504 0.0137013 0.0196266
0.853236 0.014932 0.0121357 0.0177498
0.859144 0.0133151 0.0106765 0.0159702
0.865093 0.0118294 0.00935843 0.0143139
0.871084 0.0104665 0.00817073 0.0127741
0.877116 0.00921741 0.00710234 0.0113443
0.88319 0.00807358 0.006142 0.0100182
0.889305 0.00702626 0.00527828 0.00878934
0.895464 0.00606675 0.00449963 0.00765165
0.901664 0.00518633 0.00379442 0.00659899
0.907908 0.00437631 0.00315092 0.00562529
0.914195 0.00362797 0.00255736 0.00472451
0.920526 0.0029326 0.00200194 0.0038906
0.9269 0.00228427 0.00147563 0.00312018
0.933319 0.00174731 0.00104428 0.00247662
0.939782 0.00133683 0.000726513 0.00197191
0.946289 0.00103263 0.000504589 0.00158344
0.952842 0.0008145 0.000360582 0.00128879
0.95944 0.000662227 0.000276376 0.00106575
0.966084 0.000555609 0.000233694 0.000892273
0.972774 0.000474439 0.00021415 0.000746431
0.97951 0.00039851 0.000199325 0.000606329
0.986293 0.000307615 0.000170838 0.00045003
0.993123 0.000181547 0.000110407 0.000255496
