0.001 1.21401 0.931757 1.69045
0.00100692 1.21261 0.930744 1.68833
0.0010139 1.21121 0.929736 1.68622
0.00102092 1.20982 0.928733 1.68411
0.00102799 1.20844 0.927736 1.68201
0.00103511 1.20706 0.926744 1.67991
0.00104227 1.20569 0.925759 1.67782
0.00104949 1.20433 0.924778 1.67574
0.00105676 1.20297 0.923803 1.67366
0.00106408 1.20161 0.922834 1.67159
0.00107145 1.20027 0.921871 1.66952
0.00107886 1.19892 0.920913 1.66746
0.00108634 1.19759 0.919961 1.66541
0.00109386 1.19626 0.919014 1.66336
0.00110143 1.19493 0.918072 1.66132
0.00110906 1.19362 0.917135 1.65929
0.00111674 1.1923 0.916204 1.65726
0.00112447 1.191 0.915278 1.65523
0.00113226 1.18969 0.914357 1.65322
0.0011401 1.1884 0.913442 1.6512
0.001148 1.18711 0.912532 1.6492
0.00115594 1.18583 0.911627 1.6472
0.00116395 1.18455 0.910728 1.6452
0.00117201 1.18327 0.909834 1.64322
0.00118013 1.18201 0.908946 1.64124
0.0011883 1.18075 0.908063 1.63926
0.00119653 1.17949 0.907186 1.63729
0.00120481 1.17824 0.906314 1.63532
0.00121315 1.177 0.905448 1.63337
0.00122156 1.17576 0.904587 1.63141
0.00123001 1.17453 0.903732 1.62947
0.00123853 1.17331 0.902882 1.62753
0.00124711 1.17209 0.902038 1.62559
0.00125574 1.17087 0.901199 1.62366
0.00126444 1.16967 0.900366 1.62174
0.0012732 1.16846 0.899539 1.61982
0.00128201 1.16727 0.898717 1.61791
0.00129089 1.16608 0.897901 1.616
0.00129983 1.1649 0.89709 1.6141
0.00130883 1.16372 0.896285 1.61221
0.00131789 1.16255 0.895486 1.61032
0.00132702 1.16138 0.894693 1.60843
0.00133621 1.16022 0.893906 1.60655
0.00134546 1.15907 0.893124 1.60468
0.00135478 1.15792 0.892348 1.60281
0.00136416 1.15678 0.891577 1.60095
0.00137361 1.15564 0.890811 1.5991
0.00138312 1.15451 0.890051 1.59725
0.0013927 1.15339 0.889295 1.5954
0.00140234 1.15227 0.888546 1.59356
0.00141205 1.15116 0.887802 1.59173
0.00142183 1.15005 0.887063 1.58991
0.00143167 1.14895 0.88633 1.58809
0.00144159 1.14785 0.885602 1.58627
0.00145157 1.14676 0.884881 1.58446
0.00146162 1.14568 0.884165 1.58266
0.00147174 1.1446 0.883454 1.58086
0.00148194 1.14353 0.88275 1.57907
0.0014922 1.14247 0.882051 1.57728
0.00150253 1.14141 0.881358 1.5755
0.00151293 1.14035 0.880671 1.57373
0.00152341 1.13931 0.87999 1.57196
0.00153396 1.13827 0.879316 1.57019
0.00154458 1.13723 0.878647 1.56844
0.00155528 1.1362 0.877984 1.56669
0.00156605 1.13518 0.877328 1.56494
0.00157689 1.13416 0.876678 1.5632
0.00158781 1.13316 0.876034 1.56147
0.00159881 1.13215 0.875396 1.55974
0.00160988 1.13116 0.874765 1.55801
0.00162103 1.13017 0.87414 1.5563
0.00163225 1.12918 0.873522 1.55459
0.00164355 1.12821 0.87291 1.55288
0.00165494 1.12724 0.872305 1.55118
0.0016664 1.12627 0.871707 1.54949
0.00167794 1.12532 0.871115 1.5478
0.00168955 1.12437 0.87053 1.54612
0.00170125 1.12343 0.869952 1.54444
0.00171303 1.12249 0.869379 1.54277
0.0017249 1.12156 0.868813 1.5411
0.00173684 1.12063 0.868252 1.53944
0.00174887 1.11971 0.867698 1.53779
0.00176098 1.1188 0.86715 1.53614
0.00177317 1.1179 0.866608 1.53449
0.00178545 1.117 0.866072 1.53285
0.00179782 1.11611 0.865542 1.53122
0.00181027 1.11522 0.865018 1.52959
0.0018228 1.11434 0.864501 1.52797
0.00183542 1.11346 0.863989 1.52635
0.00184813 1.1126 0.863484 1.52474
0.00186093 1.11174 0.862985 1.52314
0.00187382 1.11088 0.862492 1.52154
0.00188679 1.11003 0.862006 1.51995
0.00189986 1.10919 0.861525 1.51836
0.00191301 1.10836 0.861051 1.51678
0.00192626 1.10753 0.860583 1.51521
0.0019396 1.10671 0.860122 1.51364
0.00195303 1.10589 0.859666 1.51208
0.00196656 1.10508 0.859217 1.51053
0.00198017 1.10428 0.858775 1.50898
0.00199389 1.10348 0.858338 1.50744
0.00200769 1.10269 0.857904 1.5059
0.0020216 1.10191 0.857476 1.50438
0.00203559 1.10113 0.857055 1.50285
0.00204969 1.10037 0.85664 1.50134
0.00206388 1.0996 0.856231 1.49983
0.00207818 1.09885 0.855829 1.49833
0.00209257 1.0981 0.855434 1.49683
0.00210706 1.09735 0.855045 1.49534
0.00212165 1.09662 0.854662 1.49387
0.00213634 1.09589 0.854286 1.49241
0.00215113 1.09517 0.853916 1.49095
0.00216603 1.09445 0.853552 1.4895
0.00218103 1.09374 0.853193 1.48805
0.00219613 1.09304 0.852841 1.48661
0.00221134 1.09234 0.852496 1.48518
0.00222665 1.09165 0.852156 1.48375
0.00224207 1.09097 0.851822 1.48233
0.0022576 1.09029 0.851495 1.48092
0.00227323 1.08962 0.851174 1.47951
0.00228897 1.08896 0.850859 1.47811
0.00230482 1.0883 0.85055 1.47672
0.00232078 1.08765 0.850248 1.47533
0.00233685 1.08701 0.849952 1.47395
0.00235303 1.08637 0.849663 1.47257
0.00236933 1.08574 0.84938 1.4712
0.00238574 1.08511 0.849103 1.46984
0.00240226 1.0845 0.848833 1.46848
0.00241889 1.08388 0.84857 1.46713
0.00243564 1.08328 0.848313 1.46579
0.00245251 1.08268 0.848062 1.46445
0.00246949 1.08209 0.847818 1.46312
0.00248659 1.08151 0.847581 1.46179
0.00250381 1.08093 0.847351 1.46047
0.00252115 1.08036 0.847127 1.45916
0.00253861 1.07979 0.84691 1.45785
0.00255619 1.07923 0.8467 1.45655
0.00257389 1.07868 0.846497 1.45525
0.00259171 1.07814 0.846301 1.45396
0.00260966 1.0776 0.846112 1.45268
0.00262773 1.07707 0.84593 1.4514
0.00264592 1.07654 0.845755 1.45013
0.00266425 1.07602 0.845587 1.44886
0.0026827 1.07551 0.845425 1.4476
0.00270127 1.07501 0.845271 1.44635
0.00271998 1.07451 0.845124 1.4451
0.00273881 1.07402 0.844983 1.44386
0.00275778 1.07353 0.844849 1.44263
0.00277688 1.07305 0.844722 1.4414
0.0027961 1.07258 0.844602 1.44018
0.00281547 1.07211 0.844489 1.43896
0.00283496 1.07166 0.844382 1.43776
0.00285459 1.0712 0.844281 1.43655
0.00287436 1.07076 0.844187 1.43536
0.00289427 1.07032 0.8441 1.43417
0.00291431 1.06989 0.844019 1.43298
0.00293449 1.06946 0.843944 1.4318
0.00295481 1.06904 0.843876 1.43063
0.00297527 1.06863 0.843814 1.42947
0.00299587 1.06822 0.843759 1.42831
0.00301662 1.06782 0.84371 1.42716
0.00303751 1.06743 0.843667 1.42601
0.00305854 1.06704 0.84363 1.42487
0.00307972 1.06666 0.8436 1.42374
0.00310105 1.06629 0.843576 1.42261
0.00312252 1.06593 0.843558 1.42149
0.00314414 1.06557 0.843547 1.42038
0.00316592 1.06521 0.843542 1.41927
0.00318784 1.06487 0.843543 1.41817
0.00320991 1.06453 0.84355 1.41707
0.00323214 1.0642 0.843564 1.41599
0.00325452 1.06387 0.843583 1.4149
0.00327706 1.06355 0.843609 1.41383
0.00329975 1.06324 0.843641 1.41276
0.0033226 1.06293 0.84368 1.4117
0.00334561 1.06263 0.843724 1.41064
0.00336878 1.06234 0.843775 1.40959
0.00339211 1.06206 0.843833 1.40855
0.0034156 1.06178 0.84389 1.40751
0.00343925 1.06151 0.843949 1.40648
0.00346306 1.06124 0.844014 1.40545
0.00348704 1.06098 0.844085 1.40443
0.00351119 1.06073 0.844163 1.40342
0.00353551 1.06049 0.844247 1.40242
0.00355999 1.06025 0.844337 1.40142
0.00358464 1.06002 0.844433 1.40043
0.00360946 1.05979 0.844536 1.39944
0.00363446 1.05957 0.844645 1.39846
0.00365962 1.05936 0.84476 1.39749
0.00368497 1.05916 0.844882 1.39652
0.00371048 1.05896 0.84501 1.39556
0.00373618 1.05877 0.845144 1.39461
0.00376205 1.05858 0.845284 1.39366
0.0037881 1.0584 0.845431 1.39272
0.00381433 1.05823 0.845584 1.39179
0.00384075 1.05807 0.845744 1.39086
0.00386734 1.05791 0.845909 1.38994
0.00389412 1.05776 0.846081 1.38903
0.00392109 1.05761 0.84626 1.38812
0.00394824 1.05747 0.846444 1.38722
0.00397558 1.05734 0.846636 1.38633
0.00400311 1.05721 0.846833 1.38546
0.00403083 1.05709 0.847037 1.38459
0.00405874 1.05698 0.847247 1.38372
0.00408685 1.05687 0.847464 1.38287
0.00411515 1.05677 0.847687 1.38201
0.00414365 1.05667 0.847917 1.38117
0.00417234 1.05659 0.848153 1.38033
0.00420123 1.0565 0.848395 1.3795
0.00423032 1.05643 0.848644 1.37867
0.00425962 1.05636 0.848899 1.37786
0.00428911 1.0563 0.849161 1.37704
0.00431882 1.05624 0.84943 1.37624
0.00434872 1.0562 0.849704 1.37544
0.00437884 1.05615 0.849985 1.37465
0.00440916 1.05612 0.850273 1.37386
0.00443969 1.05609 0.850566 1.37308
0.00447043 1.05607 0.850866 1.37231
0.00450139 1.05605 0.851173 1.37154
0.00453256 1.05604 0.851486 1.37078
0.00456395 1.05604 0.851804 1.37003
0.00459555 1.05604 0.85213 1.36928
0.00462737 1.05605 0.852461 1.36854
0.00465942 1.05607 0.852799 1.3678
0.00469168 1.05609 0.853143 1.36708
0.00472417 1.05612 0.853493 1.36635
0.00475689 1.05616 0.853849 1.36564
0.00478983 1.0562 0.854212 1.36493
0.00482299 1.05625 0.85458 1.36423
0.00485639 1.0563 0.854954 1.36353
0.00489002 1.05637 0.855333 1.36284
0.00492388 1.05643 0.855718 1.36216
0.00495798 1.05651 0.856108 1.36149
0.00499231 1.05659 0.856504 1.36082
0.00502688 1.05667 0.856907 1.36015
0.00506169 1.05677 0.857314 1.35949
0.00509674 1.05687 0.857728 1.35884
0.00513204 1.05697 0.858147 1.3582
0.00516757 1.05708 0.858572 1.35756
0.00520336 1.0572 0.859003 1.35693
0.00523939 1.05733 0.859439 1.35631
0.00527567 1.05746 0.859882 1.35569
0.0053122 1.0576 0.86033 1.35508
0.00534899 1.05774 0.860784 1.35447
0.00538603 1.05789 0.861244 1.35387
0.00542333 1.05805 0.86171 1.35328
0.00546088 1.05821 0.862182 1.3527
0.0054987 1.05839 0.86266 1.35212
0.00553677 1.05856 0.863143 1.35155
0.00557511 1.05875 0.863632 1.35098
0.00561372 1.05894 0.864127 1.35043
0.00565259 1.05913 0.864628 1.34987
0.00569174 1.05934 0.865134 1.34933
0.00573115 1.05954 0.865646 1.34879
0.00577084 1.05976 0.866164 1.34826
0.0058108 1.05998 0.866687 1.34774
0.00585104 1.06021 0.867208 1.34722
0.00589155 1.06044 0.867733 1.34671
0.00593235 1.06068 0.868263 1.34621
0.00597343 1.06093 0.868799 1.34571
0.00601479 1.06118 0.869341 1.34522
0.00605645 1.06144 0.869888 1.34473
0.00609838 1.06171 0.870441 1.34426
0.00614061 1.06198 0.870999 1.34378
0.00618314 1.06226 0.871563 1.34332
0.00622595 1.06254 0.872133 1.34286
0.00626907 1.06283 0.872708 1.34241
0.00631248 1.06312 0.873266 1.34197
0.00635619 1.06342 0.873829 1.34153
0.0064002 1.06373 0.874398 1.3411
0.00644452 1.06404 0.874974 1.34068
0.00648915 1.06436 0.875555 1.34026
0.00653409 1.06469 0.876143 1.33985
0.00657933 1.06502 0.876736 1.33945
0.00662489 1.06535 0.877337 1.33905
0.00667077 1.0657 0.877943 1.33866
0.00671696 1.06605 0.878556 1.33828
0.00676347 1.0664 0.879175 1.3379
0.00681031 1.06676 0.8798 1.33753
0.00685747 1.06713 0.880431 1.33717
0.00690495 1.0675 0.881068 1.33681
0.00695277 1.06788 0.881711 1.33646
0.00700092 1.06827 0.88236 1.33612
0.0070494 1.06866 0.883016 1.33578
0.00709821 1.06906 0.883677 1.33546
0.00714736 1.06946 0.884345 1.33514
0.00719686 1.06988 0.885019 1.33482
0.00724669 1.07029 0.885698 1.33451
0.00729687 1.07071 0.886384 1.33421
0.0073474 1.07114 0.887075 1.33392
0.00739828 1.07158 0.887773 1.33363
0.00744951 1.07202 0.888476 1.33336
0.0075011 1.07247 0.889185 1.33308
0.00755304 1.07292 0.8899 1.33282
0.00760534 1.07338 0.89062 1.33256
0.00765801 1.07384 0.891346 1.33231
0.00771104 1.07431 0.892078 1.33206
0.00776444 1.07479 0.892815 1.33182
0.0078182 1.07527 0.893559 1.33159
0.00787234 1.07576 0.894307 1.33137
0.00792685 1.07626 0.895061 1.33115
0.00798175 1.07676 0.895821 1.33094
0.00803702 1.07726 0.896586 1.33074
0.00809267 1.07778 0.897357 1.33054
0.00814871 1.07829 0.898133 1.33035
0.00820514 1.07882 0.898915 1.33017
0.00826196 1.07935 0.899703 1.32999
0.00831917 1.07989 0.900496 1.32982
0.00837678 1.08043 0.901295 1.32966
0.00843478 1.08098 0.9021 1.3295
0.00849319 1.08154 0.902911 1.32936
0.008552 1.0821 0.903728 1.32921
0.00861122 1.08267 0.904551 1.32908
0.00867086 1.08324 0.905379 1.32895
0.0087309 1.08382 0.906214 1.32883
0.00879136 1.08441 0.907054 1.32872
0.00885224 1.085 0.907899 1.32861
0.00891353 1.0856 0.90875 1.32851
0.00897526 1.0862 0.909607 1.32842
0.00903741 1.08681 0.910469 1.32833
0.00909999 1.08743 0.911336 1.32825
0.00916301 1.08805 0.912209 1.32818
0.00922646 1.08868 0.913088 1.32811
0.00929035 1.08931 0.913972 1.32805
0.00935468 1.08995 0.914862 1.328
0.00941946 1.0906 0.915758 1.32796
0.00948469 1.09125 0.916659 1.32792
0.00955037 1.09191 0.917566 1.32789
0.0096165 1.09257 0.918478 1.32787
0.00968309 1.09324 0.919396 1.32787
0.00975014 1.09391 0.920321 1.3279
0.00981766 1.09459 0.92125 1.32795
0.00988564 1.09528 0.922186 1.328
0.0099541 1.09597 0.923128 1.32805
0.010023 1.09667 0.924075 1.32811
0.0100924 1.09737 0.925029 1.32818
0.0101623 1.09808 0.925988 1.32826
0.0102327 1.0988 0.926954 1.32834
0.0103036 1.09952 0.927926 1.32844
0.0103749 1.10025 0.928904 1.32853
0.0104467 1.10098 0.929888 1.32864
0.0105191 1.10172 0.930878 1.32875
0.0105919 1.10246 0.931874 1.32887
0.0106653 1.10321 0.932876 1.329
0.0107391 1.10396 0.933885 1.32914
0.0108135 1.10472 0.934899 1.32928
0.0108884 1.10549 0.935918 1.32943
0.0109638 1.10626 0.936944 1.32959
0.0110397 1.10704 0.937975 1.32975
0.0111161 1.10783 0.939012 1.32992
0.0111931 1.10862 0.940055 1.3301
0.0112706 1.10941 0.941103 1.33029
0.0113487 1.11022 0.942156 1.33049
0.0114273 1.11102 0.943215 1.33069
0.0115064 1.11184 0.94428 1.33091
0.0115861 1.11266 0.94535 1.33113
0.0116663 1.11348 0.946426 1.33135
0.0117471 1.11432 0.947506 1.33159
0.0118284 1.11516 0.948593 1.33183
0.0119103 1.116 0.949684 1.33208
0.0119928 1.11685 0.950781 1.33234
0.0120759 1.11771 0.951883 1.3326
0.0121595 1.11857 0.95299 1.33287
0.0122437 1.11944 0.954103 1.33315
0.0123285 1.12031 0.95522 1.33343
0.0124138 1.12119 0.956343 1.33373
0.0124998 1.12208 0.957471 1.33402
0.0125864 1.12297 0.958604 1.33433
0.0126735 1.12387 0.959743 1.33464
0.0127613 1.12478 0.960887 1.33496
0.0128496 1.12569 0.962036 1.33529
0.0129386 1.12661 0.963191 1.33563
0.0130282 1.12753 0.964351 1.33597
0.0131184 1.12846 0.965517 1.33632
0.0132093 1.1294 0.966688 1.33668
0.0133007 1.13034 0.967865 1.33704
0.0133929 1.13129 0.969048 1.33741
0.0134856 1.13224 0.970236 1.33779
0.013579 1.1332 0.971429 1.33818
0.013673 1.13417 0.972629 1.33858
0.0137677 1.13515 0.973833 1.33898
0.013863 1.13612 0.975043 1.33939
0.013959 1.13711 0.976258 1.33981
0.0140557 1.1381 0.977478 1.34023
0.014153 1.1391 0.978703 1.34067
0.014251 1.1401 0.979933 1.34111
0.0143497 1.14111 0.981168 1.34155
0.0144491 1.14213 0.982408 1.34201
0.0145491 1.14315 0.983653 1.34247
0.0146499 1.14417 0.984904 1.34294
0.0147513 1.14521 0.986159 1.34342
0.0148535 1.14624 0.98742 1.3439
0.0149563 1.14729 0.988686 1.34439
0.0150599 1.14834 0.989957 1.34489
0.0151642 1.14939 0.991234 1.34539
0.0152692 1.15045 0.992517 1.34591
0.0153749 1.15152 0.993804 1.34643
0.0154814 1.15259 0.995098 1.34695
0.0155886 1.15367 0.996397 1.34748
0.0156965 1.15475 0.997701 1.34803
0.0158052 1.15584 0.999011 1.34857
0.0159147 1.15693 1.00033 1.34913
0.0160249 1.15803 1.00165 1.34969
0.0161359 1.15914 1.00298 1.35026
0.0162476 1.16025 1.00431 1.35084
0.0163601 1.16137 1.00565 1.35142
0.0164734 1.16249 1.007 1.35201
0.0165875 1.16362 1.00835 1.35261
0.0167023 1.16475 1.0097 1.35322
0.016818 1.16589 1.01107 1.35384
0.0169345 1.16704 1.01244 1.35446
0.0170517 1.16819 1.01381 1.35509
0.0171698 1.16935 1.01519 1.35572
0.0172887 1.17051 1.01657 1.35637
0.0174084 1.17168 1.01797 1.35703
0.017529 1.17286 1.01936 1.35769
0.0176503 1.17404 1.02076 1.35837
0.0177726 1.17522 1.02217 1.35905
0.0178956 1.17642 1.02358 1.35973
0.0180196 1.17761 1.025 1.36043
0.0181443 1.17882 1.02643 1.36113
0.01827 1.18003 1.02786 1.36184
0.0183965 1.18124 1.02929 1.36255
0.0185239 1.18246 1.03073 1.36327
0.0186522 1.18369 1.03218 1.364
0.0187813 1.18492 1.03363 1.36474
0.0189114 1.18616 1.03508 1.36549
0.0190423 1.18741 1.03654 1.36624
0.0191742 1.18866 1.03801 1.367
0.019307 1.18991 1.03948 1.36777
0.0194407 1.19117 1.04096 1.36854
0.0195753 1.19244 1.04244 1.36932
0.0197108 1.19371 1.04393 1.37011
0.0198473 1.19499 1.04542 1.3709
0.0199848 1.19628 1.04691 1.3717
0.0201232 1.19757 1.04841 1.37251
0.0202625 1.19887 1.04992 1.37333
0.0204028 1.20017 1.05143 1.37415
0.0205441 1.20148 1.05295 1.37498
0.0206864 1.2028 1.05447 1.37582
0.0208296 1.20412 1.056 1.37666
0.0209739 1.20545 1.05753 1.37752
0.0211191 1.20678 1.05907 1.37838
0.0212653 1.20812 1.06062 1.37924
0.0214126 1.20947 1.06217 1.38012
0.0215609 1.21082 1.06373 1.381
0.0217102 1.21217 1.06529 1.38188
0.0218605 1.21354 1.06686 1.38278
0.0220119 1.2149 1.06843 1.38367
0.0221643 1.21628 1.07001 1.38458
0.0223178 1.21766 1.07159 1.38549
0.0224723 1.21904 1.07318 1.38641
0.022628 1.22043 1.07477 1.38733
0.0227846 1.22183 1.07637 1.38826
0.0229424 1.22323 1.07797 1.38919
0.0231013 1.22463 1.07958 1.39013
0.0232613 1.22604 1.08119 1.39108
0.0234223 1.22746 1.08281 1.39203
0.0235845 1.22888 1.08443 1.39298
0.0237479 1.2303 1.08606 1.39394
0.0239123 1.23173 1.08769 1.39491
0.0240779 1.23317 1.08933 1.39587
0.0242446 1.23461 1.09097 1.39685
0.0244125 1.23605 1.09261 1.39783
0.0245816 1.2375 1.09426 1.39882
0.0247518 1.23896 1.09592 1.39982
0.0249232 1.24042 1.09758 1.40082
0.0250958 1.24189 1.09924 1.40182
0.0252695 1.24337 1.1009 1.40283
0.0254445 1.24485 1.10256 1.40385
0.0256207 1.24634 1.10423 1.40487
0.0257981 1.24783 1.10591 1.4059
0.0259768 1.24933 1.10758 1.40693
0.0261567 1.25084 1.10927 1.40797
0.0263378 1.25235 1.11096 1.40901
0.0265202 1.25386 1.11265 1.41006
0.0267038 1.25539 1.11435 1.41111
0.0268887 1.25691 1.11605 1.41216
0.0270749 1.25844 1.11776 1.41323
0.0272624 1.25998 1.11947 1.41429
0.0274512 1.26152 1.12118 1.41536
0.0276413 1.26306 1.1229 1.41644
0.0278327 1.26461 1.12463 1.41752
0.0280254 1.26616 1.12635 1.41861
0.0282195 1.26772 1.12808 1.4197
0.0284149 1.26927 1.12981 1.42079
0.0286117 1.27084 1.13155 1.42189
0.0288098 1.2724 1.13329 1.42299
0.0290093 1.27397 1.13503 1.4241
0.0292102 1.27554 1.13677 1.42521
0.0294125 1.27711 1.13851 1.42633
0.0296161 1.27869 1.14026 1.42745
0.0298212 1.28026 1.14201 1.42857
0.0300277 1.28184 1.14377 1.4297
0.0302357 1.28342 1.14552 1.43083
0.030445 1.28501 1.14728 1.43197
0.0306559 1.2866 1.14905 1.43311
0.0308681 1.28819 1.15082 1.43426
0.0310819 1.28979 1.1526 1.43542
0.0312971 1.2914 1.15438 1.43659
0.0315139 1.29301 1.15617 1.43776
0.0317321 1.29462 1.15796 1.43894
0.0319518 1.29624 1.15976 1.44012
0.0321731 1.29786 1.16156 1.44131
0.0323959 1.29949 1.16337 1.44251
0.0326202 1.30112 1.16518 1.44371
0.0328461 1.30275 1.16699 1.44491
0.0330735 1.30439 1.16881 1.44612
0.0333026 1.30603 1.17063 1.44733
0.0335332 1.30767 1.17245 1.44854
0.0337654 1.30931 1.17427 1.44976
0.0339992 1.31096 1.1761 1.45098
0.0342346 1.31261 1.17791 1.4522
0.0344717 1.31426 1.17972 1.45343
0.0347104 1.31591 1.18154 1.45465
0.0349508 1.31757 1.18335 1.45588
0.0351928 1.31922 1.18516 1.4571
0.0354365 1.32087 1.18697 1.45833
0.0356819 1.32253 1.18878 1.45956
0.035929 1.32418 1.1906 1.46078
0.0361778 1.32584 1.19241 1.46201
0.0364283 1.32749 1.19422 1.46323
0.0366805 1.32915 1.19603 1.46446
0.0369345 1.3308 1.19784 1.46568
0.0371903 1.33245 1.19964 1.4669
0.0374478 1.3341 1.20145 1.46811
0.0377071 1.33576 1.20326 1.46933
0.0379682 1.33741 1.20507 1.47055
0.0382312 1.33908 1.20687 1.47178
0.0384959 1.34074 1.20868 1.47301
0.0387625 1.34242 1.21049 1.47424
0.0390309 1.34409 1.21231 1.47549
0.0393012 1.34577 1.21412 1.47673
0.0395733 1.34745 1.21593 1.47798
0.0398474 1.34913 1.21773 1.47923
0.0401233 1.35082 1.21954 1.48048
0.0404011 1.3525 1.22135 1.48174
0.0406809 1.35419 1.22316 1.483
0.0409626 1.35587 1.22498 1.48427
0.0412463 1.35756 1.22679 1.48553
0.0415319 1.35924 1.2286 1.48679
0.0418195 1.36093 1.23041 1.48805
0.0421091 1.36261 1.23222 1.48931
0.0424007 1.36429 1.23403 1.49056
0.0426943 1.36596 1.23583 1.49181
0.0429899 1.36764 1.23764 1.49305
0.0432876 1.36931 1.23944 1.49429
0.0435874 1.37097 1.24124 1.49553
0.0438892 1.37263 1.24303 1.49675
0.0441931 1.37428 1.24482 1.49797
0.0444991 1.37593 1.24661 1.49919
0.0448073 1.37757 1.24839 1.50039
0.0451176 1.37921 1.25016 1.50159
0.04543 1.38084 1.25193 1.50278
0.0457446 1.38246 1.2537 1.50396
0.0460614 1.38407 1.25545 1.50513
0.0463803 1.38567 1.2572 1.50628
0.0467015 1.38728 1.25896 1.50744
0.0470249 1.38889 1.26072 1.5086
0.0473505 1.39051 1.26248 1.50976
0.0476784 1.39212 1.26425 1.51092
0.0480086 1.39374 1.26601 1.51208
0.048341 1.39536 1.26778 1.51323
0.0486758 1.39697 1.26955 1.51438
0.0490128 1.39859 1.27131 1.51553
0.0493522 1.4002 1.27308 1.51668
0.049694 1.4018 1.27484 1.51783
0.0500381 1.40341 1.27659 1.51897
0.0503846 1.405 1.27834 1.52011
0.0507335 1.40659 1.28009 1.52123
0.0510848 1.40818 1.28183 1.52235
0.0514385 1.40975 1.28356 1.52346
0.0517947 1.41132 1.28529 1.52456
0.0521534 1.41287 1.28701 1.52565
0.0525146 1.41441 1.28871 1.52673
0.0528782 1.41595 1.29041 1.5278
0.0532444 1.41746 1.29209 1.52885
0.0536131 1.41897 1.29377 1.52989
0.0539843 1.42046 1.29543 1.53092
0.0543582 1.42193 1.29707 1.53193
0.0547346 1.42339 1.29871 1.53293
0.0551136 1.42482 1.30032 1.53391
0.0554952 1.42624 1.30192 1.53488
0.0558795 1.42764 1.3035 1.53582
0.0562665 1.42902 1.30506 1.53675
0.0566561 1.43038 1.3066 1.53766
0.0570484 1.43172 1.30813 1.53856
0.0574435 1.43306 1.30965 1.53945
0.0578413 1.43439 1.31117 1.54033
0.0582418 1.43571 1.31267 1.5412
0.0586451 1.43702 1.31417 1.54206
0.0590512 1.43832 1.31566 1.54292
0.0594601 1.43961 1.31714 1.54377
0.0598719 1.4409 1.31861 1.54461
0.0602865 1.44216 1.32007 1.54543
0.0607039 1.44342 1.32152 1.54625
0.0611243 1.44466 1.32296 1.54706
0.0615476 1.44589 1.32438 1.54785
0.0619738 1.4471 1.32579 1.54863
0.0624029 1.4483 1.32718 1.5494
0.062835 1.44948 1.32856 1.55015
0.0632701 1.45064 1.32992 1.55089
0.0637083 1.45178 1.33126 1.55161
0.0641494 1.4529 1.33259 1.55231
0.0645936 1.45401 1.3339 1.553
0.0650409 1.45509 1.33519 1.55367
0.0654913 1.45615 1.33646 1.55432
0.0659448 1.45718 1.33771 1.55496
0.0664015 1.45819 1.33894 1.55557
0.0668613 1.45918 1.34015 1.55616
0.0673243 1.46014 1.34134 1.55673
0.0677905 1.46107 1.3425 1.55728
0.0682599 1.46198 1.34364 1.5578
0.0687326 1.46286 1.34476 1.55831
0.0692086 1.46371 1.34586 1.55878
0.0696878 1.46453 1.34693 1.55923
0.0701704 1.46533 1.34799 1.55967
0.0706563 1.4661 1.34902 1.56008
0.0711456 1.46686 1.35004 1.56048
0.0716382 1.46759 1.35105 1.56087
0.0721343 1.46829 1.35203 1.56123
0.0726338 1.46898 1.353 1.56158
0.0731368 1.46964 1.35394 1.5619
0.0736432 1.47028 1.35487 1.56222
0.0741532 1.4709 1.35578 1.56252
0.0746667 1.47149 1.35667 1.5628
0.0751837 1.47207 1.35755 1.56306
0.0757044 1.47262 1.3584 1.5633
0.0762286 1.47314 1.35924 1.56352
0.0767565 1.47365 1.36005 1.56372
0.077288 1.47413 1.36085 1.56391
0.0778232 1.47459 1.36163 1.56407
0.0783621 1.47503 1.36239 1.56421
0.0789047 1.47545 1.36313 1.56434
0.0794511 1.47584 1.36384 1.56444
0.0800013 1.47621 1.36453 1.56453
0.0805553 1.47656 1.3652 1.5646
0.0811131 1.47689 1.36585 1.56465
0.0816748 1.47719 1.36649 1.56467
0.0822403 1.47748 1.36711 1.56468
0.0828098 1.47774 1.36771 1.56466
0.0833833 1.47798 1.36829 1.56462
0.0839607 1.47819 1.36885 1.56456
0.0845421 1.47839 1.3694 1.56448
0.0851275 1.47856 1.36992 1.56437
0.085717 1.47871 1.37043 1.56425
0.0863106 1.47883 1.37092 1.56409
0.0869082 1.47894 1.37139 1.56392
0.0875101 1.47902 1.37184 1.56373
0.088116 1.47908 1.37227 1.56351
0.0887262 1.47912 1.37268 1.56328
0.0893406 1.47913 1.37307 1.56302
0.0899593 1.47912 1.37345 1.56275
0.0905822 1.47909 1.3738 1.56245
0.0912095 1.47904 1.37413 1.56213
0.0918411 1.47896 1.37445 1.5618
0.092477 1.47886 1.37474 1.56145
0.0931174 1.47874 1.37502 1.56107
0.0937622 1.47859 1.37528 1.56068
0.0944115 1.47842 1.37551 1.56027
0.0950653 1.47822 1.37573 1.55984
0.0957236 1.47801 1.37594 1.55939
0.0963864 1.47777 1.37612 1.55892
0.0970539 1.4775 1.37629 1.55842
0.097726 1.47721 1.37644 1.55791
0.0984027 1.4769 1.37657 1.55737
0.0990841 1.47656 1.37668 1.55682
0.0997702 1.4762 1.37677 1.55624
0.100461 1.47582 1.37685 1.55563
0.101157 1.47541 1.37692 1.555
0.101857 1.47497 1.37697 1.55435
0.102563 1.47451 1.37701 1.55367
0.103273 1.47403 1.37704 1.55297
0.103988 1.47351 1.37705 1.55224
0.104708 1.47297 1.37706 1.55148
0.105433 1.4724 1.37707 1.55069
0.106163 1.47181 1.37706 1.54988
0.106898 1.47119 1.37704 1.54904
0.107639 1.47054 1.37701 1.54818
0.108384 1.46987 1.37697 1.54729
0.109134 1.46917 1.37691 1.54637
0.10989 1.46845 1.37684 1.54543
0.110651 1.4677 1.37676 1.54446
0.111417 1.46694 1.37665 1.54347
0.112189 1.46615 1.37653 1.54245
0.112966 1.46533 1.37639 1.54141
0.113748 1.4645 1.37623 1.54034
0.114536 1.46364 1.37604 1.53925
0.115329 1.46277 1.37584 1.53814
0.116127 1.46187 1.37561 1.537
0.116932 1.46095 1.37535 1.53583
0.117741 1.46001 1.37506 1.53465
0.118557 1.45906 1.37475 1.53344
0.119378 1.45808 1.37442 1.5322
0.120204 1.45709 1.37405 1.53094
0.121037 1.45608 1.37366 1.52966
0.121875 1.45505 1.37323 1.52835
0.122719 1.454 1.37277 1.52702
0.123569 1.45294 1.37229 1.52567
0.124424 1.45187 1.37179 1.52429
0.125286 1.45078 1.37127 1.52288
0.126153 1.44967 1.37073 1.52146
0.127027 1.44855 1.37016 1.52002
0.127907 1.44741 1.36958 1.51855
0.128792 1.44625 1.36898 1.51705
0.129684 1.44507 1.36835 1.51553
0.130582 1.44387 1.36771 1.51398
0.131486 1.44265 1.36703 1.51241
0.132397 1.44141 1.36634 1.5108
0.133314 1.44015 1.36561 1.50918
0.134237 1.43886 1.36487 1.50752
0.135167 1.43754 1.36409 1.50584
0.136103 1.4362 1.36329 1.50413
0.137045 1.43484 1.36245 1.50239
0.137994 1.43345 1.36159 1.50062
0.13895 1.43202 1.3607 1.49883
0.139912 1.43057 1.35978 1.49701
0.140881 1.42909 1.35882 1.49516
0.141856 1.42758 1.35784 1.49329
0.142838 1.42604 1.35682 1.49138
0.143828 1.42446 1.35576 1.48945
0.144824 1.42285 1.35468 1.48749
0.145826 1.4212 1.35355 1.4855
0.146836 1.41952 1.3524 1.48348
0.147853 1.41781 1.35121 1.48143
0.148877 1.41607 1.35001 1.47936
0.149908 1.41431 1.34878 1.47727
0.150946 1.41252 1.34752 1.47515
0.151991 1.4107 1.34625 1.47301
0.153044 1.40885 1.34494 1.47084
0.154103 1.40698 1.34361 1.46865
0.155171 1.40507 1.34225 1.46643
0.156245 1.40314 1.34086 1.46418
0.157327 1.40118 1.33944 1.4619
0.158416 1.39918 1.33798 1.45959
0.159513 1.39715 1.33649 1.45725
0.160618 1.3951 1.33496 1.45487
0.16173 1.393 1.33339 1.45247
0.16285 1.39088 1.33179 1.45003
0.163978 1.38872 1.33014 1.44755
0.165113 1.38653 1.32845 1.44504
0.166257 1.3843 1.32672 1.44249
0.167408 1.38204 1.32494 1.43991
0.168567 1.37974 1.32312 1.43728
0.169735 1.3774 1.32124 1.43462
0.17091 1.37503 1.31932 1.43192
0.172093 1.37261 1.31736 1.42918
0.173285 1.37016 1.31533 1.42639
0.174485 1.36767 1.31326 1.42356
0.175693 1.36515 1.31114 1.4207
0.17691 1.3626 1.30898 1.41779
0.178135 1.36003 1.30678 1.41485
0.179369 1.35742 1.30453 1.41187
0.180611 1.35479 1.30224 1.40885
0.181861 1.35212 1.2999 1.4058
0.183121 1.34941 1.29752 1.4027
0.184389 1.34668 1.2951 1.39957
0.185666 1.3439 1.29263 1.39641
0.186951 1.34109 1.29012 1.3932
0.188246 1.33824 1.28756 1.38996
0.189549 1.33535 1.28495 1.38667
0.190862 1.33241 1.2823 1.38335
0.192184 1.32943 1.2796 1.37999
0.193514 1.32641 1.27686 1.37659
0.194854 1.32334 1.27407 1.37315
0.196204 1.32022 1.27123 1.36966
0.197562 1.31706 1.26834 1.36614
0.19893 1.31384 1.2654 1.36257
0.200308 1.31057 1.26242 1.35897
0.201695 1.30724 1.25939 1.35531
0.203092 1.30386 1.25631 1.35162
0.204498 1.30043 1.25319 1.34788
0.205914 1.29693 1.25001 1.3441
0.20734 1.29339 1.2468 1.34027
0.208776 1.2898 1.24354 1.33642
0.210222 1.28616 1.24024 1.33252
0.211677 1.28247 1.2369 1.32858
0.213143 1.27873 1.23351 1.32461
0.214619 1.27495 1.23008 1.32059
0.216105 1.27111 1.2266 1.31654
0.217602 1.26723 1.22308 1.31244
0.219109 1.26329 1.2195 1.30829
0.220626 1.2593 1.21587 1.30411
0.222154 1.25527 1.2122 1.29989
0.223692 1.25118 1.20846 1.29562
0.225241 1.24703 1.20468 1.2913
0.226801 1.24284 1.2008 1.28693
0.228371 1.2386 1.19687 1.28251
0.229953 1.2343 1.19288 1.27803
0.231545 1.22994 1.18883 1.2735
0.233148 1.22554 1.18472 1.26891
0.234763 1.22107 1.18055 1.26426
0.236389 1.21656 1.17633 1.25955
0.238025 1.21199 1.17204 1.25478
0.239674 1.20736 1.16769 1.24995
0.241333 1.20268 1.16327 1.24505
0.243005 1.19794 1.1588 1.24009
0.244687 1.19315 1.15428 1.23507
0.246382 1.18831 1.1497 1.22999
0.248088 1.18341 1.14506 1.22485
0.249806 1.17846 1.14036 1.21965
0.251536 1.17345 1.13561 1.21439
0.253277 1.16839 1.1308 1.20907
0.255031 1.16327 1.12594 1.2037
0.256797 1.15809 1.12102 1.19826
0.258576 1.15286 1.11604 1.19277
0.260366 1.14757 1.111 1.18722
0.262169 1.14222 1.10591 1.18162
0.263984 1.13682 1.10077 1.17596
0.265813 1.13135 1.09556 1.17025
0.267653 1.12583 1.09029 1.16448
0.269507 1.12025 1.08496 1.15866
0.271373 1.11461 1.07956 1.15278
0.273252 1.10891 1.0741 1.14684
0.275144 1.10315 1.06858 1.14084
0.27705 1.09733 1.06301 1.13479
0.278968 1.09145 1.05737 1.12868
0.2809 1.08551 1.05168 1.12251
0.282845 1.07949 1.04592 1.11628
0.284804 1.07341 1.04009 1.10998
0.286776 1.06727 1.0342 1.10361
0.288762 1.06106 1.02825 1.09718
0.290761 1.05478 1.02224 1.09068
0.292775 1.04844 1.01617 1.08413
0.294802 1.04204 1.01003 1.07751
0.296843 1.03558 1.00383 1.07083
0.298899 1.02906 0.997575 1.0641
0.300969 1.02249 0.991258 1.0573
0.303053 1.01585 0.984884 1.05044
0.305151 1.00916 0.978454 1.04353
0.307265 1.00242 0.971967 1.03657
0.309392 0.995622 0.965424 1.02954
0.311535 0.988772 0.958828 1.02247
0.313692 0.981871 0.952178 1.01535
0.315864 0.97492 0.945475 1.00817
0.318052 0.96792 0.938721 1.00094
0.320254 0.960872 0.931916 0.993656
0.322472 0.953776 0.92506 0.986315
0.324705 0.946613 0.918137 0.978899
0.326953 0.93938 0.911143 0.971404
0.329217 0.932081 0.904083 0.963834
0.331497 0.924718 0.896958 0.956193
0.333792 0.917293 0.88977 0.948486
0.336104 0.909808 0.882523 0.940719
0.338431 0.902267 0.875218 0.932891
0.340775 0.894671 0.867859 0.925005
0.343135 0.887023 0.860447 0.917064
0.345511 0.879325 0.852986 0.909071
0.347903 0.871581 0.845477 0.90103
0.350312 0.863792 0.837924 0.892942
0.352738 0.85596 0.830329 0.884812
0.355181 0.848089 0.822692 0.876643
0.35764 0.840181 0.81501 0.868441
0.360117 0.832238 0.807295 0.860205
0.362611 0.824263 0.799548 0.851939
0.365122 0.816258 0.791772 0.843647
0.36765 0.808226 0.78397 0.83533
0.370196 0.800149 0.776126 0.826969
0.372759 0.792006 0.76822 0.81854
0.375341 0.783803 0.760255 0.810046
0.37794 0.775544 0.752236 0.801494
0.380557 0.767232 0.744167 0.792887
0.383192 0.758872 0.736051 0.784231
0.385846 0.750468 0.727891 0.77553
0.388518 0.742025 0.719692 0.76679
0.391208 0.733546 0.711457 0.758016
0.393917 0.725036 0.703191 0.749217
0.396645 0.7165 0.694896 0.740392
0.399391 0.707941 0.686578 0.731547
0.402157 0.699363 0.678241 0.722685
0.404942 0.690772 0.669887 0.713812
0.407746 0.682171 0.661521 0.704933
0.410569 0.673564 0.653148 0.696051
0.413413 0.664956 0.644771 0.687172
0.416275 0.656351 0.636395 0.6783
0.419158 0.647744 0.628015 0.669429
0.42206 0.639096 0.619595 0.660517
0.424983 0.630405 0.611135 0.65157
0.427926 0.621678 0.60264 0.642599
0.430889 0.612921 0.594115 0.633599
0.433873 0.604139 0.585563 0.624575
0.436877 0.595337 0.576989 0.615533
0.439903 0.586522 0.568402 0.606484
0.442949 0.577699 0.559805 0.597429
0.446016 0.568873 0.551205 0.588376
0.449105 0.560051 0.542607 0.579329
0.452215 0.551237 0.534016 0.570295
0.455346 0.542439 0.525437 0.56128
0.458499 0.53366 0.516875 0.552288
0.461674 0.524907 0.508337 0.543326
0.464871 0.516186 0.499828 0.534399
0.46809 0.507502 0.491352 0.525511
0.471332 0.49886 0.482916 0.516669
0.474596 0.490224 0.474486 0.507833
0.477882 0.481576 0.466046 0.49899
0.481191 0.472924 0.457603 0.490143
0.484523 0.464274 0.449162 0.481299
0.487879 0.455631 0.440728 0.472464
0.491257 0.447002 0.432307 0.463645
0.494659 0.438393 0.423905 0.454848
0.498084 0.42981 0.415528 0.446078
0.501533 0.421259 0.407182 0.437343
0.505006 0.412746 0.398872 0.428649
0.508503 0.404278 0.390604 0.420007
0.512024 0.39586 0.382384 0.411418
0.51557 0.387499 0.374217 0.402887
0.51914 0.3792 0.366111 0.39442
0.522735 0.370971 0.35807 0.386023
0.526355 0.362817 0.350101 0.377702
0.53 0.354727 0.342195 0.369447
0.53367 0.346668 0.33432 0.361221
0.537365 0.338642 0.326479 0.353027
0.541087 0.330654 0.318677 0.344871
0.544833 0.322711 0.31092 0.336757
0.548606 0.314817 0.3032 0.328692
0.552405 0.306979 0.295522 0.320682
0.55623 0.299201 0.287904 0.312732
0.560082 0.291489 0.280353 0.304849
0.563961 0.283849 0.272872 0.297037
0.567866 0.276286 0.265469 0.289301
0.571798 0.268806 0.258147 0.281651
0.575758 0.261414 0.250911 0.274089
0.579745 0.254115 0.243769 0.26662
0.583759 0.246916 0.236725 0.259249
0.587802 0.23982 0.229783 0.251982
0.591872 0.232805 0.222923 0.244791
0.595971 0.225861 0.216138 0.237667
0.600097 0.218992 0.209429 0.230614
0.604253 0.212202 0.202801 0.223636
0.608437 0.205495 0.196256 0.216737
0.61265 0.198874 0.189788 0.209922
0.616893 0.192343 0.18341 0.203194
0.621165 0.185906 0.177118 0.196558
0.625466 0.179566 0.170916 0.190018
0.629797 0.173328 0.164817 0.183579
0.634158 0.167196 0.158824 0.177243
0.63855 0.161172 0.152939 0.171016
0.642972 0.155261 0.147166 0.164901
0.647424 0.149466 0.141509 0.158903
0.651907 0.143789 0.135971 0.153022
0.656422 0.138217 0.130542 0.147242
0.660967 0.13275 0.125221 0.141562
0.665544 0.12739 0.12001 0.135986
0.670153 0.122138 0.114909 0.130514
0.674793 0.116994 0.10992 0.125151
0.679466 0.111962 0.105043 0.119898
0.684171 0.107042 0.100279 0.114757
0.688909 0.102236 0.0956289 0.10973
0.693679 0.0975456 0.0910935 0.104821
0.698483 0.0929717 0.086674 0.100031
0.70332 0.0885162 0.0823712 0.0953619
0.70819 0.0841806 0.0781864 0.0908169
0.713094 0.0799663 0.0741207 0.0864008
0.718032 0.0758773 0.0701789 0.0821202
0.723004 0.0719215 0.0663731 0.077971
0.728011 0.0680969 0.0627009 0.0739524
0.733052 0.0644005 0.0591587 0.070062
0.738128 0.0608293 0.0557424 0.0662979
0.74324 0.0573804 0.0524481 0.0626579
0.748386 0.0540508 0.049272 0.0591399
0.753569 0.0508374 0.0462105 0.0557418
0.758787 0.0477374 0.0432598 0.0524613
0.764041 0.0447478 0.0404167 0.0492962
0.769332 0.0418655 0.0376777 0.0462439
0.77466 0.0390877 0.0350397 0.0433019
0.780024 0.0364113 0.0324994 0.0404674
0.785425 0.0338399 0.0300603 0.0377434
0.790864 0.0314088 0.0277607 0.0351624
0.796341 0.0291165 0.0256001 0.0327224
0.801855 0.0269545 0.023569 0.0304148
0.807408 0.0249142 0.0216594 0.0282312
0.812999 0.022987 0.0198628 0.0261631
0.818629 0.0211645 0.0181705 0.0242025
0.824297 0.0194379 0.0165735 0.0223401
0.830005 0.0177988 0.0150629 0.0205683
0.835753 0.0162387 0.01363 0.0188771
0.84154 0.0147488 0.0122658 0.0172579
0.847368 0.0133207 0.0109618 0.0157019
0.853236 0.0119459 0.00970919 0.0142003
0.859144 0.0106522 0.00854168 0.0127764
0.865093 0.00946366 0.00748712 0.0114513
0.871084 0.00837321 0.00653687 0.0102194
0.877116 0.00737393 0.00568209 0.00907552
0.88319 0.00645884 0.00491377 0.00801456
0.889305 0.00562098 0.00422277 0.00703148
0.895464 0.00485338 0.00359983 0.00612132
0.901664 0.00414906 0.00303564 0.0052792
0.907908 0.00350105 0.00252084 0.00450025
0.914195 0.00290238 0.00204598 0.00377963
0.920526 0.00234609 0.00160162 0.0031125
0.9269 0.00182742 0.00118055 0.00249615
0.933319 0.00139784 0.000835438 0.00198128
0.939782 0.00106945 0.000581202 0.00157751
0.946289 0.000826089 0.000403649 0.00126672
0.952842 0.000651582 0.000288438 0.001031
0.95944 0.000529765 0.000221074 0.000852572
0.966084 0.000444474 0.000186933 0.000713796
0.972774 0.000379541 0.000171305 0.000597129
0.97951 0.000318802 0.000159453 0.000485053
0.986293 0.000246089 0.000136669 0.00036002
0.993123 0.000145237 8.83276e-05 0.000204396
