0.001 1.20906 0.945462 1.62246
0.00100692 1.20771 0.944582 1.62037
0.0010139 1.20636 0.943707 1.61828
0.00102092 1.20502 0.942838 1.6162
0.00102799 1.20369 0.941975 1.61413
0.00103511 1.20237 0.941117 1.61206
0.00104227 1.20105 0.940266 1.60999
0.00104949 1.19974 0.93942 1.60793
0.00105676 1.19843 0.93858 1.60588
0.00106408 1.19713 0.937746 1.60383
0.00107145 1.19584 0.936917 1.6018
0.00107886 1.19456 0.936095 1.59977
0.00108634 1.19328 0.935277 1.59774
0.00109386 1.19201 0.934466 1.59572
0.00110143 1.19075 0.93366 1.59371
0.00110906 1.18949 0.93286 1.5917
0.00111674 1.18824 0.932065 1.58969
0.00112447 1.18699 0.931277 1.5877
0.00113226 1.18575 0.930494 1.5857
0.0011401 1.18452 0.929716 1.58372
0.001148 1.1833 0.928945 1.58173
0.00115594 1.18208 0.92818 1.57976
0.00116395 1.18087 0.92742 1.57779
0.00117201 1.17966 0.926667 1.57582
0.00118013 1.17846 0.92592 1.57387
0.0011883 1.17727 0.925178 1.57191
0.00119653 1.17608 0.924443 1.56997
0.00120481 1.17491 0.923714 1.56803
0.00121315 1.17373 0.922991 1.56609
0.00122156 1.17257 0.922275 1.56417
0.00123001 1.17141 0.921564 1.56225
0.00123853 1.17026 0.92086 1.56033
0.00124711 1.16911 0.920163 1.55842
0.00125574 1.16797 0.919471 1.55652
0.00126444 1.16684 0.918787 1.55463
0.0012732 1.16571 0.918108 1.55274
0.00128201 1.1646 0.917437 1.55086
0.00129089 1.16348 0.916772 1.54898
0.00129983 1.16238 0.916113 1.54711
0.00130883 1.16128 0.915461 1.54525
0.00131789 1.16019 0.914816 1.5434
0.00132702 1.1591 0.914178 1.54155
0.00133621 1.15802 0.913546 1.53971
0.00134546 1.15695 0.912921 1.53788
0.00135478 1.15589 0.912303 1.53605
0.00136416 1.15483 0.911692 1.53423
0.00137361 1.15378 0.911086 1.53242
0.00138312 1.15273 0.910487 1.53061
0.0013927 1.15169 0.909893 1.52881
0.00140234 1.15066 0.909307 1.52701
0.00141205 1.14963 0.908726 1.52522
0.00142183 1.14861 0.908152 1.52344
0.00143167 1.1476 0.907584 1.52167
0.00144159 1.14659 0.907023 1.5199
0.00145157 1.14559 0.906468 1.51813
0.00146162 1.1446 0.905919 1.51638
0.00147174 1.14361 0.905377 1.51463
0.00148194 1.14263 0.904841 1.51289
0.0014922 1.14166 0.904312 1.51115
0.00150253 1.1407 0.90379 1.50942
0.00151293 1.13974 0.903274 1.5077
0.00152341 1.13878 0.902764 1.50598
0.00153396 1.13784 0.902262 1.50428
0.00154458 1.1369 0.901765 1.50258
0.00155528 1.13597 0.901276 1.50088
0.00156605 1.13505 0.900794 1.4992
0.00157689 1.13413 0.900318 1.49752
0.00158781 1.13322 0.899849 1.49585
0.00159881 1.13232 0.899386 1.49418
0.00160988 1.13142 0.898931 1.49253
0.00162103 1.13053 0.898483 1.49088
0.00163225 1.12965 0.898041 1.48923
0.00164355 1.12878 0.897606 1.4876
0.00165494 1.12791 0.897179 1.48597
0.0016664 1.12705 0.896758 1.48436
0.00167794 1.1262 0.896345 1.48275
0.00168955 1.12536 0.895939 1.48114
0.00170125 1.12452 0.89554 1.47955
0.00171303 1.12369 0.895147 1.47796
0.0017249 1.12287 0.894761 1.47638
0.00173684 1.12205 0.894382 1.4748
0.00174887 1.12124 0.89401 1.47323
0.00176098 1.12044 0.893645 1.47167
0.00177317 1.11965 0.893286 1.47012
0.00178545 1.11886 0.892934 1.46857
0.00179782 1.11808 0.892589 1.46703
0.00181027 1.1173 0.892251 1.4655
0.0018228 1.11654 0.891919 1.46397
0.00183542 1.11578 0.891595 1.46245
0.00184813 1.11502 0.891277 1.46094
0.00186093 1.11428 0.890966 1.45944
0.00187382 1.11354 0.890662 1.45795
0.00188679 1.11281 0.890365 1.45649
0.00189986 1.11208 0.890075 1.45504
0.00191301 1.11137 0.889791 1.4536
0.00192626 1.11066 0.889515 1.45216
0.0019396 1.10996 0.889245 1.45073
0.00195303 1.10926 0.888983 1.44931
0.00196656 1.10858 0.888727 1.4479
0.00198017 1.1079 0.888478 1.4465
0.00199389 1.10722 0.888237 1.44511
0.00200769 1.10656 0.888002 1.44375
0.0020216 1.1059 0.887774 1.4424
0.00203559 1.10525 0.887553 1.44106
0.00204969 1.10461 0.88734 1.43972
0.00206388 1.10398 0.887133 1.43839
0.00207818 1.10335 0.886934 1.43707
0.00209257 1.10273 0.886741 1.43576
0.00210706 1.10212 0.886556 1.43446
0.00212165 1.10152 0.886378 1.43316
0.00213634 1.10093 0.886207 1.43188
0.00215113 1.10034 0.886043 1.4306
0.00216603 1.09976 0.885886 1.42932
0.00218103 1.09918 0.885736 1.42806
0.00219613 1.09862 0.885593 1.42681
0.00221134 1.09806 0.885457 1.42556
0.00222665 1.09751 0.885329 1.42432
0.00224207 1.09696 0.885207 1.42309
0.0022576 1.09643 0.885092 1.42186
0.00227323 1.0959 0.884985 1.42064
0.00228897 1.09538 0.884884 1.41944
0.00230482 1.09486 0.884791 1.41823
0.00232078 1.09436 0.884704 1.41704
0.00233685 1.09386 0.884624 1.41586
0.00235303 1.09337 0.884552 1.41468
0.00236933 1.09288 0.884486 1.41351
0.00238574 1.09241 0.884427 1.41235
0.00240226 1.09194 0.884376 1.41119
0.00241889 1.09148 0.884331 1.41005
0.00243564 1.09103 0.884293 1.40891
0.00245251 1.09058 0.884262 1.40778
0.00246949 1.09014 0.884238 1.40665
0.00248659 1.08971 0.884222 1.40554
0.00250381 1.08929 0.884212 1.40443
0.00252115 1.08887 0.88421 1.40333
0.00253861 1.08846 0.884214 1.40223
0.00255619 1.08806 0.884221 1.40115
0.00257389 1.08767 0.884234 1.40007
0.00259171 1.08729 0.884255 1.399
0.00260966 1.08691 0.884283 1.39794
0.00262773 1.08654 0.884317 1.39688
0.00264592 1.08618 0.884359 1.39584
0.00266425 1.08582 0.884408 1.3948
0.0026827 1.08548 0.884464 1.39376
0.00270127 1.08514 0.884527 1.39274
0.00271998 1.08481 0.884598 1.39172
0.00273881 1.08448 0.884675 1.39071
0.00275778 1.08417 0.88476 1.3897
0.00277688 1.08386 0.884852 1.38871
0.0027961 1.08356 0.884951 1.38772
0.00281547 1.08326 0.885058 1.38674
0.00283496 1.08298 0.885171 1.38577
0.00285459 1.0827 0.885292 1.3848
0.00287436 1.08243 0.88542 1.38384
0.00289427 1.08216 0.885556 1.38289
0.00291431 1.08191 0.885698 1.38195
0.00293449 1.08166 0.885847 1.38102
0.00295481 1.08142 0.886004 1.38009
0.00297527 1.08119 0.886168 1.37917
0.00299587 1.08096 0.886339 1.37826
0.00301662 1.08074 0.886517 1.37736
0.00303751 1.08054 0.886702 1.37647
0.00305854 1.08033 0.886894 1.3756
0.00307972 1.08014 0.887093 1.37472
0.00310105 1.07995 0.887299 1.37386
0.00312252 1.07977 0.887512 1.37301
0.00314414 1.0796 0.887732 1.37216
0.00316592 1.07944 0.887959 1.37132
0.00318784 1.07928 0.888194 1.37049
0.00320991 1.07914 0.888435 1.36966
0.00323214 1.079 0.888683 1.36885
0.00325452 1.07886 0.888937 1.36804
0.00327706 1.07874 0.889199 1.36724
0.00329975 1.07862 0.889466 1.36646
0.0033226 1.07851 0.889741 1.36567
0.00334561 1.07841 0.890022 1.3649
0.00336878 1.07832 0.890307 1.36414
0.00339211 1.07824 0.89059 1.36338
0.0034156 1.07816 0.890879 1.36263
0.00343925 1.07809 0.891173 1.36189
0.00346306 1.07803 0.891474 1.36116
0.00348704 1.07798 0.891781 1.36043
0.00351119 1.07793 0.892094 1.35971
0.00353551 1.07789 0.892413 1.359
0.00355999 1.07786 0.892738 1.3583
0.00358464 1.07784 0.893069 1.35761
0.00360946 1.07782 0.893406 1.35692
0.00363446 1.07782 0.89375 1.35624
0.00365962 1.07782 0.894099 1.35557
0.00368497 1.07783 0.894455 1.35491
0.00371048 1.07784 0.894817 1.35426
0.00373618 1.07787 0.895186 1.35361
0.00376205 1.0779 0.89556 1.35298
0.0037881 1.07794 0.895941 1.35235
0.00381433 1.07798 0.896328 1.35173
0.00384075 1.07804 0.896722 1.35112
0.00386734 1.0781 0.897121 1.35051
0.00389412 1.07817 0.897527 1.34992
0.00392109 1.07825 0.89794 1.34933
0.00394824 1.07833 0.898359 1.34875
0.00397558 1.07842 0.898784 1.34819
0.00400311 1.07852 0.899216 1.34762
0.00403083 1.07863 0.899655 1.34707
0.00405874 1.07874 0.9001 1.34655
0.00408685 1.07886 0.900551 1.34603
0.00411515 1.07899 0.901009 1.34552
0.00414365 1.07913 0.901474 1.34502
0.00417234 1.07927 0.901945 1.34453
0.00420123 1.07942 0.902423 1.34405
0.00423032 1.07958 0.902908 1.34357
0.00425962 1.07974 0.9034 1.3431
0.00428911 1.07992 0.903896 1.34264
0.00431882 1.0801 0.904398 1.34219
0.00434872 1.08028 0.904907 1.34175
0.00437884 1.08048 0.905423 1.34132
0.00440916 1.08068 0.905945 1.34089
0.00443969 1.08089 0.906473 1.34047
0.00447043 1.08111 0.907008 1.34006
0.00450139 1.08134 0.90755 1.33966
0.00453256 1.08157 0.908098 1.33926
0.00456395 1.08181 0.908653 1.33888
0.00459555 1.08206 0.909214 1.3385
0.00462737 1.08231 0.909781 1.33813
0.00465942 1.08258 0.910355 1.33777
0.00469168 1.08285 0.910935 1.33741
0.00472417 1.08312 0.911522 1.33707
0.00475689 1.08341 0.912115 1.33673
0.00478983 1.0837 0.912714 1.3364
0.00482299 1.084 0.913319 1.33608
0.00485639 1.08431 0.91393 1.33577
0.00489002 1.08463 0.914547 1.33547
0.00492388 1.08495 0.915169 1.33517
0.00495798 1.08529 0.915797 1.33488
0.00499231 1.08562 0.91643 1.3346
0.00502688 1.08597 0.917068 1.33433
0.00506169 1.08633 0.917712 1.33407
0.00509674 1.08669 0.918362 1.33381
0.00513204 1.08706 0.919017 1.33356
0.00516757 1.08744 0.919678 1.33332
0.00520336 1.08782 0.920344 1.33309
0.00523939 1.08822 0.921015 1.33287
0.00527567 1.08862 0.921692 1.33265
0.0053122 1.08903 0.922376 1.33244
0.00534899 1.08944 0.923065 1.33224
0.00538603 1.08987 0.92376 1.33205
0.00542333 1.0903 0.924461 1.33187
0.00546088 1.09074 0.925168 1.33169
0.0054987 1.09119 0.925881 1.33153
0.00553677 1.09164 0.9266 1.33137
0.00557511 1.09211 0.927324 1.33122
0.00561372 1.09258 0.928055 1.33108
0.00565259 1.09306 0.928792 1.33094
0.00569174 1.09354 0.929535 1.33082
0.00573115 1.09404 0.930284 1.3307
0.00577084 1.09454 0.931039 1.33059
0.0058108 1.09505 0.9318 1.33049
0.00585104 1.09556 0.932567 1.3304
0.00589155 1.09609 0.93334 1.33031
0.00593235 1.09662 0.934119 1.33024
0.00597343 1.09716 0.934904 1.33017
0.00601479 1.09771 0.935682 1.33011
0.00605645 1.09826 0.936464 1.33006
0.00609838 1.09882 0.937252 1.33002
0.00614061 1.09939 0.938018 1.32999
0.00618314 1.09997 0.938787 1.32996
0.00622595 1.10055 0.939562 1.32995
0.00626907 1.10115 0.940344 1.32994
0.00631248 1.10175 0.941132 1.32995
0.00635619 1.10235 0.941926 1.33
0.0064002 1.10297 0.942727 1.33007
0.00644452 1.10359 0.943535 1.33015
0.00648915 1.10422 0.94435 1.33023
0.00653409 1.10486 0.945171 1.33032
0.00657933 1.1055 0.945998 1.33043
0.00662489 1.10616 0.946832 1.33054
0.00667077 1.10682 0.947672 1.33065
0.00671696 1.10748 0.948519 1.33078
0.00676347 1.10816 0.949372 1.33092
0.00681031 1.10884 0.950231 1.33106
0.00685747 1.10953 0.951097 1.33121
0.00690495 1.11023 0.95197 1.33138
0.00695277 1.11094 0.952849 1.33155
0.00700092 1.11165 0.953735 1.33173
0.0070494 1.11237 0.954627 1.33192
0.00709821 1.1131 0.955527 1.33211
0.00714736 1.11384 0.956433 1.33232
0.00719686 1.11458 0.957345 1.33253
0.00724669 1.11533 0.958265 1.33275
0.00729687 1.11609 0.959191 1.33298
0.0073474 1.11686 0.960124 1.33322
0.00739828 1.11763 0.961064 1.33347
0.00744951 1.11842 0.962011 1.33373
0.0075011 1.1192 0.962965 1.33399
0.00755304 1.12 0.963925 1.33427
0.00760534 1.12081 0.964893 1.33455
0.00765801 1.12162 0.965869 1.33484
0.00771104 1.12244 0.966851 1.33514
0.00776444 1.12326 0.967841 1.33545
0.0078182 1.1241 0.968839 1.33576
0.00787234 1.12494 0.969844 1.33609
0.00792685 1.12579 0.970857 1.33642
0.00798175 1.12665 0.971878 1.33676
0.00803702 1.12751 0.972906 1.33711
0.00809267 1.12838 0.973942 1.33747
0.00814871 1.12926 0.974986 1.33784
0.00820514 1.13015 0.976037 1.33821
0.00826196 1.13104 0.977095 1.3386
0.00831917 1.13194 0.978161 1.33899
0.00837678 1.13285 0.979233 1.33939
0.00843478 1.13377 0.980313 1.3398
0.00849319 1.13469 0.981401 1.34022
0.008552 1.13562 0.982496 1.34065
0.00861122 1.13656 0.983596 1.34108
0.00867086 1.13751 0.984698 1.34153
0.0087309 1.13846 0.985809 1.34199
0.00879136 1.13942 0.986926 1.34251
0.00885224 1.14039 0.988051 1.34305
0.00891353 1.14137 0.989184 1.34359
0.00897526 1.14235 0.990325 1.34414
0.00903741 1.14334 0.991473 1.3447
0.00909999 1.14434 0.992628 1.34526
0.00916301 1.14535 0.99379 1.34584
0.00922646 1.14636 0.994959 1.34642
0.00929035 1.14739 0.996136 1.34702
0.00935468 1.14842 0.997319 1.34762
0.00941946 1.14945 0.99851 1.34823
0.00948469 1.1505 0.999708 1.34885
0.00955037 1.15155 1.00091 1.34947
0.0096165 1.15261 1.00213 1.35011
0.00968309 1.15368 1.00335 1.35075
0.00975014 1.15475 1.00457 1.3514
0.00981766 1.15584 1.00581 1.35206
0.00988564 1.15693 1.00705 1.35273
0.0099541 1.15803 1.0083 1.35341
0.010023 1.15913 1.00956 1.35409
0.0100924 1.16025 1.01083 1.35479
0.0101623 1.16137 1.0121 1.35549
0.0102327 1.1625 1.01339 1.3562
0.0103036 1.16364 1.01468 1.35692
0.0103749 1.16478 1.01597 1.35765
0.0104467 1.16593 1.01727 1.35839
0.0105191 1.16709 1.01859 1.35914
0.0105919 1.16826 1.0199 1.35989
0.0106653 1.16943 1.02123 1.36066
0.0107391 1.17061 1.02256 1.36143
0.0108135 1.1718 1.0239 1.36221
0.0108884 1.173 1.02525 1.363
0.0109638 1.1742 1.0266 1.3638
0.0110397 1.17541 1.02797 1.36461
0.0111161 1.17663 1.02934 1.36542
0.0111931 1.17786 1.03072 1.36625
0.0112706 1.1791 1.0321 1.36708
0.0113487 1.18034 1.0335 1.36792
0.0114273 1.18159 1.0349 1.36877
0.0115064 1.18285 1.0363 1.36963
0.0115861 1.18411 1.03772 1.3705
0.0116663 1.18539 1.03915 1.37138
0.0117471 1.18667 1.04058 1.37226
0.0118284 1.18796 1.04202 1.37316
0.0119103 1.18926 1.04347 1.37406
0.0119928 1.19057 1.04493 1.37497
0.0120759 1.19188 1.0464 1.37589
0.0121595 1.19321 1.04788 1.37682
0.0122437 1.19454 1.04937 1.37776
0.0123285 1.19588 1.05086 1.3787
0.0124138 1.19722 1.05237 1.37966
0.0124998 1.19858 1.05388 1.38062
0.0125864 1.19995 1.05541 1.38159
0.0126735 1.20132 1.05694 1.38257
0.0127613 1.2027 1.05848 1.38356
0.0128496 1.20409 1.06004 1.38455
0.0129386 1.20548 1.06159 1.38556
0.0130282 1.20689 1.06316 1.38657
0.0131184 1.2083 1.06474 1.3876
0.0132093 1.20972 1.06632 1.38863
0.0133007 1.21115 1.06791 1.38968
0.0133929 1.21259 1.06951 1.39073
0.0134856 1.21403 1.07112 1.39179
0.013579 1.21548 1.07273 1.39286
0.013673 1.21695 1.07435 1.39394
0.0137677 1.21841 1.07599 1.39503
0.013863 1.21989 1.07763 1.39613
0.013959 1.22138 1.07927 1.39724
0.0140557 1.22287 1.08093 1.39835
0.014153 1.22437 1.0826 1.39948
0.014251 1.22588 1.08427 1.40061
0.0143497 1.2274 1.08595 1.40175
0.0144491 1.22892 1.08764 1.40291
0.0145491 1.23046 1.08934 1.40406
0.0146499 1.232 1.09105 1.40523
0.0147513 1.23355 1.09277 1.40641
0.0148535 1.23511 1.09449 1.4076
0.0149563 1.23668 1.09623 1.40879
0.0150599 1.23826 1.09797 1.41
0.0151642 1.23984 1.09973 1.41122
0.0152692 1.24143 1.10149 1.41244
0.0153749 1.24304 1.10326 1.41368
0.0154814 1.24465 1.10505 1.41492
0.0155886 1.24626 1.10684 1.41618
0.0156965 1.24789 1.10864 1.41744
0.0158052 1.24953 1.11045 1.4187
0.0159147 1.25117 1.11227 1.41998
0.0160249 1.25283 1.1141 1.42126
0.0161359 1.25449 1.11594 1.42255
0.0162476 1.25616 1.11779 1.42385
0.0163601 1.25783 1.11964 1.42516
0.0164734 1.25952 1.12151 1.42648
0.0165875 1.26122 1.12338 1.42781
0.0167023 1.26292 1.12527 1.42914
0.016818 1.26463 1.12716 1.43048
0.0169345 1.26635 1.12906 1.43184
0.0170517 1.26808 1.13097 1.4332
0.0171698 1.26982 1.1329 1.43457
0.0172887 1.27156 1.13483 1.43594
0.0174084 1.27331 1.13677 1.43733
0.017529 1.27508 1.13872 1.43872
0.0176503 1.27685 1.14067 1.44013
0.0177726 1.27863 1.14264 1.44154
0.0178956 1.28041 1.14462 1.44296
0.0180196 1.28221 1.14661 1.44439
0.0181443 1.28401 1.1486 1.44583
0.01827 1.28583 1.15061 1.44728
0.0183965 1.28765 1.15261 1.44873
0.0185239 1.28948 1.15463 1.4502
0.0186522 1.29131 1.15665 1.45167
0.0187813 1.29316 1.15869 1.45315
0.0189114 1.29502 1.16073 1.45464
0.0190423 1.29688 1.16279 1.45614
0.0191742 1.29875 1.16485 1.45765
0.019307 1.30063 1.16692 1.45917
0.0194407 1.30252 1.16901 1.46069
0.0195753 1.30442 1.1711 1.46223
0.0197108 1.30632 1.17321 1.46377
0.0198473 1.30824 1.17532 1.46532
0.0199848 1.31016 1.17744 1.46688
0.0201232 1.31209 1.17958 1.46845
0.0202625 1.31403 1.18172 1.47003
0.0204028 1.31598 1.18388 1.47162
0.0205441 1.31794 1.18605 1.47323
0.0206864 1.31991 1.18822 1.47484
0.0208296 1.32188 1.19041 1.47646
0.0209739 1.32387 1.19259 1.47809
0.0211191 1.32586 1.19477 1.47972
0.0212653 1.32786 1.19697 1.48137
0.0214126 1.32987 1.19918 1.48303
0.0215609 1.33189 1.2014 1.48469
0.0217102 1.33391 1.20362 1.48637
0.0218605 1.33595 1.20586 1.48805
0.0220119 1.33799 1.2081 1.48974
0.0221643 1.34004 1.21035 1.49144
0.0223178 1.3421 1.21262 1.49315
0.0224723 1.34417 1.21489 1.49486
0.022628 1.34624 1.21717 1.49658
0.0227846 1.34833 1.21946 1.49831
0.0229424 1.35042 1.22176 1.50005
0.0231013 1.35252 1.22407 1.5018
0.0232613 1.35463 1.22638 1.50355
0.0234223 1.35675 1.22871 1.50531
0.0235845 1.35887 1.23104 1.50707
0.0237479 1.36101 1.23338 1.50884
0.0239123 1.36315 1.23573 1.51062
0.0240779 1.3653 1.23809 1.5124
0.0242446 1.36746 1.24046 1.51419
0.0244125 1.36962 1.24283 1.51599
0.0245816 1.3718 1.24522 1.51779
0.0247518 1.37398 1.24761 1.5196
0.0249232 1.37617 1.25001 1.52142
0.0250958 1.37838 1.25243 1.52325
0.0252695 1.38059 1.25485 1.52508
0.0254445 1.38281 1.25729 1.52693
0.0256207 1.38504 1.25973 1.52878
0.0257981 1.38728 1.26218 1.53064
0.0259768 1.38953 1.26464 1.53251
0.0261567 1.39178 1.26711 1.53439
0.0263378 1.39405 1.26959 1.53628
0.0265202 1.39632 1.27207 1.53817
0.0267038 1.3986 1.27457 1.54009
0.0268887 1.40089 1.27707 1.54201
0.0270749 1.40319 1.27958 1.54394
0.0272624 1.40549 1.2821 1.54587
0.0274512 1.40781 1.28462 1.54781
0.0276413 1.41013 1.28715 1.54976
0.0278327 1.41245 1.28969 1.55171
0.0280254 1.41479 1.29224 1.55367
0.0282195 1.41713 1.29479 1.55563
0.0284149 1.41947 1.29735 1.5576
0.0286117 1.42183 1.29992 1.55958
0.0288098 1.42419 1.30249 1.56155
0.0290093 1.42655 1.30506 1.56354
0.0292102 1.42893 1.30765 1.56553
0.0294125 1.4313 1.31024 1.56752
0.0296161 1.43369 1.31283 1.56951
0.0298212 1.43608 1.31543 1.57151
0.0300277 1.43847 1.31804 1.57351
0.0302357 1.44087 1.32065 1.57551
0.030445 1.44328 1.32327 1.57752
0.0306559 1.4457 1.3259 1.57954
0.0308681 1.44812 1.32853 1.58157
0.0310819 1.45056 1.33118 1.58361
0.0312971 1.453 1.33384 1.58565
0.0315139 1.45546 1.3365 1.58771
0.0317321 1.45792 1.33917 1.58977
0.0319518 1.46039 1.34185 1.59184
0.0321731 1.46287 1.34454 1.59392
0.0323959 1.46535 1.34723 1.596
0.0326202 1.46784 1.34993 1.59809
0.0328461 1.47034 1.35264 1.60023
0.0330735 1.47285 1.35535 1.60238
0.0333026 1.47536 1.35807 1.60454
0.0335332 1.47788 1.36079 1.6067
0.0337654 1.4804 1.36352 1.60886
0.0339992 1.48292 1.36625 1.61102
0.0342346 1.48546 1.36899 1.61319
0.0344717 1.48799 1.37173 1.61535
0.0347104 1.49053 1.37447 1.61751
0.0349508 1.49307 1.37722 1.61967
0.0351928 1.49562 1.37997 1.62183
0.0354365 1.49817 1.38272 1.62399
0.0356819 1.50072 1.38548 1.62615
0.035929 1.50327 1.38823 1.6283
0.0361778 1.50583 1.39096 1.63044
0.0364283 1.50838 1.39369 1.63259
0.0366805 1.51094 1.3964 1.63472
0.0369345 1.5135 1.39911 1.63685
0.0371903 1.51606 1.40182 1.63897
0.0374478 1.51861 1.40454 1.64108
0.0377071 1.52118 1.40726 1.6432
0.0379682 1.52375 1.40998 1.64533
0.0382312 1.52633 1.41272 1.64746
0.0384959 1.52891 1.41547 1.6496
0.0387625 1.53151 1.41822 1.65173
0.0390309 1.53411 1.42099 1.65387
0.0393012 1.53672 1.42376 1.65601
0.0395733 1.53933 1.42654 1.65815
0.0398474 1.54195 1.42933 1.66029
0.0401233 1.54457 1.43212 1.66243
0.0404011 1.5472 1.43491 1.66457
0.0406809 1.54982 1.43771 1.6667
0.0409626 1.55245 1.44052 1.66884
0.0412463 1.55509 1.44332 1.67097
0.0415319 1.55772 1.44613 1.67309
0.0418195 1.56035 1.44894 1.67522
0.0421091 1.56298 1.45175 1.67733
0.0424007 1.56561 1.45456 1.67945
0.0426943 1.56824 1.45737 1.68155
0.0429899 1.57087 1.46017 1.68366
0.0432876 1.57349 1.46298 1.68575
0.0435874 1.57611 1.46578 1.68784
0.0438892 1.57872 1.46857 1.68992
0.0441931 1.58133 1.47137 1.69199
0.0444991 1.58393 1.47416 1.69406
0.0448073 1.58653 1.47694 1.69611
0.0451176 1.58911 1.47971 1.69814
0.04543 1.59169 1.48246 1.70017
0.0457446 1.59427 1.4852 1.70219
0.0460614 1.59683 1.48794 1.70421
0.0463803 1.59938 1.49067 1.70621
0.0467015 1.60195 1.4934 1.70825
0.0470249 1.60452 1.49614 1.71028
0.0473505 1.60709 1.49889 1.71231
0.0476784 1.60967 1.50164 1.71433
0.0480086 1.61226 1.5044 1.71635
0.048341 1.61485 1.50715 1.71836
0.0486758 1.61743 1.50991 1.72037
0.0490128 1.62002 1.51267 1.72237
0.0493522 1.62261 1.51542 1.72437
0.049694 1.62519 1.51817 1.72637
0.0500381 1.62777 1.52091 1.72836
0.0503846 1.63034 1.52365 1.73035
0.0507335 1.6329 1.52638 1.73233
0.0510848 1.63546 1.5291 1.7343
0.0514385 1.63801 1.53181 1.73626
0.0517947 1.64054 1.53452 1.73821
0.0521534 1.64306 1.53721 1.74015
0.0525146 1.64557 1.53988 1.74207
0.0528782 1.64807 1.54255 1.74399
0.0532444 1.65055 1.5452 1.74589
0.0536131 1.65301 1.54783 1.74778
0.0539843 1.65545 1.55045 1.74965
0.0543582 1.65787 1.55304 1.75151
0.0547346 1.66027 1.55562 1.75335
0.0551136 1.66264 1.55818 1.75518
0.0554952 1.66499 1.56072 1.75699
0.0558795 1.66732 1.56323 1.75877
0.0562665 1.66962 1.56572 1.76054
0.0566561 1.67189 1.56818 1.76229
0.0570484 1.67414 1.57063 1.76402
0.0574435 1.67638 1.57307 1.76575
0.0578413 1.67861 1.5755 1.76748
0.0582418 1.68083 1.57792 1.7692
0.0586451 1.68305 1.58034 1.77092
0.0590512 1.68525 1.58275 1.77262
0.0594601 1.68744 1.58514 1.77431
0.0598719 1.68961 1.58752 1.77599
0.0602865 1.69177 1.58989 1.77766
0.0607039 1.69392 1.59223 1.77932
0.0611243 1.69604 1.59457 1.78097
0.0615476 1.69815 1.59688 1.7826
0.0619738 1.70024 1.59917 1.78421
0.0624029 1.70231 1.60145 1.78581
0.062835 1.70436 1.6037 1.7874
0.0632701 1.70638 1.60593 1.78899
0.0637083 1.70838 1.60814 1.79055
0.0641494 1.71035 1.61032 1.79209
0.0645936 1.7123 1.61248 1.7936
0.0650409 1.71422 1.61461 1.7951
0.0654913 1.71611 1.61672 1.79657
0.0659448 1.71798 1.61879 1.79802
0.0664015 1.71981 1.62083 1.79944
0.0668613 1.72161 1.62284 1.80083
0.0673243 1.72337 1.62482 1.80219
0.0677905 1.7251 1.62678 1.80352
0.0682599 1.7268 1.6287 1.80482
0.0687326 1.72846 1.6306 1.80609
0.0692086 1.73008 1.63246 1.80732
0.0696878 1.73166 1.6343 1.80852
0.0701704 1.73322 1.63612 1.8097
0.0706563 1.73474 1.63792 1.81085
0.0711456 1.73623 1.6397 1.81197
0.0716382 1.73769 1.64146 1.81307
0.0721343 1.73913 1.6432 1.81414
0.0726338 1.74053 1.64492 1.8152
0.0731368 1.7419 1.64662 1.81623
0.0736432 1.74324 1.6483 1.81724
0.0741532 1.74456 1.64995 1.81823
0.0746667 1.74584 1.65157 1.8192
0.0751837 1.7471 1.65318 1.82015
0.0757044 1.74833 1.65476 1.82109
0.0762286 1.74953 1.65631 1.822
0.0767565 1.7507 1.65784 1.82289
0.077288 1.75184 1.65935 1.82377
0.0778232 1.75296 1.66083 1.82463
0.0783621 1.75405 1.66229 1.82546
0.0789047 1.75511 1.66372 1.82628
0.0794511 1.75615 1.66512 1.82707
0.0800013 1.75716 1.6665 1.82785
0.0805553 1.75814 1.66785 1.82861
0.0811131 1.75909 1.66917 1.82935
0.0816748 1.76002 1.67046 1.83007
0.0822403 1.76093 1.67173 1.83077
0.0828098 1.7618 1.67296 1.83145
0.0833833 1.76266 1.67416 1.83211
0.0839607 1.76348 1.67532 1.83274
0.0845421 1.76429 1.67645 1.83334
0.0851275 1.76506 1.67755 1.83393
0.085717 1.76582 1.67863 1.83448
0.0863106 1.76655 1.67967 1.83501
0.0869082 1.76725 1.68068 1.83552
0.0875101 1.76793 1.68166 1.83601
0.088116 1.76858 1.68261 1.83652
0.0887262 1.7692 1.68353 1.837
0.0893406 1.7698 1.68439 1.83746
0.0899593 1.77037 1.68521 1.8379
0.0905822 1.77092 1.686 1.83831
0.0912095 1.77143 1.68675 1.83871
0.0918411 1.77192 1.68747 1.83909
0.092477 1.77238 1.68815 1.83944
0.0931174 1.77281 1.6888 1.83977
0.0937622 1.77321 1.68941 1.84008
0.0944115 1.77358 1.69 1.8404
0.0950653 1.77391 1.69054 1.8407
0.0957236 1.77422 1.69105 1.84096
0.0963864 1.7745 1.69153 1.8412
0.0970539 1.77475 1.69198 1.84142
0.097726 1.77496 1.6924 1.8416
0.0984027 1.77514 1.69279 1.84176
0.0990841 1.77529 1.69315 1.84189
0.0997702 1.7754 1.69349 1.84199
0.100461 1.77549 1.69381 1.84206
0.101157 1.77553 1.6941 1.8421
0.101857 1.77555 1.69437 1.84211
0.102563 1.77552 1.69463 1.84208
0.103273 1.77547 1.69487 1.84203
0.103988 1.77537 1.69509 1.84194
0.104708 1.77524 1.6953 1.84183
0.105433 1.77507 1.69549 1.84168
0.106163 1.77486 1.69566 1.8415
0.106898 1.77463 1.69582 1.8413
0.107639 1.77435 1.69595 1.84106
0.108384 1.77405 1.69606 1.84079
0.109134 1.77371 1.69615 1.84049
0.10989 1.77334 1.69622 1.84016
0.110651 1.77294 1.69626 1.8398
0.111417 1.77251 1.69627 1.83941
0.112189 1.77204 1.69626 1.83899
0.112966 1.77155 1.69622 1.83853
0.113748 1.77103 1.69614 1.83805
0.114536 1.77049 1.69604 1.83753
0.115329 1.76991 1.69591 1.83698
0.116127 1.76931 1.69575 1.8364
0.116932 1.76868 1.69555 1.83578
0.117741 1.76803 1.69531 1.83513
0.118557 1.76735 1.69505 1.83445
0.119378 1.76665 1.69475 1.83373
0.120204 1.76593 1.69441 1.83297
0.121037 1.76518 1.69403 1.83218
0.121875 1.76441 1.69362 1.83135
0.122719 1.76362 1.69317 1.83049
0.123569 1.76281 1.69268 1.82959
0.124424 1.76198 1.69217 1.82865
0.125286 1.76114 1.69163 1.82767
0.126153 1.76028 1.69106 1.82666
0.127027 1.75939 1.69046 1.82561
0.127907 1.75848 1.68984 1.82453
0.128792 1.75755 1.68919 1.82341
0.129684 1.7566 1.68851 1.82225
0.130582 1.75562 1.68779 1.82105
0.131486 1.75461 1.68705 1.81982
0.132397 1.75357 1.68628 1.81855
0.133314 1.7525 1.68547 1.81725
0.134237 1.7514 1.68463 1.81591
0.135167 1.75027 1.68376 1.81453
0.136103 1.7491 1.68285 1.81311
0.137045 1.7479 1.6819 1.81166
0.137994 1.74666 1.68091 1.81017
0.13895 1.74539 1.67988 1.80864
0.139912 1.74407 1.67881 1.80707
0.140881 1.74271 1.67769 1.80547
0.141856 1.74131 1.67654 1.80383
0.142838 1.73987 1.67534 1.80215
0.143828 1.73838 1.6741 1.80043
0.144824 1.73685 1.67281 1.79868
0.145826 1.73527 1.67148 1.79689
0.146836 1.73363 1.67011 1.79506
0.147853 1.73196 1.66869 1.79319
0.148877 1.73025 1.66725 1.7913
0.149908 1.72851 1.66577 1.78937
0.150946 1.72673 1.66426 1.78742
0.151991 1.72492 1.66272 1.78543
0.153044 1.72307 1.66114 1.78342
0.154103 1.72118 1.65952 1.78136
0.155171 1.71925 1.65787 1.77927
0.156245 1.71728 1.65617 1.77714
0.157327 1.71527 1.65443 1.77498
0.158416 1.71321 1.65265 1.77277
0.159513 1.71112 1.65083 1.77053
0.160618 1.70898 1.64896 1.76824
0.16173 1.7068 1.64705 1.76591
0.16285 1.70457 1.64509 1.76353
0.163978 1.70229 1.64307 1.76111
0.165113 1.69997 1.64101 1.75864
0.166257 1.6976 1.6389 1.75611
0.167408 1.69518 1.63674 1.75354
0.168567 1.69271 1.63452 1.75092
0.169735 1.69019 1.63225 1.74824
0.17091 1.68762 1.62993 1.7455
0.172093 1.68499 1.62755 1.74271
0.173285 1.68231 1.62511 1.73986
0.174485 1.67958 1.6226 1.73695
0.175693 1.6768 1.62004 1.734
0.17691 1.67398 1.61744 1.731
0.178135 1.67112 1.6148 1.72796
0.179369 1.66821 1.61211 1.72487
0.180611 1.66527 1.60937 1.72173
0.181861 1.66227 1.60658 1.71854
0.183121 1.65923 1.60375 1.7153
0.184389 1.65615 1.60086 1.71201
0.185666 1.65301 1.59793 1.70867
0.186951 1.64982 1.59494 1.70527
0.188246 1.64657 1.59189 1.70183
0.189549 1.64327 1.58879 1.69832
0.190862 1.63992 1.58563 1.69476
0.192184 1.63651 1.58242 1.69115
0.193514 1.63303 1.57914 1.68747
0.194854 1.6295 1.57581 1.68374
0.196204 1.6259 1.57241 1.67995
0.197562 1.62224 1.56895 1.6761
0.19893 1.61851 1.56543 1.67218
0.200308 1.61472 1.56184 1.66821
0.201695 1.61086 1.55819 1.66416
0.203092 1.60692 1.55448 1.66006
0.204498 1.60292 1.5507 1.65588
0.205914 1.59884 1.54686 1.65164
0.20734 1.59469 1.54296 1.64733
0.208776 1.59049 1.53901 1.64297
0.210222 1.58622 1.535 1.63855
0.211677 1.58189 1.53095 1.63406
0.213143 1.5775 1.52683 1.62952
0.214619 1.57305 1.52266 1.62492
0.216105 1.56853 1.51842 1.62025
0.217602 1.56394 1.51413 1.61552
0.219109 1.55929 1.50977 1.61072
0.220626 1.55458 1.50535 1.60586
0.222154 1.54979 1.50086 1.60094
0.223692 1.54494 1.49631 1.59594
0.225241 1.54002 1.49169 1.59088
0.226801 1.53503 1.48699 1.58575
0.228371 1.52996 1.48223 1.58055
0.229953 1.52483 1.47739 1.57527
0.231545 1.51962 1.47247 1.56992
0.233148 1.51434 1.46748 1.5645
0.234763 1.50899 1.46242 1.559
0.236389 1.50357 1.45727 1.55342
0.238025 1.49806 1.45204 1.54776
0.239674 1.49249 1.44673 1.54202
0.241333 1.48683 1.44134 1.53619
0.243005 1.48111 1.43587 1.53029
0.244687 1.47531 1.43033 1.52431
0.246382 1.46943 1.42471 1.51824
0.248088 1.46349 1.41901 1.5121
0.249806 1.45747 1.41324 1.50588
0.251536 1.45137 1.40739 1.49958
0.253277 1.4452 1.40146 1.4932
0.255031 1.43895 1.39546 1.48675
0.256797 1.43263 1.38938 1.48022
0.258576 1.42624 1.38323 1.47362
0.260366 1.41977 1.377 1.46694
0.262169 1.41322 1.3707 1.46018
0.263984 1.40659 1.36433 1.45335
0.265813 1.39989 1.35788 1.44644
0.267653 1.39311 1.35136 1.43945
0.269507 1.38626 1.34476 1.43238
0.271373 1.37933 1.33809 1.42524
0.273252 1.37231 1.33135 1.41803
0.275144 1.36522 1.32452 1.41073
0.27705 1.35806 1.31761 1.40336
0.278968 1.35081 1.31063 1.39592
0.2809 1.34348 1.30358 1.38839
0.282845 1.33605 1.29644 1.38078
0.284804 1.32854 1.28922 1.37308
0.286776 1.32093 1.28185 1.3653
0.288762 1.31325 1.2744 1.35743
0.290761 1.30547 1.26687 1.34948
0.292775 1.29762 1.25926 1.34145
0.294802 1.28968 1.25158 1.33333
0.296843 1.28166 1.24382 1.32514
0.298899 1.27357 1.23599 1.31687
0.300969 1.2654 1.22808 1.30852
0.303053 1.25715 1.2201 1.30009
0.305151 1.24884 1.21205 1.29159
0.307265 1.24045 1.20393 1.28301
0.309392 1.232 1.19574 1.27436
0.311535 1.22347 1.18748 1.26565
0.313692 1.21489 1.17915 1.25687
0.315864 1.20624 1.17076 1.24801
0.318052 1.19753 1.1623 1.23907
0.320254 1.18876 1.15377 1.23008
0.322472 1.17993 1.14518 1.221
0.324705 1.17101 1.1365 1.21182
0.326953 1.162 1.12774 1.20253
0.329217 1.15291 1.11888 1.19314
0.331497 1.14373 1.10995 1.18366
0.333792 1.13447 1.10093 1.17408
0.336104 1.12514 1.09184 1.16442
0.338431 1.11574 1.08267 1.15468
0.340775 1.10626 1.07344 1.14486
0.343135 1.09672 1.06413 1.13497
0.345511 1.08711 1.05476 1.12501
0.347903 1.07745 1.04532 1.115
0.350312 1.06773 1.03584 1.10493
0.352738 1.05795 1.0263 1.09481
0.355181 1.04813 1.01671 1.08464
0.35764 1.03826 1.00708 1.07443
0.360117 1.02835 0.997401 1.06417
0.362611 1.0184 0.987689 1.05388
0.365122 1.00841 0.977941 1.04357
0.36765 0.998391 0.968163 1.03324
0.370196 0.988315 0.958333 1.02285
0.372759 0.978156 0.948423 1.01237
0.375341 0.96792 0.93844 1.0018
0.37794 0.957613 0.928388 0.991167
0.380557 0.947239 0.918272 0.980461
0.383192 0.936805 0.908098 0.969692
0.385846 0.926316 0.897871 0.958866
0.388518 0.915778 0.887596 0.94799
0.391208 0.905196 0.877278 0.937069
0.393917 0.894576 0.866922 0.926111
0.396645 0.883923 0.856534 0.91512
0.399391 0.873244 0.846119 0.904102
0.402157 0.862543 0.835682 0.893067
0.404942 0.851826 0.825228 0.882021
0.407746 0.841098 0.814764 0.870966
0.410569 0.830367 0.804294 0.859908
0.413413 0.819636 0.793824 0.848854
0.416275 0.808911 0.783359 0.837809
0.419158 0.798186 0.772895 0.826766
0.42206 0.78741 0.762384 0.815669
0.424983 0.776583 0.751825 0.804518
0.427926 0.765711 0.741224 0.793331
0.430889 0.754802 0.730589 0.782117
0.433873 0.743863 0.719922 0.770872
0.436877 0.732902 0.709232 0.759604
0.439903 0.721925 0.698527 0.748321
0.442949 0.71094 0.687813 0.737033
0.446016 0.699955 0.677098 0.725746
0.449105 0.688976 0.666388 0.714469
0.452215 0.678011 0.65569 0.703209
0.455346 0.667066 0.645009 0.691973
0.458499 0.656151 0.634355 0.68077
0.461674 0.64527 0.623733 0.669609
0.464871 0.634433 0.613151 0.658503
0.46809 0.623645 0.602615 0.647451
0.471332 0.612914 0.592133 0.636458
0.474596 0.602193 0.581661 0.625477
0.477882 0.591461 0.571181 0.614485
0.481191 0.580728 0.560701 0.60349
0.484523 0.569999 0.550227 0.592501
0.487879 0.559282 0.539767 0.581525
0.491257 0.548586 0.529327 0.570571
0.494659 0.537917 0.518915 0.559646
0.498084 0.527284 0.508539 0.548771
0.501533 0.516694 0.498204 0.537943
0.505006 0.506154 0.487919 0.527168
0.508503 0.495673 0.477691 0.516453
0.512024 0.485257 0.467526 0.505815
0.51557 0.474916 0.457433 0.495254
0.51914 0.464655 0.447419 0.484775
0.522735 0.454483 0.43749 0.474393
0.526355 0.444407 0.427655 0.464117
0.53 0.434415 0.417902 0.453923
0.53367 0.424465 0.408193 0.443767
0.537365 0.414561 0.398532 0.433653
0.541087 0.404708 0.388924 0.423587
0.544833 0.394913 0.379375 0.413577
0.548606 0.385184 0.369882 0.403628
0.552405 0.375527 0.360443 0.393749
0.55623 0.365947 0.351082 0.383945
0.560082 0.356453 0.341805 0.374225
0.563961 0.34705 0.33262 0.364594
0.567866 0.337744 0.323531 0.355059
0.571798 0.328544 0.314546 0.345627
0.575758 0.319454 0.30567 0.336305
0.579745 0.310482 0.29691 0.327099
0.583759 0.301635 0.288272 0.318016
0.587802 0.292917 0.279763 0.309061
0.591872 0.284302 0.27136 0.300205
0.595971 0.27578 0.263053 0.291435
0.600097 0.267355 0.254846 0.282756
0.604253 0.25903 0.246743 0.274172
0.608437 0.250811 0.238744 0.26569
0.61265 0.242701 0.230846 0.257315
0.616893 0.234704 0.223062 0.249051
0.621165 0.226825 0.21538 0.240902
0.625466 0.219067 0.207819 0.232872
0.629797 0.211436 0.200384 0.224967
0.634158 0.203935 0.19308 0.21719
0.63855 0.196568 0.18591 0.209548
0.642972 0.189341 0.178877 0.202045
0.647424 0.182256 0.171986 0.194685
0.651907 0.175315 0.165237 0.187469
0.656422 0.168506 0.158626 0.180381
0.660967 0.16183 0.15215 0.173418
0.665544 0.155286 0.145812 0.166584
0.670153 0.148876 0.13961 0.159881
0.674793 0.142602 0.133547 0.153311
0.679466 0.136465 0.127621 0.146879
0.684171 0.130467 0.121834 0.140585
0.688909 0.124608 0.116187 0.134432
0.693679 0.118891 0.11068 0.128422
0.698483 0.113317 0.105313 0.122559
0.70332 0.107887 0.100087 0.116845
0.70819 0.102602 0.0950031 0.111281
0.713094 0.097464 0.0900624 0.105871
0.718032 0.0924779 0.0852706 0.100626
0.723004 0.0876548 0.0806443 0.0955421
0.728011 0.0829923 0.0761809 0.0906166
0.733052 0.0784866 0.0718758 0.0858473
0.738128 0.0741341 0.0677246 0.081232
0.74324 0.0699309 0.0637226 0.0767691
0.748386 0.0658735 0.0598653 0.0724555
0.753569 0.061958 0.0561477 0.0682884
0.758787 0.0581807 0.0525651 0.0642652
0.764041 0.054538 0.0491134 0.0603831
0.769332 0.0510261 0.0457881 0.0566392
0.77466 0.0476412 0.0425852 0.0530305
0.780024 0.0443797 0.0395005 0.0495537
0.785425 0.0412459 0.0365384 0.0462129
0.790864 0.038283 0.0337465 0.0430471
0.796341 0.0354894 0.0311236 0.0400539
0.801855 0.0328546 0.0286573 0.037223
0.807408 0.0303681 0.0263381 0.034544
0.812999 0.0280195 0.0241556 0.0320066
0.818629 0.0257984 0.0220995 0.0296003
0.824297 0.0236943 0.0201589 0.0273151
0.830005 0.0216968 0.0183234 0.0251408
0.835753 0.0197954 0.0165819 0.0230672
0.84154 0.0179797 0.0149239 0.0210831
0.847368 0.0162392 0.0133388 0.0191771
0.853236 0.0145635 0.0118162 0.0173385
0.859144 0.0129867 0.0103966 0.0155959
0.865093 0.0115379 0.00911402 0.013975
0.871084 0.0102086 0.00795802 0.0124689
0.877116 0.00899042 0.0069179 0.0110711
0.88319 0.00787481 0.00598277 0.00977515
0.889305 0.00685329 0.00514157 0.00857475
0.895464 0.0059174 0.00438311 0.00746374
0.901664 0.00505864 0.0036961 0.00643604
0.907908 0.00426853 0.00306918 0.00548559
0.914195 0.00353859 0.0024909 0.00460639
0.920526 0.00286034 0.00194977 0.00379246
0.9269 0.002228 0.00143702 0.00304045
0.933319 0.00170429 0.00101672 0.00241242
0.939782 0.00130394 0.000707062 0.00192011
0.946289 0.00100724 0.000490809 0.00154138
0.952842 0.000794479 0.000350523 0.00125427
0.95944 0.000645954 0.000268557 0.00103709
0.966084 0.000541956 0.000227095 0.000868292
0.972774 0.000462776 0.000208203 0.000726472
0.97951 0.000388708 0.000193908 0.00059026
0.986293 0.000300045 0.000166281 0.000438244
0.993123 0.000177077 0.0001075 0.000248895
