0.001 0.493535 -0.929659 1.33948
0.00100692 0.492974 -0.927506 1.33747
0.0010139 0.492417 -0.925354 1.33547
0.00102092 0.491865 -0.923204 1.33347
0.00102799 0.491317 -0.921055 1.33147
0.00103511 0.490773 -0.918907 1.32948
0.00104227 0.490234 -0.916761 1.3275
0.00104949 0.489699 -0.914615 1.32552
0.00105676 0.489168 -0.91247 1.32355
0.00106408 0.488642 -0.910327 1.32158
0.00107145 0.488121 -0.908184 1.31961
0.00107886 0.487603 -0.906042 1.31765
0.00108634 0.487091 -0.903901 1.3157
0.00109386 0.486582 -0.901762 1.31375
0.00110143 0.486077 -0.899624 1.3118
0.00110906 0.485577 -0.897488 1.30986
0.00111674 0.485081 -0.895354 1.30793
0.00112447 0.484589 -0.893221 1.30599
0.00113226 0.484101 -0.891089 1.30407
0.0011401 0.483617 -0.888958 1.30214
0.001148 0.483138 -0.886829 1.30023
0.00115594 0.482662 -0.884701 1.29831
0.00116395 0.482191 -0.882574 1.2964
0.00117201 0.481724 -0.880449 1.2945
0.00118013 0.481261 -0.878324 1.2926
0.0011883 0.480803 -0.876201 1.29071
0.00119653 0.480348 -0.874079 1.28882
0.00120481 0.479898 -0.871957 1.28694
0.00121315 0.479452 -0.869837 1.28506
0.00122156 0.47901 -0.867718 1.28319
0.00123001 0.478573 -0.865599 1.28132
0.00123853 0.478139 -0.863482 1.27946
0.00124711 0.47771 -0.861365 1.2776
0.00125574 0.477285 -0.859249 1.27575
0.00126444 0.476864 -0.857133 1.27391
0.0012732 0.476447 -0.855019 1.27207
0.00128201 0.476034 -0.852905 1.27023
0.00129089 0.475626 -0.850791 1.2684
0.00129983 0.475222 -0.848678 1.26658
0.00130883 0.474822 -0.846566 1.26476
0.00131789 0.474426 -0.844454 1.26295
0.00132702 0.474034 -0.842343 1.26115
0.00133621 0.473647 -0.840232 1.25935
0.00134546 0.473264 -0.838122 1.25755
0.00135478 0.472885 -0.836012 1.25577
0.00136416 0.472509 -0.833905 1.25399
0.00137361 0.472138 -0.8318 1.25221
0.00138312 0.471771 -0.829697 1.25044
0.0013927 0.471407 -0.827597 1.24867
0.00140234 0.471048 -0.825497 1.24691
0.00141205 0.470692 -0.8234 1.24516
0.00142183 0.470341 -0.821304 1.24341
0.00143167 0.469994 -0.819209 1.24166
0.00144159 0.469651 -0.817115 1.23993
0.00145157 0.469312 -0.815021 1.23819
0.00146162 0.468977 -0.812928 1.23647
0.00147174 0.468646 -0.810835 1.23475
0.00148194 0.46832 -0.808743 1.23303
0.0014922 0.467998 -0.80665 1.23132
0.00150253 0.46768 -0.804557 1.22962
0.00151293 0.467366 -0.802464 1.22792
0.00152341 0.467057 -0.80037 1.22622
0.00153396 0.466753 -0.798274 1.22454
0.00154458 0.466452 -0.796178 1.22286
0.00155528 0.466157 -0.794081 1.22118
0.00156605 0.465865 -0.791981 1.21951
0.00157689 0.465578 -0.789881 1.21785
0.00158781 0.465296 -0.787778 1.21619
0.00159881 0.465019 -0.785673 1.21455
0.00160988 0.464746 -0.783566 1.2129
0.00162103 0.464477 -0.781456 1.21127
0.00163225 0.464214 -0.779343 1.20964
0.00164355 0.463955 -0.777227 1.20803
0.00165494 0.4637 -0.775109 1.20644
0.0016664 0.463451 -0.772986 1.20485
0.00167794 0.463206 -0.770861 1.20327
0.00168955 0.462966 -0.768731 1.2017
0.00170125 0.462731 -0.766598 1.20013
0.00171303 0.4625 -0.764461 1.19857
0.0017249 0.462274 -0.76232 1.19701
0.00173684 0.462052 -0.760177 1.19546
0.00174887 0.461834 -0.75803 1.19391
0.00176098 0.461621 -0.755881 1.19238
0.00177317 0.461412 -0.753728 1.19084
0.00178545 0.461208 -0.751573 1.18931
0.00179782 0.461008 -0.749416 1.18779
0.00181027 0.460813 -0.747256 1.18628
0.0018228 0.460622 -0.745094 1.18477
0.00183542 0.460436 -0.74293 1.18326
0.00184813 0.460254 -0.740764 1.18176
0.00186093 0.460077 -0.738597 1.18027
0.00187382 0.459904 -0.736428 1.17878
0.00188679 0.459736 -0.734257 1.1773
0.00189986 0.459573 -0.732085 1.17583
0.00191301 0.459414 -0.729912 1.17436
0.00192626 0.45926 -0.727739 1.1729
0.0019396 0.459111 -0.725564 1.17145
0.00195303 0.458966 -0.723389 1.17
0.00196656 0.458826 -0.721213 1.16856
0.00198017 0.458691 -0.719037 1.16712
0.00199389 0.45856 -0.716861 1.16569
0.00200769 0.458434 -0.714685 1.16427
0.0020216 0.458313 -0.71251 1.16285
0.00203559 0.458197 -0.710334 1.16144
0.00204969 0.458086 -0.708159 1.16004
0.00206388 0.457979 -0.705985 1.15864
0.00207818 0.457878 -0.703812 1.15725
0.00209257 0.457781 -0.701639 1.15586
0.00210706 0.457689 -0.699468 1.15448
0.00212165 0.457602 -0.697298 1.15311
0.00213634 0.45752 -0.69513 1.15175
0.00215113 0.457443 -0.692963 1.15039
0.00216603 0.45737 -0.690797 1.14903
0.00218103 0.457302 -0.688631 1.14769
0.00219613 0.457238 -0.686467 1.14634
0.00221134 0.45718 -0.684303 1.14501
0.00222665 0.457126 -0.68214 1.14368
0.00224207 0.457077 -0.679977 1.14236
0.0022576 0.457033 -0.677814 1.14104
0.00227323 0.456993 -0.67565 1.13973
0.00228897 0.456958 -0.673487 1.13842
0.00230482 0.456928 -0.671322 1.13713
0.00232078 0.456902 -0.669157 1.13583
0.00233685 0.456882 -0.666991 1.13455
0.00235303 0.456866 -0.664824 1.13327
0.00236933 0.456854 -0.662656 1.13199
0.00238574 0.456848 -0.660486 1.13073
0.00240226 0.456846 -0.658315 1.12947
0.00241889 0.456849 -0.656142 1.12821
0.00243564 0.456857 -0.653966 1.12696
0.00245251 0.456869 -0.651789 1.12572
0.00246949 0.456886 -0.649609 1.12449
0.00248659 0.456908 -0.647426 1.12326
0.00250381 0.456935 -0.645241 1.12203
0.00252115 0.456966 -0.643052 1.12082
0.00253861 0.457002 -0.640861 1.11961
0.00255619 0.457043 -0.638666 1.1184
0.00257389 0.457089 -0.636467 1.11721
0.00259171 0.457139 -0.634265 1.11601
0.00260966 0.457194 -0.632059 1.11483
0.00262773 0.457254 -0.629849 1.11365
0.00264592 0.457318 -0.627634 1.11248
0.00266425 0.457388 -0.625416 1.11131
0.0026827 0.457462 -0.623194 1.11015
0.00270127 0.457541 -0.620969 1.109
0.00271998 0.457624 -0.618742 1.10785
0.00273881 0.457712 -0.616512 1.10671
0.00275778 0.457805 -0.614279 1.10558
0.00277688 0.457903 -0.612044 1.10445
0.0027961 0.458006 -0.609806 1.10333
0.00281547 0.458113 -0.607565 1.10221
0.00283496 0.458225 -0.605321 1.1011
0.00285459 0.458342 -0.603075 1.1
0.00287436 0.458463 -0.600825 1.0989
0.00289427 0.45859 -0.598574 1.09781
0.00291431 0.458721 -0.596319 1.09673
0.00293449 0.458856 -0.594062 1.09565
0.00295481 0.458997 -0.591802 1.09458
0.00297527 0.459142 -0.58954 1.09351
0.00299587 0.459292 -0.587275 1.09245
0.00301662 0.459447 -0.585007 1.0914
0.00303751 0.459606 -0.582736 1.09036
0.00305854 0.45977 -0.580464 1.08932
0.00307972 0.459939 -0.578188 1.08828
0.00310105 0.460113 -0.57591 1.08726
0.00312252 0.460291 -0.573629 1.08624
0.00314414 0.460474 -0.571346 1.08523
0.00316592 0.460662 -0.56906 1.08422
0.00318784 0.460854 -0.566772 1.08322
0.00320991 0.461052 -0.564481 1.08223
0.00323214 0.461254 -0.562187 1.08124
0.00325452 0.46146 -0.559891 1.08027
0.00327706 0.461672 -0.557593 1.0793
0.00329975 0.461888 -0.555292 1.07833
0.0033226 0.462109 -0.552989 1.07738
0.00334561 0.462334 -0.550683 1.07643
0.00336878 0.462565 -0.548376 1.07548
0.00339211 0.4628 -0.546068 1.07454
0.0034156 0.463041 -0.543757 1.07361
0.00343925 0.463286 -0.541445 1.07269
0.00346306 0.463536 -0.53913 1.07177
0.00348704 0.463791 -0.536814 1.07086
0.00351119 0.464051 -0.534495 1.06996
0.00353551 0.464316 -0.532173 1.06906
0.00355999 0.464585 -0.52985 1.06817
0.00358464 0.464859 -0.527523 1.06728
0.00360946 0.465138 -0.525194 1.06641
0.00363446 0.465422 -0.522862 1.06553
0.00365962 0.46571 -0.520527 1.06467
0.00368497 0.466003 -0.518189 1.06381
0.00371048 0.466301 -0.515847 1.06296
0.00373618 0.466603 -0.513502 1.06211
0.00376205 0.46691 -0.511154 1.06128
0.0037881 0.467221 -0.508802 1.06044
0.00381433 0.467537 -0.506446 1.05962
0.00384075 0.467858 -0.504087 1.0588
0.00386734 0.468183 -0.501723 1.05799
0.00389412 0.468512 -0.499356 1.05718
0.00392109 0.468846 -0.496984 1.05639
0.00394824 0.469185 -0.494608 1.05559
0.00397558 0.469528 -0.492228 1.05481
0.00400311 0.469875 -0.489843 1.05403
0.00403083 0.470227 -0.487453 1.05326
0.00405874 0.470583 -0.485058 1.05249
0.00408685 0.470944 -0.482659 1.05174
0.00411515 0.471309 -0.480255 1.05098
0.00414365 0.471678 -0.477845 1.05024
0.00417234 0.472052 -0.47543 1.0495
0.00420123 0.47243 -0.473012 1.04877
0.00423032 0.472812 -0.470589 1.04805
0.00425962 0.473199 -0.468163 1.04734
0.00428911 0.47359 -0.465733 1.04663
0.00431882 0.473986 -0.463299 1.04594
0.00434872 0.474386 -0.460861 1.04525
0.00437884 0.47479 -0.458419 1.04457
0.00440916 0.475199 -0.455973 1.0439
0.00443969 0.475613 -0.453523 1.04324
0.00447043 0.476031 -0.451069 1.04258
0.00450139 0.476454 -0.448611 1.04193
0.00453256 0.476881 -0.446148 1.04128
0.00456395 0.477312 -0.443682 1.04064
0.00459555 0.477748 -0.441211 1.04001
0.00462737 0.478189 -0.438736 1.03938
0.00465942 0.478635 -0.436257 1.03876
0.00469168 0.479085 -0.433774 1.03814
0.00472417 0.479539 -0.431286 1.03754
0.00475689 0.479998 -0.428794 1.03693
0.00478983 0.480462 -0.426297 1.03634
0.00482299 0.48093 -0.423796 1.03575
0.00485639 0.481403 -0.421291 1.03516
0.00489002 0.481881 -0.418781 1.03458
0.00492388 0.482363 -0.416267 1.03401
0.00495798 0.482851 -0.413749 1.03344
0.00499231 0.483342 -0.411226 1.03288
0.00502688 0.483839 -0.408699 1.03232
0.00506169 0.48434 -0.406167 1.03177
0.00509674 0.484846 -0.403631 1.03123
0.00513204 0.485356 -0.40109 1.03069
0.00516757 0.485872 -0.398544 1.03015
0.00520336 0.486392 -0.395994 1.02962
0.00523939 0.486917 -0.39344 1.0291
0.00527567 0.487447 -0.390882 1.02858
0.0053122 0.487981 -0.388322 1.02807
0.00534899 0.488521 -0.385758 1.02757
0.00538603 0.489065 -0.38319 1.02707
0.00542333 0.489614 -0.380619 1.02658
0.00546088 0.490168 -0.378043 1.02609
0.0054987 0.490726 -0.375463 1.02561
0.00553677 0.49129 -0.37288 1.02513
0.00557511 0.491858 -0.370292 1.02466
0.00561372 0.49243 -0.367699 1.0242
0.00565259 0.493008 -0.365103 1.02374
0.00569174 0.49359 -0.362502 1.02329
0.00573115 0.494176 -0.359896 1.02285
0.00577084 0.494767 -0.357286 1.02241
0.0058108 0.495363 -0.354672 1.02198
0.00585104 0.495963 -0.352053 1.02155
0.00589155 0.496568 -0.349429 1.02113
0.00593235 0.497177 -0.346801 1.02071
0.00597343 0.497791 -0.344168 1.02031
0.00601479 0.49841 -0.34153 1.0199
0.00605645 0.499032 -0.338887 1.01951
0.00609838 0.499659 -0.336239 1.01911
0.00614061 0.500291 -0.333586 1.01873
0.00618314 0.500927 -0.330928 1.01835
0.00622595 0.501567 -0.328266 1.01798
0.00626907 0.502212 -0.325599 1.01761
0.00631248 0.502861 -0.322927 1.01725
0.00635619 0.503514 -0.320249 1.01689
0.0064002 0.504171 -0.317565 1.01654
0.00644452 0.504833 -0.314877 1.0162
0.00648915 0.505499 -0.312182 1.01586
0.00653409 0.50617 -0.309483 1.01553
0.00657933 0.506844 -0.306778 1.0152
0.00662489 0.507523 -0.304069 1.01488
0.00667077 0.508207 -0.301354 1.01457
0.00671696 0.508894 -0.298635 1.01427
0.00676347 0.509587 -0.295911 1.01397
0.00681031 0.510283 -0.293182 1.01367
0.00685747 0.510984 -0.290449 1.01339
0.00690495 0.51169 -0.28771 1.01311
0.00695277 0.5124 -0.284967 1.01283
0.00700092 0.513114 -0.282218 1.01257
0.0070494 0.513833 -0.279465 1.0123
0.00709821 0.514556 -0.276707 1.01205
0.00714736 0.515284 -0.273944 1.0118
0.00719686 0.516016 -0.271176 1.01156
0.00724669 0.516753 -0.268403 1.01132
0.00729687 0.517494 -0.265626 1.01109
0.0073474 0.518239 -0.262843 1.01086
0.00739828 0.518989 -0.260056 1.01064
0.00744951 0.519744 -0.257264 1.01043
0.0075011 0.520503 -0.254467 1.01022
0.00755304 0.521266 -0.251665 1.01002
0.00760534 0.522034 -0.248858 1.00982
0.00765801 0.522807 -0.246046 1.00963
0.00771104 0.523583 -0.243229 1.00945
0.00776444 0.524365 -0.240408 1.00927
0.0078182 0.525151 -0.237582 1.00909
0.00787234 0.525941 -0.23475 1.00892
0.00792685 0.526736 -0.231914 1.00876
0.00798175 0.527536 -0.229073 1.0086
0.00803702 0.52834 -0.226228 1.00845
0.00809267 0.529148 -0.223377 1.0083
0.00814871 0.529962 -0.220521 1.00816
0.00820514 0.530779 -0.217662 1.00803
0.00826196 0.531601 -0.2148 1.0079
0.00831917 0.532427 -0.211933 1.00777
0.00837678 0.533258 -0.209063 1.00765
0.00843478 0.534094 -0.206188 1.00754
0.00849319 0.534933 -0.20331 1.00744
0.008552 0.535777 -0.200427 1.00734
0.00861122 0.536626 -0.197539 1.00724
0.00867086 0.537479 -0.194648 1.00716
0.0087309 0.538337 -0.191751 1.00707
0.00879136 0.539199 -0.188851 1.007
0.00885224 0.540066 -0.185945 1.00693
0.00891353 0.540937 -0.183035 1.00687
0.00897526 0.541812 -0.18012 1.00681
0.00903741 0.542693 -0.1772 1.00676
0.00909999 0.543577 -0.174274 1.00672
0.00916301 0.544467 -0.171344 1.00668
0.00922646 0.545361 -0.168408 1.00665
0.00929035 0.546259 -0.165467 1.00662
0.00935468 0.547162 -0.162521 1.0066
0.00941946 0.54807 -0.159569 1.00659
0.00948469 0.548982 -0.156611 1.00658
0.00955037 0.549899 -0.153648 1.00658
0.0096165 0.550821 -0.150679 1.00658
0.00968309 0.551747 -0.147704 1.00659
0.00975014 0.552678 -0.144723 1.00661
0.00981766 0.553613 -0.141736 1.00664
0.00988564 0.554553 -0.138743 1.00667
0.0099541 0.555498 -0.135744 1.0067
0.010023 0.556448 -0.132739 1.00674
0.0100924 0.557402 -0.129728 1.00679
0.0101623 0.558361 -0.126711 1.00685
0.0102327 0.559324 -0.123687 1.00691
0.0103036 0.560292 -0.120659 1.00698
0.0103749 0.561263 -0.117626 1.00705
0.0104467 0.56224 -0.114587 1.00713
0.0105191 0.56322 -0.111544 1.00722
0.0105919 0.564205 -0.108495 1.00732
0.0106653 0.565194 -0.105441 1.00742
0.0107391 0.566188 -0.102383 1.00753
0.0108135 0.567186 -0.0993188 1.00764
0.0108884 0.568188 -0.0962499 1.00777
0.0109638 0.569196 -0.0931759 1.0079
0.0110397 0.570208 -0.0900968 1.00803
0.0111161 0.571224 -0.0870127 1.00817
0.0111931 0.572246 -0.0839234 1.00832
0.0112706 0.573272 -0.080829 1.00848
0.0113487 0.574303 -0.0777295 1.00864
0.0114273 0.575339 -0.074625 1.00881
0.0115064 0.576379 -0.0715153 1.00898
0.0115861 0.577425 -0.0684006 1.00917
0.0116663 0.578476 -0.0652807 1.00935
0.0117471 0.579531 -0.0621558 1.00955
0.0118284 0.580592 -0.0590257 1.00975
0.0119103 0.581658 -0.0558906 1.00996
0.0119928 0.582729 -0.0527504 1.01017
0.0120759 0.583806 -0.0496052 1.01039
0.0121595 0.584888 -0.0464548 1.01061
0.0122437 0.585975 -0.0432994 1.01085
0.0123285 0.587067 -0.040139 1.01108
0.0124138 0.588165 -0.0369735 1.01133
0.0124998 0.589268 -0.0338029 1.01158
0.0125864 0.590377 -0.0306274 1.01183
0.0126735 0.591491 -0.0274468 1.0121
0.0127613 0.592611 -0.0242615 1.01237
0.0128496 0.593735 -0.0210724 1.01264
0.0129386 0.594864 -0.0178794 1.01292
0.0130282 0.595998 -0.0146825 1.01321
0.0131184 0.597136 -0.0114816 1.01351
0.0132093 0.598279 -0.0082767 1.01381
0.0133007 0.599427 -0.00506772 1.01412
0.0133929 0.60058 -0.00185465 1.01444
0.0134856 0.601738 0.00136257 1.01476
0.013579 0.6029 0.00458398 1.01509
0.013673 0.604068 0.0078096 1.01543
0.0137677 0.605242 0.0110395 1.01577
0.013863 0.60642 0.0142737 1.01613
0.013959 0.607604 0.0175122 1.01649
0.0140557 0.608793 0.0207551 1.01685
0.014153 0.609987 0.0240025 1.01723
0.014251 0.611187 0.0272542 1.01761
0.0143497 0.612392 0.0305105 1.018
0.0144491 0.613603 0.0337713 1.01839
0.0145491 0.61482 0.0370366 1.01879
0.0146499 0.616042 0.0403065 1.0192
0.0147513 0.61727 0.043581 1.01962
0.0148535 0.618504 0.0468602 1.02005
0.0149563 0.619743 0.050144 1.02048
0.0150599 0.620989 0.0534325 1.02092
0.0151642 0.622241 0.0567258 1.02137
0.0152692 0.623498 0.0600238 1.02182
0.0153749 0.624762 0.0633266 1.02229
0.0154814 0.626032 0.0666342 1.02276
0.0155886 0.627308 0.0699466 1.02323
0.0156965 0.62859 0.0732638 1.02372
0.0158052 0.629879 0.076586 1.02421
0.0159147 0.631174 0.0799126 1.02471
0.0160249 0.632474 0.0832431 1.02522
0.0161359 0.633779 0.0865773 1.02574
0.0162476 0.635089 0.0899153 1.02626
0.0163601 0.636405 0.0932568 1.0268
0.0164734 0.637727 0.0966019 1.02734
0.0165875 0.639054 0.0999504 1.02789
0.0167023 0.640386 0.103302 1.02844
0.016818 0.641724 0.106658 1.02901
0.0169345 0.643068 0.110016 1.02958
0.0170517 0.644417 0.113378 1.03017
0.0171698 0.645773 0.116743 1.03076
0.0172887 0.647134 0.120111 1.03136
0.0174084 0.648502 0.123483 1.03197
0.017529 0.649875 0.126857 1.03258
0.0176503 0.651254 0.130235 1.03321
0.0177726 0.65264 0.133617 1.03384
0.0178956 0.654032 0.137001 1.03449
0.0180196 0.65543 0.140388 1.03514
0.0181443 0.656834 0.143778 1.0358
0.01827 0.658245 0.147171 1.03647
0.0183965 0.659662 0.150567 1.03715
0.0185239 0.661086 0.153965 1.03784
0.0186522 0.662517 0.157367 1.03853
0.0187813 0.663954 0.160771 1.03924
0.0189114 0.665398 0.164177 1.03995
0.0190423 0.666849 0.167586 1.04068
0.0191742 0.668306 0.170997 1.04141
0.019307 0.669771 0.174411 1.04216
0.0194407 0.671242 0.177827 1.04291
0.0195753 0.672721 0.181246 1.04367
0.0197108 0.674206 0.184667 1.04444
0.0198473 0.675698 0.188089 1.04522
0.0199848 0.677196 0.191514 1.04602
0.0201232 0.6787 0.19494 1.04682
0.0202625 0.68021 0.198368 1.04763
0.0204028 0.681726 0.201797 1.04845
0.0205441 0.683248 0.205228 1.04928
0.0206864 0.684776 0.20866 1.05014
0.0208296 0.686311 0.212094 1.05102
0.0209739 0.687852 0.215528 1.0519
0.0211191 0.689399 0.218964 1.0528
0.0212653 0.690953 0.222401 1.0537
0.0214126 0.692514 0.225838 1.05462
0.0215609 0.694081 0.229277 1.05555
0.0217102 0.695655 0.232716 1.05649
0.0218605 0.697236 0.236156 1.05744
0.0220119 0.698824 0.239596 1.0584
0.0221643 0.700418 0.243037 1.05937
0.0223178 0.70202 0.246478 1.06035
0.0224723 0.703629 0.24992 1.06134
0.022628 0.705245 0.253361 1.06234
0.0227846 0.706868 0.256803 1.06336
0.0229424 0.708499 0.260245 1.06438
0.0231013 0.710137 0.263686 1.06542
0.0232613 0.711782 0.267128 1.06646
0.0234223 0.713435 0.270569 1.06752
0.0235845 0.715096 0.274009 1.06858
0.0237479 0.716764 0.277449 1.06966
0.0239123 0.71844 0.280889 1.07075
0.0240779 0.720124 0.284328 1.07185
0.0242446 0.721816 0.287766 1.07296
0.0244125 0.723515 0.291203 1.07408
0.0245816 0.725223 0.29464 1.07521
0.0247518 0.726938 0.298075 1.07635
0.0249232 0.72866 0.30151 1.0775
0.0250958 0.730389 0.304943 1.07867
0.0252695 0.732126 0.308375 1.07985
0.0254445 0.73387 0.311805 1.08104
0.0256207 0.735622 0.315234 1.08224
0.0257981 0.73738 0.31866 1.08346
0.0259768 0.739146 0.322084 1.08468
0.0261567 0.74092 0.325506 1.08592
0.0263378 0.742701 0.328925 1.08717
0.0265202 0.744489 0.332341 1.08843
0.0267038 0.746285 0.335754 1.0897
0.0268887 0.748088 0.339163 1.09099
0.0270749 0.749898 0.342569 1.09229
0.0272624 0.751716 0.345972 1.09359
0.0274512 0.753541 0.34937 1.09491
0.0276413 0.755374 0.352765 1.09625
0.0278327 0.757214 0.356156 1.09759
0.0280254 0.759062 0.359542 1.09894
0.0282195 0.760917 0.362924 1.10031
0.0284149 0.76278 0.366302 1.10169
0.0286117 0.76465 0.369675 1.10308
0.0288098 0.766528 0.373043 1.10448
0.0290093 0.768413 0.376404 1.10589
0.0292102 0.770305 0.379759 1.10731
0.0294125 0.772206 0.383108 1.10874
0.0296161 0.774113 0.386453 1.11019
0.0298212 0.776029 0.389792 1.11164
0.0300277 0.777952 0.393126 1.11311
0.0302357 0.779882 0.396455 1.11459
0.030445 0.78182 0.399779 1.11607
0.0306559 0.783767 0.403099 1.11757
0.0308681 0.785722 0.406416 1.11909
0.0310819 0.787684 0.409727 1.12062
0.0312971 0.789655 0.413034 1.12217
0.0315139 0.791634 0.416336 1.12373
0.0317321 0.793621 0.419632 1.1253
0.0319518 0.795615 0.422922 1.1269
0.0321731 0.797617 0.426206 1.12854
0.0323959 0.799628 0.429483 1.13019
0.0326202 0.801645 0.432754 1.13185
0.0328461 0.80367 0.436017 1.13352
0.0330735 0.805703 0.439273 1.13521
0.0333026 0.807743 0.442521 1.1369
0.0335332 0.809791 0.445761 1.13861
0.0337654 0.811845 0.448993 1.14032
0.0339992 0.813907 0.452217 1.14205
0.0342346 0.815976 0.455432 1.14378
0.0344717 0.818052 0.458638 1.14552
0.0347104 0.820135 0.461835 1.14727
0.0349508 0.822225 0.465023 1.14903
0.0351928 0.824322 0.468202 1.1508
0.0354365 0.826426 0.471372 1.15258
0.0356819 0.828536 0.474531 1.15436
0.035929 0.830653 0.477681 1.15615
0.0361778 0.832776 0.480822 1.15794
0.0364283 0.834906 0.483953 1.15974
0.0366805 0.837042 0.487073 1.16155
0.0369345 0.839185 0.490184 1.16335
0.0371903 0.841334 0.493286 1.16516
0.0374478 0.843489 0.496377 1.16697
0.0377071 0.845652 0.49946 1.16879
0.0379682 0.847824 0.502537 1.17062
0.0382312 0.850007 0.505607 1.17245
0.0384959 0.852199 0.508669 1.1743
0.0387625 0.854401 0.511725 1.17615
0.0390309 0.856611 0.514773 1.17802
0.0393012 0.85883 0.517812 1.17989
0.0395733 0.861056 0.520844 1.18177
0.0398474 0.863291 0.523867 1.18366
0.0401233 0.865532 0.526881 1.18555
0.0404011 0.867781 0.529885 1.18745
0.0406809 0.870036 0.532881 1.18936
0.0409626 0.872298 0.535867 1.19127
0.0412463 0.874566 0.538844 1.19319
0.0415319 0.876839 0.541811 1.19511
0.0418195 0.879118 0.544768 1.19705
0.0421091 0.881401 0.547715 1.19898
0.0424007 0.88369 0.550652 1.20092
0.0426943 0.885982 0.553578 1.20286
0.0429899 0.888278 0.556494 1.20481
0.0432876 0.890578 0.559399 1.20676
0.0435874 0.892881 0.562294 1.20871
0.0438892 0.895187 0.565178 1.21066
0.0441931 0.897495 0.568051 1.21262
0.0444991 0.899805 0.570915 1.21457
0.0448073 0.902117 0.573768 1.21653
0.0451176 0.904431 0.57661 1.21849
0.04543 0.906746 0.579443 1.22044
0.0457446 0.909061 0.582266 1.2224
0.0460614 0.911377 0.58508 1.22435
0.0463803 0.913695 0.587884 1.22631
0.0467015 0.916022 0.590686 1.22827
0.0470249 0.918358 0.59349 1.23023
0.0473505 0.920704 0.596296 1.23221
0.0476784 0.923057 0.599103 1.23419
0.0480086 0.925418 0.601912 1.23618
0.048341 0.927786 0.604722 1.23822
0.0486758 0.93016 0.607533 1.24027
0.0490128 0.932539 0.610344 1.24233
0.0493522 0.934922 0.613155 1.24439
0.049694 0.937309 0.615965 1.24646
0.0500381 0.939699 0.618775 1.24854
0.0503846 0.942091 0.621583 1.25062
0.0507335 0.944485 0.624388 1.2527
0.0510848 0.94688 0.627188 1.25478
0.0514385 0.949274 0.629984 1.25687
0.0517947 0.951668 0.632775 1.25896
0.0521534 0.954061 0.635561 1.26105
0.0525146 0.956451 0.638341 1.26313
0.0528782 0.958839 0.641116 1.26522
0.0532444 0.961223 0.643886 1.2673
0.0536131 0.963602 0.64665 1.26938
0.0539843 0.965976 0.649408 1.27146
0.0543582 0.968345 0.65216 1.27353
0.0547346 0.970707 0.654906 1.27559
0.0551136 0.973062 0.657645 1.27765
0.0554952 0.975409 0.660378 1.2797
0.0558795 0.977747 0.663104 1.28173
0.0562665 0.980075 0.665823 1.28376
0.0566561 0.982393 0.668536 1.28578
0.0570484 0.984705 0.671242 1.28778
0.0574435 0.987019 0.673946 1.28979
0.0578413 0.989335 0.676645 1.2918
0.0582418 0.991652 0.679342 1.2938
0.0586451 0.993969 0.682035 1.29581
0.0590512 0.996286 0.684726 1.29781
0.0594601 0.998601 0.687414 1.29981
0.0598719 1.00092 0.690098 1.3018
0.0602865 1.00323 0.692781 1.30379
0.0607039 1.00553 0.69546 1.30577
0.0611243 1.00784 0.698138 1.30774
0.0615476 1.01014 0.700814 1.30971
0.0619738 1.01243 0.703487 1.31167
0.0624029 1.01472 0.70616 1.31362
0.062835 1.017 0.708831 1.31555
0.0632701 1.01927 0.7115 1.31748
0.0637083 1.02154 0.714169 1.31939
0.0641494 1.0238 0.716838 1.32128
0.0645936 1.02604 0.719505 1.32316
0.0650409 1.02828 0.722173 1.32502
0.0654913 1.0305 0.724841 1.32686
0.0659448 1.03272 0.727507 1.32868
0.0664015 1.03492 0.730172 1.33048
0.0668613 1.03711 0.732838 1.33226
0.0673243 1.03928 0.735505 1.33402
0.0677905 1.04144 0.738174 1.33575
0.0682599 1.04358 0.740844 1.33745
0.0687326 1.04571 0.743516 1.33912
0.0692086 1.04782 0.746191 1.34077
0.0696878 1.04992 0.74887 1.34239
0.0701704 1.052 0.751556 1.34399
0.0706563 1.05406 0.75425 1.34556
0.0711456 1.05611 0.75695 1.34711
0.0716382 1.05815 0.759657 1.34864
0.0721343 1.06018 0.762369 1.35015
0.0726338 1.06219 0.765086 1.35163
0.0731368 1.06419 0.767808 1.35309
0.0736432 1.06618 0.770533 1.35452
0.0741532 1.06816 0.773262 1.35593
0.0746667 1.07012 0.775993 1.35732
0.0751837 1.07208 0.778726 1.35868
0.0757044 1.07402 0.78146 1.36002
0.0762286 1.07596 0.784196 1.36133
0.0767565 1.07789 0.786932 1.36262
0.077288 1.0798 0.789668 1.36388
0.0778232 1.08171 0.792403 1.36512
0.0783621 1.08361 0.795138 1.36634
0.0789047 1.08551 0.797872 1.36752
0.0794511 1.08739 0.800603 1.36869
0.0800013 1.08927 0.803333 1.36982
0.0805553 1.09114 0.806061 1.37093
0.0811131 1.09301 0.808786 1.37202
0.0816748 1.09487 0.811507 1.37308
0.0822403 1.09672 0.814226 1.37411
0.0828098 1.09857 0.81694 1.37512
0.0833833 1.10041 0.819651 1.3761
0.0839607 1.10225 0.822357 1.37706
0.0845421 1.10409 0.825059 1.37798
0.0851275 1.10593 0.827766 1.37888
0.085717 1.10776 0.83048 1.37975
0.0863106 1.1096 0.833202 1.38058
0.0869082 1.11143 0.83593 1.38138
0.0875101 1.11325 0.838663 1.38215
0.088116 1.11508 0.841401 1.38289
0.0887262 1.1169 0.844144 1.3836
0.0893406 1.11871 0.846889 1.38428
0.0899593 1.12052 0.849637 1.38493
0.0905822 1.12232 0.852386 1.38556
0.0912095 1.12411 0.855136 1.38616
0.0918411 1.12589 0.857886 1.38673
0.092477 1.12766 0.860635 1.38728
0.0931174 1.12942 0.863383 1.3878
0.0937622 1.13117 0.866128 1.3883
0.0944115 1.1329 0.86887 1.38877
0.0950653 1.13463 0.871608 1.38923
0.0957236 1.13634 0.874342 1.38966
0.0963864 1.13803 0.87707 1.39007
0.0970539 1.13971 0.879793 1.39046
0.097726 1.14137 0.882508 1.39082
0.0984027 1.14301 0.885216 1.39117
0.0990841 1.14464 0.887915 1.3915
0.0997702 1.14624 0.890606 1.39182
0.100461 1.14783 0.893287 1.39211
0.101157 1.14939 0.895957 1.39239
0.101857 1.15093 0.898617 1.39265
0.102563 1.15245 0.901268 1.3929
0.103273 1.15396 0.903928 1.39312
0.103988 1.15546 0.906598 1.39333
0.104708 1.15695 0.909276 1.39351
0.105433 1.15842 0.91196 1.39367
0.106163 1.15988 0.914649 1.39381
0.106898 1.16133 0.91734 1.39393
0.107639 1.16277 0.920032 1.39403
0.108384 1.16419 0.922722 1.3941
0.109134 1.16559 0.925409 1.39415
0.10989 1.16698 0.928091 1.39418
0.110651 1.16835 0.930766 1.39419
0.111417 1.1697 0.933432 1.39417
0.112189 1.17104 0.936087 1.39414
0.112966 1.17235 0.93873 1.39407
0.113748 1.17365 0.941358 1.39399
0.114536 1.17493 0.943969 1.39388
0.115329 1.17618 0.946562 1.39375
0.116127 1.17742 0.949136 1.39359
0.116932 1.17863 0.951687 1.39341
0.117741 1.17981 0.954214 1.39321
0.118557 1.18098 0.956716 1.39298
0.119378 1.18212 0.95919 1.39272
0.120204 1.18324 0.961635 1.39244
0.121037 1.18433 0.964049 1.39214
0.121875 1.18539 0.966429 1.39181
0.122719 1.18642 0.968776 1.39145
0.123569 1.18744 0.971093 1.39107
0.124424 1.18844 0.973399 1.39067
0.125286 1.18942 0.975694 1.39025
0.126153 1.19039 0.977977 1.38981
0.127027 1.19134 0.980245 1.38934
0.127907 1.19228 0.982498 1.38885
0.128792 1.19319 0.984733 1.38834
0.129684 1.19409 0.98695 1.38781
0.130582 1.19496 0.989147 1.38725
0.131486 1.19581 0.991322 1.38666
0.132397 1.19664 0.993474 1.38605
0.133314 1.19744 0.995602 1.38542
0.134237 1.19821 0.997704 1.38475
0.135167 1.19896 0.999778 1.38406
0.136103 1.19968 1.00182 1.38335
0.137045 1.20037 1.00384 1.3826
0.137994 1.20103 1.00582 1.38183
0.13895 1.20165 1.00777 1.38102
0.139912 1.20224 1.00969 1.38019
0.140881 1.2028 1.01157 1.37932
0.141856 1.20332 1.01341 1.37842
0.142838 1.2038 1.01522 1.37749
0.143828 1.20425 1.01698 1.37653
0.144824 1.20465 1.01871 1.37553
0.145826 1.20502 1.02039 1.3745
0.146836 1.20534 1.02203 1.37344
0.147853 1.20563 1.02363 1.37234
0.148877 1.20589 1.0252 1.37123
0.149908 1.20612 1.02676 1.37009
0.150946 1.20632 1.02829 1.36892
0.151991 1.20649 1.02979 1.36773
0.153044 1.20663 1.03126 1.36651
0.154103 1.20674 1.0327 1.36527
0.155171 1.20682 1.03411 1.36399
0.156245 1.20686 1.03548 1.36269
0.157327 1.20687 1.03682 1.36135
0.158416 1.20684 1.03812 1.35998
0.159513 1.20677 1.03938 1.35858
0.160618 1.20667 1.0406 1.35714
0.16173 1.20653 1.04177 1.35566
0.16285 1.20635 1.0429 1.35415
0.163978 1.20612 1.04399 1.35259
0.165113 1.20586 1.04503 1.35099
0.166257 1.20555 1.04602 1.34936
0.167408 1.2052 1.04696 1.34767
0.168567 1.20481 1.04785 1.34595
0.169735 1.20436 1.04868 1.34417
0.17091 1.20388 1.04946 1.34235
0.172093 1.20334 1.05018 1.34048
0.173285 1.20276 1.05085 1.33857
0.174485 1.20212 1.05145 1.33659
0.175693 1.20145 1.05201 1.33458
0.17691 1.20074 1.05252 1.33252
0.178135 1.2 1.05299 1.33042
0.179369 1.19921 1.05341 1.32829
0.180611 1.1984 1.05379 1.32611
0.181861 1.19754 1.05413 1.32389
0.183121 1.19664 1.05441 1.32163
0.184389 1.19569 1.05465 1.31933
0.185666 1.19471 1.05484 1.31698
0.186951 1.19367 1.05497 1.3146
0.188246 1.19259 1.05506 1.31216
0.189549 1.19146 1.05509 1.30969
0.190862 1.19028 1.05506 1.30716
0.192184 1.18905 1.05499 1.30459
0.193514 1.18776 1.05485 1.30198
0.194854 1.18642 1.05466 1.29932
0.196204 1.18502 1.05441 1.29661
0.197562 1.18356 1.05411 1.29385
0.19893 1.18205 1.05374 1.29104
0.200308 1.18047 1.05331 1.28819
0.201695 1.17883 1.05282 1.28528
0.203092 1.17712 1.05227 1.28233
0.204498 1.17535 1.05165 1.27932
0.205914 1.17351 1.05097 1.27626
0.20734 1.17161 1.05024 1.27316
0.208776 1.16966 1.04945 1.27001
0.210222 1.16765 1.04862 1.26681
0.211677 1.16559 1.04774 1.26357
0.213143 1.16347 1.0468 1.26029
0.214619 1.16129 1.04581 1.25696
0.216105 1.15906 1.04475 1.25359
0.217602 1.15677 1.04364 1.25017
0.219109 1.15441 1.04247 1.24671
0.220626 1.152 1.04124 1.24319
0.222154 1.14953 1.03994 1.23962
0.223692 1.14699 1.03857 1.236
0.225241 1.14439 1.03713 1.23232
0.226801 1.14172 1.03563 1.22859
0.228371 1.13899 1.03405 1.2248
0.229953 1.1362 1.0324 1.22095
0.231545 1.13333 1.03067 1.21704
0.233148 1.1304 1.02887 1.21307
0.234763 1.1274 1.02699 1.20904
0.236389 1.12433 1.02503 1.20495
0.238025 1.12119 1.02299 1.2008
0.239674 1.11798 1.02086 1.19658
0.241333 1.1147 1.01865 1.19229
0.243005 1.11136 1.01637 1.18794
0.244687 1.10794 1.01401 1.18353
0.246382 1.10446 1.01157 1.17905
0.248088 1.10091 1.00906 1.17451
0.249806 1.09729 1.00648 1.16991
0.251536 1.0936 1.00382 1.16525
0.253277 1.08985 1.00108 1.16052
0.255031 1.08602 0.998273 1.15573
0.256797 1.08213 0.995387 1.15088
0.258576 1.07817 0.992425 1.14597
0.260366 1.07413 0.989387 1.14099
0.262169 1.07002 0.986273 1.13596
0.263984 1.06585 0.983082 1.13086
0.265813 1.0616 0.979815 1.1257
0.267653 1.05728 0.976471 1.12049
0.269507 1.05288 0.97305 1.11521
0.271373 1.04841 0.969552 1.10987
0.273252 1.04387 0.965977 1.10448
0.275144 1.03926 0.962325 1.09902
0.27705 1.03457 0.958595 1.09351
0.278968 1.02981 0.954787 1.08793
0.2809 1.02496 0.950899 1.0823
0.282845 1.02004 0.94693 1.07659
0.284804 1.01503 0.942878 1.07081
0.286776 1.00993 0.938743 1.06496
0.288762 1.00476 0.934518 1.05905
0.290761 0.99951 0.930211 1.05307
0.292775 0.994182 0.925822 1.04702
0.294802 0.988777 0.921353 1.0409
0.296843 0.983298 0.916802 1.03472
0.298899 0.977746 0.912172 1.02848
0.300969 0.972123 0.907462 1.02217
0.303053 0.966429 0.902673 1.0158
0.305151 0.960666 0.897805 1.00936
0.307265 0.954836 0.892861 1.00287
0.309392 0.948939 0.887839 0.996307
0.311535 0.942979 0.882742 0.989689
0.313692 0.936955 0.877569 0.98301
0.315864 0.930869 0.872321 0.976272
0.318052 0.924723 0.866997 0.969477
0.320254 0.918518 0.861582 0.962627
0.322472 0.912253 0.856095 0.955717
0.324705 0.905907 0.850521 0.948726
0.326953 0.899476 0.844853 0.941652
0.329217 0.892964 0.839091 0.934498
0.331497 0.886373 0.833244 0.927266
0.333792 0.879707 0.827316 0.919962
0.336104 0.872967 0.821309 0.912595
0.338431 0.866157 0.815227 0.905167
0.340775 0.859279 0.809071 0.897677
0.343135 0.852337 0.802845 0.890128
0.345511 0.845333 0.796552 0.882524
0.347903 0.83827 0.790193 0.874867
0.350312 0.831151 0.783773 0.867162
0.352738 0.823979 0.777293 0.859412
0.355181 0.816756 0.770757 0.85162
0.35764 0.809486 0.764167 0.84379
0.360117 0.802171 0.757526 0.835926
0.362611 0.794814 0.750837 0.828029
0.365122 0.787417 0.744103 0.820105
0.36765 0.779984 0.737325 0.812155
0.370196 0.772495 0.730487 0.804159
0.372759 0.764927 0.723567 0.796088
0.375341 0.757284 0.716569 0.787949
0.37794 0.749571 0.709497 0.779758
0.380557 0.741793 0.702357 0.771512
0.383192 0.733955 0.695152 0.763223
0.385846 0.726062 0.687887 0.754885
0.388518 0.718117 0.680567 0.746503
0.391208 0.710127 0.673196 0.738082
0.393917 0.702095 0.665778 0.729626
0.396645 0.694028 0.658313 0.721141
0.399391 0.685928 0.650809 0.712631
0.402157 0.677802 0.643273 0.704102
0.404942 0.669654 0.635709 0.695559
0.407746 0.661489 0.628122 0.687007
0.410569 0.653312 0.620516 0.678451
0.413413 0.645126 0.612895 0.669898
0.416275 0.636938 0.605263 0.661349
0.419158 0.628742 0.597617 0.652798
0.42206 0.620492 0.589915 0.644205
0.424983 0.612189 0.582155 0.635566
0.427926 0.603839 0.574345 0.626892
0.430889 0.595449 0.56649 0.618189
0.433873 0.587024 0.558594 0.609465
0.436877 0.57857 0.550662 0.600725
0.439903 0.570095 0.542703 0.591967
0.442949 0.561604 0.534722 0.583199
0.446016 0.553104 0.526724 0.574425
0.449105 0.5446 0.518716 0.565654
0.452215 0.5361 0.510704 0.55689
0.455346 0.527608 0.502693 0.548139
0.458499 0.519133 0.494689 0.539409
0.461674 0.51068 0.486698 0.530706
0.464871 0.502254 0.478728 0.522034
0.46809 0.493863 0.470782 0.513401
0.471332 0.485512 0.462868 0.504811
0.474596 0.477161 0.454947 0.496223
0.477882 0.468792 0.447004 0.487618
0.481191 0.46041 0.439044 0.479002
0.484523 0.452024 0.431075 0.470383
0.487879 0.44364 0.423101 0.461766
0.491257 0.435263 0.415131 0.45316
0.494659 0.426901 0.407169 0.444571
0.498084 0.418561 0.399223 0.436006
0.501533 0.410248 0.391299 0.427471
0.505006 0.40197 0.383404 0.418974
0.508503 0.393733 0.375543 0.41052
0.512024 0.385544 0.367723 0.402117
0.51557 0.377409 0.359951 0.39377
0.51914 0.369335 0.352232 0.385487
0.522735 0.361328 0.344574 0.377274
0.526355 0.353395 0.336984 0.369138
0.53 0.345526 0.32945 0.361078
0.53367 0.337683 0.321938 0.353055
0.537365 0.329869 0.314451 0.345059
0.541087 0.32209 0.306995 0.337104
0.544833 0.314351 0.299573 0.329188
0.548606 0.306659 0.292177 0.321317
0.552405 0.29902 0.284829 0.313496
0.55623 0.291438 0.277534 0.305732
0.560082 0.283919 0.270298 0.298029
0.563961 0.276471 0.263126 0.290395
0.567866 0.269097 0.256026 0.282835
0.571798 0.261804 0.249002 0.275355
0.575758 0.254597 0.24206 0.267962
0.579745 0.247482 0.235205 0.260665
0.583759 0.240466 0.228444 0.253464
0.587802 0.233552 0.221781 0.246365
0.591872 0.226717 0.215194 0.239343
0.595971 0.219952 0.208675 0.232386
0.600097 0.21326 0.202228 0.225497
0.604253 0.206645 0.195855 0.218681
0.608437 0.200111 0.189557 0.211942
0.61265 0.19366 0.183336 0.205284
0.616893 0.187298 0.177197 0.198711
0.621165 0.181027 0.171137 0.192227
0.625466 0.174852 0.165169 0.185837
0.629797 0.168776 0.159298 0.179545
0.634158 0.162803 0.153528 0.173355
0.63855 0.156936 0.147861 0.16727
0.642972 0.151179 0.142301 0.161296
0.647424 0.145536 0.136853 0.155436
0.651907 0.140009 0.131518 0.149691
0.656422 0.134584 0.126287 0.144045
0.660967 0.129263 0.121161 0.138498
0.665544 0.124046 0.116137 0.133051
0.670153 0.118935 0.111218 0.127707
0.674793 0.11393 0.106406 0.122468
0.679466 0.109034 0.101702 0.117337
0.684171 0.104247 0.0971048 0.112316
0.688909 0.0995709 0.0926171 0.107406
0.693679 0.0950072 0.0882391 0.10261
0.698483 0.090557 0.0839718 0.0979314
0.70332 0.0862217 0.079816 0.0933705
0.70819 0.0820026 0.0757728 0.0889294
0.713094 0.0779011 0.0718432 0.0846116
0.718032 0.0739208 0.0680319 0.0804258
0.723004 0.0700699 0.0643507 0.0763672
0.728011 0.0663465 0.0607974 0.0724346
0.733052 0.0627476 0.0573688 0.0686258
0.738128 0.0592705 0.0540615 0.0649393
0.74324 0.0559121 0.0508722 0.0613741
0.748386 0.0526698 0.0477971 0.0579276
0.753569 0.0495405 0.0448328 0.0545977
0.758787 0.0465214 0.0419756 0.0513825
0.764041 0.0436097 0.0392222 0.0482799
0.769332 0.0408025 0.0365695 0.0452877
0.77466 0.0380969 0.0340143 0.0424036
0.780024 0.0354901 0.0315535 0.0396252
0.785425 0.0329855 0.0291905 0.0369555
0.790864 0.0306173 0.0269628 0.0344254
0.796341 0.0283841 0.0248694 0.032033
0.801855 0.0262776 0.0229013 0.02977
0.807408 0.0242895 0.0210505 0.0276282
0.812999 0.0224115 0.0193076 0.0255993
0.818629 0.0206352 0.017665 0.0236752
0.824297 0.0189524 0.0161145 0.0218477
0.830005 0.0173548 0.0146478 0.0201088
0.835753 0.015834 0.0132561 0.0184504
0.84154 0.0143818 0.0119311 0.0168636
0.847368 0.0129897 0.0106644 0.0153393
0.853236 0.0116497 0.00944763 0.013869
0.859144 0.0103886 0.00831317 0.0124755
0.865093 0.00922991 0.00728806 0.0111793
0.871084 0.00816672 0.00636399 0.00997474
0.877116 0.00719231 0.00553245 0.00885671
0.88319 0.00629989 0.00478476 0.00782006
0.889305 0.0054827 0.00411209 0.00685979
0.895464 0.00473398 0.00350554 0.00597099
0.901664 0.00404694 0.00295609 0.0051488
0.907908 0.00341481 0.00245468 0.00438841
0.914195 0.00283083 0.00199218 0.00368502
0.920526 0.00228823 0.00155943 0.00303388
0.9269 0.00178239 0.0011494 0.00243234
0.933319 0.00136346 0.00081331 0.00192997
0.939782 0.00104321 0.000565677 0.00153617
0.946289 0.000805857 0.000392725 0.00123321
0.952842 0.000635651 0.000280516 0.00100353
0.95944 0.000516825 0.000214941 0.000829775
0.966084 0.000433616 0.000181754 0.000694719
0.972774 0.000370258 0.000166615 0.000581239
0.97951 0.00031099 0.000155152 0.000472245
0.986293 0.000240046 0.000133027 0.000350611
0.993123 0.000141664 8.59911e-05 0.000199119
