1e-08 1.4646255 0.9422821 -2.6269252 13.53777 1.4805939 1.7023864
1.1748975549395302e-08 1.4613762 0.9374616 -2.6070435 13.431828 1.4763741 1.6938294
1.3803842646028838e-08 1.458042 0.93255854 -2.5867205 13.325216 1.4720618 1.685134
1.6218100973589297e-08 1.4546224 0.9275712 -2.5659533 13.217957 1.4676526 1.6763005
1.9054607179632482e-08 1.4511125 0.9224986 -2.5447428 13.11005 1.4631432 1.6673265
2.2387211385683378e-08 1.447509 0.91734016 -2.5230742 13.001483 1.4585325 1.6582123
2.6302679918953814e-08 1.4438087 0.91209465 -2.5009482 12.892258 1.4538163 1.6489552
3.090295432513592e-08 1.4400079 0.90676135 -2.4783547 12.782355 1.4489923 1.6395572
3.6307805477010175e-08 1.436101 0.90133905 -2.4552865 12.67176 1.4440588 1.6300159
4.265795188015925e-08 1.432086 0.895827 -2.4317348 12.56044 1.4390107 1.6203316
5.011872336272725e-08 1.4279572 0.8902237 -2.4076908 12.448371 1.4338454 1.6105034
5.8884365535558836e-08 1.4237102 0.8845293 -2.3831437 12.335522 1.4285605 1.6005313
6.918309709189362e-08 1.4193411 0.87874204 -2.3580823 12.221842 1.4231504 1.5904157
8.128305161640995e-08 1.4148427 0.8728614 -2.3325 12.107292 1.4176131 1.5801557
9.549925860214369e-08 1.4102131 0.86688584 -2.3063812 11.991801 1.4119449 1.5697519
1.122018454301963e-07 1.4054455 0.8608149 -2.2797115 11.875331 1.4061418 1.559204
1.3182567385564074e-07 1.4005343 0.8546472 -2.2524848 11.757812 1.4002001 1.5485134
1.5488166189124826e-07 1.3954741 0.84838146 -2.2246857 11.639165 1.394117 1.5376793
1.8197008586099824e-07 1.39026 0.84201676 -2.1963022 11.519323 1.3878875 1.5267025
2.1379620895022324e-07 1.3848859 0.8355514 -2.1673207 11.3982115 1.3815087 1.5155851
2.5118864315095823e-07 1.3793458 0.82898426 -2.1377273 11.275746 1.3749759 1.5043268
2.95120922666639e-07 1.3736347 0.8223142 -2.1075125 11.151844 1.3682868 1.4929292
3.4673685045253164e-07 1.3677471 0.8155397 -2.0766573 11.026411 1.3614379 1.4813946
4.0738027780411303e-07 1.361677 0.8086599 -2.0451486 10.899368 1.3544258 1.469724
4.78630092322638e-07 1.355418 0.80167335 -2.0129733 10.770614 1.3472466 1.4579198
5.62341325190349e-07 1.348966 0.7945789 -1.9801159 10.640063 1.3398985 1.4459836
6.606934480075964e-07 1.342314 0.787376 -1.9465541 10.507616 1.3323767 1.4339188
7.762471166286927e-07 1.3354574 0.78006333 -1.9122764 10.373177 1.3246804 1.4217278
9.120108393559096e-07 1.3283914 0.7726408 -1.8772621 10.236665 1.3168048 1.4094146
1.071519305237607e-06 1.3211104 0.765108 -1.8414901 10.097979 1.3087503 1.3969817
1.2589254117941661e-06 1.3136088 0.75746423 -1.804943 9.957031 1.3005121 1.3844333
1.479108388168207e-06 1.3058825 0.7497093 -1.7675965 9.813738 1.2920885 1.3717728
1.7378008287493763e-06 1.2979255 0.74184287 -1.7294241 9.668023 1.2834774 1.359005
2.0417379446695316e-06 1.2897338 0.7338642 -1.6904066 9.519794 1.2746768 1.3461341
2.3988329190194948e-06 1.2813023 0.7257725 -1.6505122 9.369 1.2656844 1.3331649
2.818382931264455e-06 1.2726252 0.71756643 -1.6097183 9.215569 1.2564976 1.3201007
3.3113112148259145e-06 1.2636997 0.70924366 -1.5679935 9.059443 1.2471147 1.3069463
3.890451449942805e-06 1.2545183 0.7008006 -1.525312 8.90058 1.2375326 1.2937057
4.570881896148752e-06 1.2450774 0.69223255 -1.4816408 8.738953 1.2277498 1.2803828
5.370317963702533e-06 1.2353708 0.68353313 -1.4369495 8.5745325 1.2177621 1.2669792
6.309573444801943e-06 1.2253946 0.67469263 -1.3912122 8.407307 1.2075673 1.2534976
7.413102413009177e-06 1.2151421 0.66569936 -1.3443916 8.237293 1.197162 1.2399386
8.709635899560814e-06 1.2046083 0.65653783 -1.2964584 8.064503 1.1865431 1.2263006
1.0232929922807536e-05 1.1937873 0.6471883 -1.2473836 7.88899 1.1757061 1.2125808
1.2022644346174132e-05 1.1826721 0.63762665 -1.1971344 7.710801 1.1646478 1.1987734
1.4125375446227555e-05 1.1712577 0.6278224 -1.1456814 7.5300274 1.1533641 1.1848695
1.6595869074375632e-05 1.1595371 0.6177396 -1.0929945 7.346759 1.1418507 1.1708584
1.9498445997580493e-05 1.1475031 0.6073356 -1.0390443 7.1611404 1.1301049 1.1567239
2.290867652767775e-05 1.1351497 0.59656256 -0.9838032 6.973312 1.1181219 1.1424474
2.691534803926914e-05 1.1224706 0.58536696 -0.927245 6.783458 1.105901 1.128009
3.1622776601683795e-05 1.10946 0.5736934 -0.86934495 6.591793 1.0934389 1.1133871
3.715352290971728e-05 1.0961131 0.5614885 -0.81007624 6.398558 1.0807368 1.0985645
4.3651583224016654e-05 1.0824292 0.5487075 -0.7494193 6.204029 1.0677974 1.0835289
5.128613839913659e-05 1.0684085 0.53532267 -0.68735254 6.008515 1.0546285 1.0682803
6.0255958607435806e-05 1.0540572 0.52133447 -0.6238553 5.8123775 1.0412422 1.0528368
7.079457843841388e-05 1.0393914 0.506782 -0.55890423 5.615992 1.0276592 1.0372411
8.317637711026709e-05 1.02443 0.4917515 -0.49247906 5.4197974 1.0139078 1.0215603
9.772372209558111e-05 1.0092084 0.47637856 -0.4245551 5.2242417 1.0000285 1.0058877
0.0001148153621496884 0.9937686 0.46084094 -0.35510594 5.0298104 0.9860709 0.99033433
0.0001348962882591656 0.97816503 0.44534323 -0.2841179 4.837002 0.9720952 0.9750168
0.00015848931924611142 0.9624621 0.43009043 -0.21157315 4.646307 0.9581695 0.9600418
0.00018620871366628695 0.94672966 0.4152617 -0.13747317 4.45817 0.94436616 0.9454904
0.00021877616239495564 0.93104357 0.40098774 -0.061833378 4.273031 0.9307591 0.93140864
0.0002570395782768865 0.91548246 0.38733876 0.015304874 4.091207 0.9174222 0.91780454
0.0003019951720402019 0.9001256 0.3743261 0.09387633 3.912983 0.90442663 0.9046512
0.000354813389233576 0.8850539 0.3619134 0.17379713 3.738529 0.89184254 0.891897
0.0004168693834703355 0.8703511 0.3500339 0.25495464 3.5679162 0.87973976 0.8794758
0.0004897788193684466 0.856104 0.33860776 0.33721974 3.4011333 0.8681914 0.8673143
0.0005754399373371578 0.84240663 0.3275561 0.4204529 3.2380817 0.85727596 0.8553401
0.0006760829753919819 0.8293596 0.31680945 0.5044999 3.0785875 0.8470802 0.8434837
0.0007943282347242822 0.81707317 0.30631357 0.589204 2.9224343 0.83770275 0.83167934
0.0009332543007969925 0.80566895 0.2960298 0.6744023 2.7693803 0.8292552 0.8198647
0.0010964781961431873 0.79528016 0.2859346 0.75993484 2.6191912 0.8218657 0.8079757
0.001288249551693135 0.78605354 0.27601752 0.8456376 2.4716659 0.81567925 0.79594827
0.0015135612484362103 0.7781487 0.26627806 0.9313489 2.3266804 0.81086063 0.78371453
0.0017782794100389264 0.771743 0.2567234 1.0169033 2.184176 0.80759424 0.7712071
0.0020892961308540407 0.767032 0.24736467 1.1021343 2.0442054 0.8060843 0.7583615
0.0024547089156850338 0.7642304 0.23821467 1.1868781 1.9069308 0.8065486 0.74512404
0.0028840315031266116 0.7635771 0.2292847 1.2709632 1.7726085 0.80921525 0.7314559
0.0033884415613920273 0.76533544 0.22058225 1.3542299 1.6415445 0.8143118 0.71733254
0.003981071705534978 0.76979303 0.2121091 1.4365104 1.5140975 0.8220597 0.7027318
0.004677351412871991 0.777259 0.20386001 1.5176226 1.3905729 0.8326687 0.6876188
0.005495408738576248 0.7880548 0.19582309 1.5973446 1.2712954 0.846339 0.6719391
0.006456542290346563 0.8025038 0.18798406 1.6753963 1.1567262 0.8632609 0.65562963
0.0075857757502918515 0.8209158 0.18033206 1.7514184 1.0476754 0.8836091 0.63864094
0.008912509381337459 0.8435703 0.17286465 1.824961 0.94552153 0.90752983 0.6209541
0.010471285480509006 0.8706848 0.16558838 1.8954682 0.8520457 0.93511903 0.602581
0.012302687708123837 0.9023906 0.15851434 1.962224 0.7687917 0.9663957 0.5835544
0.01445439770745928 0.9386893 0.1516496 2.0242727 0.6958235 1.0012653 0.56391186
0.01698243652461746 0.97940946 0.14498806 2.0802705 0.6308035 1.039483 0.5436863
0.01995262314968883 1.024158 0.13851042 2.1283357 0.56945866 1.0806103 0.52290106
0.023442288153199275 1.0722793 0.1321918 2.1659024 0.50772715 1.123976 0.5015795
0.02754228703338169 1.1228187 0.12601674 2.1897187 0.44445524 1.1686499 0.47975832
0.032359365692962876 1.1745143 0.11998791 2.1959813 0.38280076 1.2134326 0.45750445
0.0380189396320562 1.225819 0.11412041 2.1807086 0.32942083 1.2568724 0.4349213
0.04466835921509635 1.2749614 0.108418465 2.140241 0.29096642 1.297322 0.41215044
0.052480746024977334 1.3200406 0.102848746 2.0718722 0.26906624 1.33302 0.3893588
0.061659500186148346 1.359149 0.09732349 1.9744728 0.25823843 1.3621964 0.3667247
0.07244359600749906 1.3904874 0.09171326 1.8490264 0.25000456 1.3831856 0.34442228
0.08511380382023777 1.4124535 0.08589165 1.6989961 0.23806752 1.3945152 0.32261094
0.1 1.4236314 0.0798038 1.5303612 0.21970779 1.3949172 0.30142862
0.1 1.4236314 0.0798038 1.5303612 0.21970779 1.3949172 0.30142862
0.101 1.4239372 0.07942022 1.5195153 0.21834555 1.3945574 0.30014428
0.10200000000000001 1.424195 0.079039626 1.508738 0.21697195 1.3941563 0.29887518
0.10300000000000001 1.4244052 0.07866212 1.4980313 0.21558692 1.3937134 0.2976215
0.10400000000000001 1.4245676 0.078287594 1.4873952 0.21418825 1.3932302 0.29638255
0.10500000000000001 1.4246846 0.07791609 1.4768308 0.21277612 1.3927078 0.29515812
0.10600000000000001 1.4247565 0.07754758 1.4663396 0.21135868 1.3921475 0.29394826
0.10700000000000001 1.424785 0.0771821 1.4559231 0.20992626 1.3915486 0.29275215
0.10800000000000001 1.4247708 0.076819584 1.4455796 0.2084864 1.3909147 0.29157
0.10900000000000001 1.4247142 0.07646006 1.4353113 0.20703548 1.3902436 0.2904012
0.11 1.4246166 0.07610349 1.4251186 0.20557404 1.3895383 0.28924564
0.111 1.4244777 0.07574989 1.4150025 0.20410599 1.3887979 0.28810307
0.112 1.4243002 0.07539923 1.4049618 0.20263049 1.3880242 0.28697336
0.113 1.4240842 0.075051464 1.3949986 0.20114371 1.3872181 0.28585616
0.114 1.4238302 0.074706726 1.3851132 0.19965227 1.3863783 0.28475118
0.115 1.4235383 0.0743649 1.3753047 0.19815157 1.3855082 0.2836584
0.116 1.4232103 0.074025914 1.3655729 0.19664323 1.3846067 0.2825774
0.117 1.4228463 0.07368995 1.3559201 0.19512916 1.3836745 0.2815082
0.11800000000000001 1.4224474 0.073356815 1.3463463 0.1936069 1.3827131 0.28045046
0.11900000000000001 1.4220136 0.07302663 1.3368504 0.19207849 1.3817217 0.27940395
0.12000000000000001 1.4215461 0.072699316 1.3274307 0.19054714 1.3807014 0.27836868
0.12100000000000001 1.421045 0.0723749 1.3180901 0.18900621 1.3796533 0.2773442
0.122 1.4205117 0.0720533 1.3088284 0.18746078 1.378577 0.2763307
0.123 1.4199463 0.07173475 1.2996446 0.18590759 1.3774736 0.27532762
0.124 1.4193497 0.071418904 1.2905401 0.18435031 1.3763424 0.27433512
0.125 1.4187216 0.07110603 1.2815123 0.18278822 1.3751858 0.2733529
0.126 1.4180628 0.07079598 1.2725639 0.18121919 1.3740026 0.27238086
0.127 1.4173743 0.07048877 1.2636911 0.17964616 1.3727927 0.27141893
0.128 1.416656 0.07018444 1.2548984 0.17806685 1.3715587 0.2704668
0.129 1.4159095 0.069883 1.2461809 0.17648403 1.3702991 0.26952457
0.13 1.4151342 0.069584414 1.2375425 0.17489241 1.3690144 0.26859206
0.131 1.4143311 0.06928868 1.2289795 0.173299 1.3677058 0.26766932
0.132 1.4135 0.06899583 1.2204947 0.17169878 1.3663718 0.26675612
0.133 1.412642 0.06870586 1.212086 0.17009415 1.3650144 0.2658524
0.134 1.4117566 0.06841876 1.2037529 0.16848233 1.363634 0.26495817
0.135 1.4108464 0.068134636 1.1954962 0.16686769 1.3622293 0.26407358
0.136 1.4099088 0.06785343 1.1873143 0.16524822 1.3608015 0.26319832
0.137 1.4089466 0.06757515 1.1792083 0.16361997 1.35935 0.26233262
0.138 1.4079589 0.06729986 1.1711773 0.1619893 1.3578761 0.26147655
0.139 1.4069461 0.06702757 1.1632198 0.1603521 1.3563795 0.26063007
0.14 1.4059091 0.0667584 1.1553367 0.1587112 1.3548601 0.25979346
0.14100000000000001 1.4048487 0.06649235 1.147528 0.15706164 1.3533182 0.25896674
0.14200000000000002 1.4037641 0.06622951 1.1397921 0.15541074 1.3517538 0.25815004
0.14300000000000002 1.402656 0.06596983 1.132129 0.1537519 1.3501678 0.25734377
0.14400000000000002 1.4015253 0.06571355 1.1245375 0.15208906 1.3485595 0.25654793
0.14500000000000002 1.400371 0.065460645 1.1170188 0.15042219 1.3469292 0.25576296
0.14600000000000002 1.3991951 0.06521132 1.1095717 0.14875282 1.3452779 0.2549891
0.14700000000000002 1.3979962 0.06496556 1.1021941 0.14707617 1.3436043 0.25422668
0.14800000000000002 1.3967761 0.06472359 1.094887 0.14539936 1.3419107 0.25347596
0.14900000000000002 1.395534 0.06448541 1.0876507 0.14371881 1.3401954 0.25273764
0.15000000000000002 1.3942704 0.06425125 1.0804826 0.14203507 1.3384588 0.25201184
0.15100000000000002 1.3929852 0.0640211 1.0733823 0.14035098 1.336702 0.25129923
0.15200000000000002 1.3916807 0.06379529 1.0663508 0.13866645 1.3349246 0.25059986
0.153 1.3903539 0.06357378 1.059386 0.13698375 1.3331273 0.24991457
0.154 1.3890065 0.06335679 1.0524882 0.13530232 1.3313106 0.24924336
0.155 1.3876392 0.063144386 1.0456555 0.1336234 1.3294739 0.24858686
0.156 1.3862513 0.06293674 1.0388875 0.13195252 1.3276181 0.24794534
0.157 1.3848432 0.06273383 1.032185 0.13028364 1.3257437 0.24731906
0.158 1.383416 0.062535845 1.025545 0.12862477 1.3238515 0.24670799
0.159 1.3819681 0.062342722 1.0189676 0.12697393 1.321941 0.24611259
0.16 1.3805003 0.062154595 1.0124525 0.12533338 1.320013 0.24553259
0.161 1.379013 0.061971407 1.0059971 0.12370645 1.3180683 0.24496807
0.162 1.3775064 0.061793145 0.9996032 0.12209415 1.3161069 0.24441856
0.163 1.3759803 0.061619647 0.9932682 0.1204973 1.3141296 0.24388395
0.164 1.3744346 0.061450902 0.98699045 0.11891581 1.3121369 0.24336363
0.165 1.3728693 0.061286785 0.9807714 0.11735476 1.3101289 0.2428572
0.166 1.3712856 0.06112701 0.9746085 0.115813375 1.308107 0.2423637
0.167 1.3696815 0.06097149 0.9685012 0.11429416 1.3060709 0.24188249
0.168 1.3680595 0.06081996 0.96244895 0.112796515 1.3040208 0.24141268
0.169 1.3664176 0.06067212 0.9564509 0.11132333 1.3019581 0.24095304
0.17 1.3647572 0.060527805 0.95050555 0.1098735 1.2998823 0.24050276
0.171 1.3630778 0.060386624 0.94461244 0.10844924 1.2977947 0.2400605
0.17200000000000001 1.3613791 0.06024824 0.93877107 0.10705077 1.2956955 0.23962529
0.173 1.3596616 0.060112447 0.9329807 0.10567771 1.2935843 0.23919582
0.174 1.3579262 0.05997884 0.9272404 0.10433286 1.2914628 0.23877083
0.175 1.3561714 0.059847143 0.9215485 0.10301302 1.2893304 0.23834942
0.176 1.3543984 0.059717026 0.91590613 0.10171977 1.2871876 0.23793025
0.177 1.3526069 0.05958824 0.9103104 0.10045272 1.2850347 0.23751244
0.178 1.3507969 0.05946041 0.90476257 0.09921424 1.2828712 0.23709483
0.179 1.3489686 0.05933338 0.899261 0.09799987 1.2806984 0.2366764
0.18 1.3471221 0.05920684 0.8938048 0.096811906 1.2785164 0.23625652
0.181 1.3452579 0.05908061 0.8883943 0.09564858 1.276325 0.23583433
0.182 1.3433748 0.05895445 0.883028 0.09451261 1.2741241 0.2354091
0.183 1.341475 0.058828194 0.8777059 0.09339999 1.2719134 0.23498029
0.184 1.3395572 0.0587017 0.872428 0.09231113 1.2696944 0.23454729
0.185 1.3376215 0.058574844 0.8671921 0.09124543 1.2674664 0.23410983
0.186 1.3356686 0.05844748 0.86199903 0.09020352 1.2652295 0.2336675
0.187 1.3336978 0.05831955 0.8568487 0.089184694 1.2629832 0.23322015
0.188 1.3317112 0.058190946 0.85173786 0.088188425 1.2607281 0.23276746
0.189 1.3297062 0.058061697 0.8466691 0.0872132 1.2584639 0.23230952
0.19 1.327685 0.05793171 0.84164035 0.08625979 1.2561908 0.23184606
0.191 1.3256468 0.057800934 0.8366522 0.08532707 1.2539091 0.23137729
0.192 1.3235922 0.057669453 0.8317031 0.084415205 1.2516184 0.23090309
0.193 1.3215204 0.05753723 0.82679313 0.083523594 1.2493184 0.2304237
0.194 1.3194335 0.05740427 0.82192147 0.082651116 1.2470094 0.22993916
0.195 1.3173296 0.05727061 0.8170886 0.081797406 1.2446916 0.22944976
0.196 1.3152086 0.057136275 0.8122931 0.08096404 1.2423644 0.22895561
0.197 1.313073 0.0570013 0.80753535 0.080148995 1.2400284 0.22845694
0.198 1.3109213 0.056865767 0.80281425 0.079352036 1.237683 0.22795394
0.199 1.3087537 0.05672967 0.7981287 0.07857299 1.2353289 0.22744688
0.2 1.3065711 0.05659309 0.7934809 0.07781167 1.2329655 0.22693607
0.201 1.3043725 0.05645605 0.7888674 0.07706835 1.2305924 0.22642171
0.202 1.3021588 0.05631864 0.78428996 0.07634234 1.228211 0.22590412
0.203 1.2999303 0.056180846 0.77974737 0.07563157 1.2258198 0.22538345
0.20400000000000001 1.2976857 0.056042813 0.77523893 0.074939124 1.2234193 0.22486004
0.20500000000000002 1.2954272 0.055904523 0.77076435 0.07426195 1.2210099 0.22433397
0.20600000000000002 1.2931534 0.055766053 0.7663237 0.07360192 1.2185907 0.22380571
0.20700000000000002 1.2908646 0.055627465 0.761916 0.07295783 1.2161634 0.2232754
0.20800000000000002 1.2885625 0.05548878 0.7575411 0.07232821 1.213726 0.22274318
0.20900000000000002 1.2862448 0.055350024 0.7531988 0.071714334 1.2112793 0.22220948
0.21000000000000002 1.2839131 0.055211287 0.7488878 0.071117125 1.2088239 0.22167428
0.21100000000000002 1.281568 0.05507257 0.74460906 0.07053277 1.2063593 0.22113785
0.21200000000000002 1.2792075 0.054933924 0.74036175 0.06996363 1.2038852 0.22060053
0.21300000000000002 1.2768341 0.054795388 0.7361455 0.06940827 1.2014025 0.2200623
0.21400000000000002 1.2744468 0.05465703 0.73195946 0.068868786 1.19891 0.21952339
0.21500000000000002 1.2720448 0.054518826 0.72780365 0.06834158 1.1964086 0.21898404
0.21600000000000003 1.2696298 0.05438085 0.7236775 0.067828536 1.1938978 0.21844418
0.21700000000000003 1.2672021 0.054243077 0.7195806 0.0673288 1.1913788 0.21790428
0.21800000000000003 1.2647603 0.054105576 0.71551317 0.066842325 1.1888502 0.21736418
0.21900000000000003 1.2623049 0.05396837 0.7114748 0.06636839 1.186313 0.21682423
0.22 1.2598366 0.053831436 0.7074641 0.06590653 1.183767 0.21628438
0.221 1.2573553 0.053694855 0.7034821 0.06545777 1.1812117 0.21574472
0.222 1.2548617 0.053558588 0.6995263 0.065020785 1.1786474 0.21520552
0.223 1.2523546 0.053422704 0.6955997 0.06459607 1.1760743 0.21466659
0.224 1.249835 0.053287137 0.69169855 0.06418196 1.1734931 0.21412835
0.225 1.247303 0.05315198 0.687825 0.063780166 1.1709028 0.2135907
0.226 1.2447581 0.053017203 0.68397707 0.06338782 1.1683037 0.21305367
0.227 1.2422007 0.052882828 0.6801555 0.06300756 1.1656961 0.21251738
0.228 1.2396313 0.05274886 0.67635924 0.06263811 1.163081 0.21198188
0.229 1.2370503 0.052615292 0.67258966 0.062277775 1.1604562 0.2114473
0.23 1.2344564 0.052482158 0.66884404 0.061927203 1.1578233 0.21091355
0.231 1.2318513 0.052349433 0.6651231 0.0615866 1.1551825 0.2103808
0.232 1.229234 0.052217096 0.66142654 0.061256308 1.1525323 0.20984896
0.233 1.2266049 0.052085247 0.65775454 0.060933784 1.1498748 0.20931819
0.234 1.2239647 0.051953785 0.65410626 0.06062187 1.1472095 0.20878841
0.23500000000000001 1.2213128 0.05182279 0.65048146 0.060317606 1.1445355 0.20825966
0.23600000000000002 1.2186491 0.051692173 0.6468795 0.06002122 1.1418536 0.20773202
0.23700000000000002 1.2159745 0.051561985 0.64330095 0.05973426 1.139164 0.20720552
0.23800000000000002 1.2132888 0.05143225 0.6397449 0.059454165 1.1364659 0.20668016
0.23900000000000002 1.2105918 0.051302858 0.6362118 0.059182327 1.1337602 0.20615596
0.24000000000000002 1.207884 0.05117396 0.6327007 0.058918152 1.1310469 0.2056328
0.24100000000000002 1.2051653 0.051045436 0.62921065 0.058660418 1.128326 0.20511095
0.24200000000000002 1.2024355 0.050917365 0.6257424 0.058410436 1.1255977 0.20459013
0.24300000000000002 1.1996952 0.05078968 0.62229633 0.05816661 1.122862 0.20407048
0.24400000000000002 1.1969457 0.050662346 0.61887074 0.05792929 1.1201185 0.20355202
0.245 1.1941843 0.050535448 0.6154659 0.057697352 1.1173676 0.20303477
0.246 1.191413 0.050408926 0.6120816 0.057473067 1.1146094 0.20251867
0.247 1.1886317 0.05028279 0.608718 0.05725377 1.1118441 0.20200372
0.248 1.1858405 0.050157074 0.60537493 0.057040438 1.1090719 0.20148994
0.249 1.1830385 0.05003165 0.6020509 0.056832362 1.1062921 0.20097727
0.25 1.1802276 0.04990664 0.5987464 0.056628693 1.1035056 0.2004658
0.251 1.1774069 0.04978197 0.5954613 0.05643043 1.1007122 0.19995545
0.252 1.1745758 0.04965765 0.59219575 0.056236964 1.0979123 0.1994462
0.253 1.1717354 0.04953367 0.5889495 0.056048147 1.0951049 0.19893813
0.254 1.1688857 0.049410034 0.58572143 0.055863746 1.092292 0.19843112
0.255 1.1660268 0.049286723 0.5825122 0.05568327 1.0894715 0.19792527
0.256 1.1631587 0.049163748 0.5793208 0.055506535 1.0866448 0.19742043
0.257 1.1602818 0.049041044 0.5761481 0.055334326 1.0838113 0.1969167
0.258 1.1573955 0.048918687 0.57299316 0.055164676 1.0809723 0.19641401
0.259 1.1545002 0.04879661 0.56985486 0.05499832 1.078126 0.19591242
0.26 1.1515967 0.048674833 0.56673527 0.054836158 1.0752742 0.19541177
0.261 1.148684 0.048553362 0.5636327 0.05467662 1.0724162 0.19491214
0.262 1.1457634 0.048432104 0.56054753 0.054519203 1.069552 0.1944136
0.263 1.1428334 0.048311163 0.55747885 0.05436521 1.0666825 0.19391595
0.264 1.139896 0.048190482 0.554427 0.054214355 1.0638062 0.19341935
0.265 1.1369498 0.048070055 0.55139124 0.05406433 1.0609254 0.19292364
0.266 1.1339955 0.04794988 0.54837275 0.05391776 1.0580376 0.19242886
0.267 1.1310334 0.04782992 0.54536945 0.053773075 1.0551447 0.1919351
0.268 1.1280637 0.047710225 0.5423827 0.053629253 1.052247 0.19144215
0.269 1.1250858 0.047590733 0.539412 0.053487573 1.0493433 0.19095005
0.27 1.1221006 0.04747148 0.5364566 0.053349145 1.0464333 0.19045891
0.271 1.1191072 0.047352422 0.5335168 0.05321003 1.0435194 0.18996854
0.272 1.1161069 0.04723357 0.53059244 0.05307369 1.0406 0.18947905
0.273 1.1130996 0.04711492 0.5276834 0.052937448 1.0376753 0.18899038
0.274 1.1100843 0.046996433 0.5247893 0.05280296 1.0347453 0.1885025
0.275 1.1070625 0.046878163 0.5219099 0.05266958 1.0318112 0.18801546
0.276 1.1040337 0.04676009 0.51904553 0.052537538 1.0288715 0.18752913
0.277 1.1009971 0.04664213 0.5161958 0.052405007 1.0259274 0.1870435
0.278 1.0979544 0.04652439 0.5133602 0.05227307 1.0229784 0.18655868
0.279 1.094905 0.046406776 0.51053864 0.05214253 1.020025 0.18607457
0.28 1.0918489 0.046289355 0.5077322 0.052011747 1.0170674 0.18559113
0.281 1.0887865 0.04617205 0.5049391 0.05188147 1.0141052 0.18510836
0.28200000000000003 1.0857178 0.046054877 0.5021597 0.051750865 1.0111378 0.18462627
0.28300000000000003 1.0826422 0.045937877 0.49939442 0.051621366 1.0081671 0.18414487
0.28400000000000003 1.079561 0.045820974 0.49664283 0.051491838 1.0051919 0.1836641
0.28500000000000003 1.0764743 0.045704216 0.49390438 0.051361714 1.0022134 0.18318385
0.28600000000000003 1.0733806 0.045587577 0.49118 0.051230703 0.9992298 0.18270428
0.28700000000000003 1.0702823 0.045471057 0.48846826 0.05110077 0.99624306 0.1822253
0.28800000000000003 1.0671773 0.045354612 0.48576975 0.050969906 0.99325204 0.18174686
0.28900000000000003 1.0640669 0.045238286 0.48308402 0.050839312 0.9902577 0.18126898
0.29000000000000004 1.0609512 0.045122102 0.48041156 0.050707 0.98725927 0.18079163
0.29100000000000004 1.0578302 0.045005936 0.47775176 0.050575495 0.9842577 0.1803149
0.29200000000000004 1.0547038 0.044889927 0.47510475 0.05044244 0.9812525 0.17983855
0.29300000000000004 1.0515728 0.044773966 0.47246993 0.05030878 0.9782437 0.17936277
0.29400000000000004 1.048436 0.044658095 0.46984792 0.0501749 0.97523147 0.17888746
0.29500000000000004 1.0452945 0.044542313 0.46723813 0.050039656 0.97221625 0.17841263
0.29600000000000004 1.0421484 0.044426583 0.46464026 0.04990422 0.9691982 0.17793822
0.29700000000000004 1.0389969 0.044310916 0.46205512 0.04976797 0.9661772 0.17746428
0.29800000000000004 1.0358415 0.04419536 0.45948136 0.04963132 0.9631525 0.17699073
0.29900000000000004 1.032681 0.044079818 0.4569203 0.049492553 0.9601253 0.17651762
0.30000000000000004 1.0295161 0.043964326 0.4543703 0.04935347 0.95709556 0.17604485
0.30100000000000005 1.0263476 0.043848924 0.45183244 0.049213443 0.9540625 0.17557256
0.30200000000000005 1.0231742 0.043733556 0.44930598 0.049071584 0.95102775 0.17510061
0.30300000000000005 1.019997 0.043618225 0.44679072 0.048929606 0.9479894 0.17462897
0.30400000000000005 1.0168158 0.043502923 0.44428757 0.04878724 0.9449493 0.17415772
0.30500000000000005 1.0136305 0.04338772 0.44179577 0.04864181 0.94190663 0.1736868
0.30600000000000005 1.0104415 0.04327249 0.43931487 0.04849665 0.9388616 0.17321622
0.30700000000000005 1.0072496 0.04315734 0.4368453 0.048351053 0.9358143 0.17274597
0.30800000000000005 1.0040526 0.043042198 0.43438643 0.0482026 0.9327652 0.17227598
0.309 1.0008533 0.042927083 0.43193927 0.048054595 0.92971325 0.17180634
0.31 0.9976502 0.042811997 0.4295025 0.047904525 0.9266601 0.17133695
0.311 0.99444443 0.04269693 0.42707673 0.04775406 0.9236051 0.17086777
0.312 0.9912344 0.04258187 0.4246618 0.047601573 0.92054826 0.17039895
0.313 0.9880222 0.042466868 0.42225745 0.04744834 0.91748935 0.1699303
0.314 0.98480624 0.04235186 0.4198637 0.04729467 0.91442925 0.16946195
0.315 0.98158824 0.042236853 0.4174807 0.04713985 0.91136754 0.1689938
0.316 0.9783673 0.042121902 0.41510797 0.046983697 0.90830356 0.16852586
0.317 0.97514343 0.04200691 0.4127458 0.046827193 0.905239 0.16805817
0.318 0.9719177 0.04189194 0.41039383 0.04666925 0.90217304 0.1675907
0.319 0.9686885 0.04177698 0.408052 0.046509527 0.8991056 0.16712339
0.32 0.9654581 0.041662045 0.40572023 0.046349313 0.89603734 0.16665626
0.321 0.9622244 0.041547105 0.40339866 0.046188455 0.8929679 0.16618931
0.322 0.9589886 0.04143215 0.40108776 0.046026684 0.8898971 0.16572258
0.323 0.9557513 0.04131722 0.3987863 0.045864347 0.88682604 0.16525589
0.324 0.9525119 0.04120226 0.39649424 0.04570015 0.88375396 0.16478948
0.325 0.94927096 0.041087314 0.39421293 0.045535717 0.8806813 0.16432321
0.326 0.94602776 0.040972363 0.39194122 0.045370672 0.87760746 0.16385704
0.327 0.9427831 0.040857416 0.38967896 0.045205522 0.8745337 0.16339104
0.328 0.93953645 0.040742476 0.38742676 0.045038737 0.8714589 0.16292514
0.329 0.9362887 0.0406275 0.38518348 0.044871453 0.8683839 0.16245942
0.33 0.9330398 0.040512536 0.38295037 0.044703722 0.8653083 0.16199374
0.331 0.9297891 0.04039755 0.3807268 0.044535805 0.86223286 0.16152817
0.332 0.9265376 0.040282562 0.3785121 0.044367027 0.8591569 0.16106276
0.333 0.9232847 0.04016757 0.3763072 0.044197615 0.85608107 0.16059738
0.334 0.9200316 0.040052596 0.3741115 0.044027556 0.8530049 0.1601322
0.335 0.9167765 0.039937604 0.371925 0.043858048 0.8499291 0.159667
0.336 0.91352165 0.03982254 0.3697482 0.04368751 0.8468531 0.15920202
0.337 0.9102657 0.039707508 0.36758038 0.04351797 0.84377754 0.15873699
0.338 0.9070088 0.039592482 0.36542144 0.043346617 0.8407023 0.15827209
0.339 0.9037513 0.03947743 0.36327186 0.04317667 0.8376277 0.15780726
0.33999999999999997 0.900494 0.039362382 0.36113098 0.04300542 0.83455276 0.15734248
0.34099999999999997 0.89723575 0.039247286 0.358999 0.0428336 0.8314789 0.15687782
0.34199999999999997 0.893978 0.039132196 0.3568764 0.04266344 0.8284054 0.15641315
0.34299999999999997 0.8907196 0.039017122 0.35476273 0.042491715 0.8253326 0.15594858
0.344 0.8874611 0.038902003 0.35265774 0.04232133 0.8222605 0.15548405
0.345 0.8842029 0.038786884 0.35056174 0.04215087 0.8191892 0.15501957
0.346 0.88094443 0.038671765 0.34847412 0.04198048 0.8161188 0.1545552
0.347 0.8776866 0.038556628 0.3463955 0.041809287 0.8130496 0.1540908
0.348 0.87442845 0.038441487 0.34432533 0.041639768 0.80998075 0.15362647
0.349 0.8711713 0.038326327 0.34226403 0.041470278 0.8069136 0.15316214
0.35 0.8679142 0.03821116 0.3402112 0.04130029 0.80384755 0.15269792
0.351 0.8646578 0.03809599 0.33816707 0.041131143 0.80078256 0.15223369
0.352 0.8614023 0.0379808 0.33613145 0.040963378 0.79771924 0.15176952
0.353 0.85814756 0.037865613 0.33410418 0.04079533 0.7946568 0.1513054
0.354 0.85489297 0.0377504 0.33208546 0.040627573 0.79159623 0.15084139
0.355 0.8516396 0.03763522 0.3300753 0.040461395 0.7885365 0.15037721
0.356 0.84838754 0.037520006 0.3280736 0.040295262 0.7854792 0.14991322
0.357 0.8451362 0.03740478 0.32607988 0.04013001 0.782423 0.14944924
0.358 0.8418858 0.03728954 0.32409477 0.039965596 0.77936864 0.1489853
0.359 0.8386375 0.037174307 0.3221179 0.03980132 0.7763164 0.14852136
0.36 0.83539003 0.03705909 0.32014883 0.03963831 0.77326596 0.14805745
0.361 0.83214396 0.036943857 0.31818834 0.03947613 0.77021706 0.1475936
0.362 0.8288991 0.036828615 0.3162361 0.039314434 0.76717067 0.14712979
0.363 0.8256563 0.036713365 0.31429207 0.03915386 0.7641262 0.146666
0.364 0.82241464 0.036598124 0.31235588 0.038994055 0.76108384 0.14620222
0.365 0.81917447 0.03648289 0.31042817 0.038836043 0.75804347 0.14573851
0.366 0.8159372 0.036367647 0.30850813 0.03867803 0.7550055 0.14527479
0.367 0.8127012 0.036252394 0.3065963 0.038521137 0.7519702 0.14481118
0.368 0.8094668 0.036137182 0.30469254 0.038364917 0.7489371 0.14434753
0.369 0.80623484 0.03602194 0.30279657 0.038210317 0.7459061 0.14388399
0.37 0.8030048 0.035906706 0.30090877 0.03805674 0.7428781 0.14342044
0.371 0.7997771 0.035791483 0.29902872 0.037903782 0.73985237 0.14295697
0.372 0.79655206 0.035676267 0.29715684 0.037752625 0.73682934 0.14249355
0.373 0.7933288 0.03556107 0.29529265 0.037601843 0.73380935 0.14203015
0.374 0.79010814 0.035445828 0.29343635 0.037452996 0.7307922 0.1415668
0.375 0.78688985 0.03533065 0.29158786 0.03730455 0.72777784 0.14110348
0.376 0.7836747 0.035215456 0.28974718 0.03715678 0.72476625 0.14064026
0.377 0.7804614 0.035100278 0.28791428 0.037010975 0.72175777 0.14017706
0.378 0.7772512 0.034985118 0.28608912 0.036866125 0.7187521 0.13971396
0.379 0.77404386 0.03486997 0.28427166 0.03672229 0.71575 0.13925086
0.38 0.7708392 0.034754828 0.28246182 0.03657967 0.7127503 0.13878787
0.381 0.7676375 0.0346397 0.28066006 0.03643793 0.7097545 0.13832493
0.382 0.76443875 0.034524597 0.2788659 0.03629771 0.7067616 0.13786206
0.383 0.7612434 0.034409508 0.2770792 0.036158092 0.7037723 0.13739929
0.384 0.758051 0.034294453 0.2753001 0.03601981 0.7007866 0.13693655
0.385 0.7548621 0.034179386 0.27352875 0.035882242 0.697804 0.13647392
0.386 0.7516761 0.03406436 0.2717648 0.03574632 0.69482493 0.13601139
0.387 0.74849373 0.033949353 0.27000865 0.035611518 0.69184965 0.1355489
0.388 0.7453148 0.03383435 0.26825988 0.035477687 0.6888782 0.13508657
0.389 0.74213904 0.0337194 0.26651886 0.03534473 0.68591046 0.13462427
0.39 0.7389671 0.033604447 0.2647854 0.03521312 0.6829457 0.1341621
0.391 0.7357987 0.033489536 0.26305908 0.03508202 0.67998546 0.13370007
0.392 0.73263437 0.03337465 0.26134047 0.034951832 0.6770287 0.13323809
0.393 0.7294734 0.033259787 0.25962928 0.034823123 0.6740765 0.13277623
0.394 0.72631615 0.033144973 0.25792557 0.034694992 0.6711278 0.13231447
0.395 0.72316295 0.03303017 0.25622922 0.034568425 0.66818315 0.1318529
0.396 0.720014 0.032915395 0.25454038 0.034441996 0.6652426 0.13139139
0.397 0.7168684 0.032800656 0.25285894 0.034317188 0.6623063 0.13093008
0.398 0.71372753 0.032685947 0.251185 0.03419258 0.6593741 0.13046885
0.399 0.71059066 0.032571297 0.24951814 0.034069367 0.65644646 0.1300078
0.4 0.7074579 0.032456666 0.24785917 0.033947192 0.6535227 0.12954685
0.401 0.70432997 0.03234207 0.24620691 0.033824712 0.65060365 0.1290861
0.402 0.70120543 0.032227527 0.24456222 0.03370388 0.6476889 0.12862544
0.403 0.6980859 0.032113004 0.24292482 0.03358372 0.6447786 0.128165
0.404 0.69497037 0.03199855 0.24129495 0.033464342 0.6418728 0.1277047
0.405 0.6918597 0.03188411 0.23967218 0.033345375 0.6389715 0.12724459
0.406 0.68875355 0.03176971 0.23805663 0.033227295 0.63607466 0.12678464
0.40700000000000003 0.68565226 0.031655356 0.23644853 0.03311017 0.6331829 0.12632486
0.40800000000000003 0.68255514 0.031541064 0.23484756 0.032993097 0.6302958 0.1258653
0.40900000000000003 0.6794632 0.031426806 0.2332537 0.03287691 0.6274132 0.12540594
0.41000000000000003 0.676376 0.03131261 0.23166744 0.032761507 0.6245355 0.12494675
0.41100000000000003 0.6732937 0.031198451 0.23008795 0.032646123 0.6216628 0.12448778
0.41200000000000003 0.6702161 0.031084342 0.22851585 0.03253165 0.6187951 0.124029
0.41300000000000003 0.66714364 0.030970296 0.226951 0.032417674 0.61593205 0.12357044
0.41400000000000003 0.6640761 0.030856304 0.22539337 0.032304123 0.6130741 0.12311211
0.41500000000000004 0.6610136 0.030742364 0.22384281 0.03219087 0.6102213 0.12265405
0.41600000000000004 0.65795624 0.030628473 0.22229935 0.032078378 0.60737365 0.12219618
0.41700000000000004 0.65490425 0.030514633 0.22076327 0.031966224 0.604531 0.1217386
0.41800000000000004 0.6518574 0.030400863 0.21923405 0.031854447 0.60169363 0.12128125
0.41900000000000004 0.64881605 0.030287147 0.21771201 0.03174272 0.5988615 0.12082413
0.42000000000000004 0.6457798 0.030173501 0.21619712 0.031631563 0.59603477 0.12036728
0.42100000000000004 0.64274913 0.03005989 0.21468918 0.03152046 0.59321296 0.11991071
0.42200000000000004 0.6397239 0.02994636 0.21318859 0.03140986 0.59039694 0.119454406
0.42300000000000004 0.63670385 0.029832892 0.21169508 0.0312998 0.587586 0.118998356
0.42400000000000004 0.6336896 0.029719498 0.2102084 0.031189507 0.5847809 0.11854262
0.42500000000000004 0.63068104 0.02960616 0.20872892 0.031079726 0.58198106 0.118087165
0.42600000000000005 0.6276781 0.029492876 0.2072563 0.030969862 0.57918686 0.11763204
0.42700000000000005 0.62468076 0.029379696 0.20579086 0.030860726 0.57639813 0.11717715
0.42800000000000005 0.621689 0.029266575 0.20433252 0.030751472 0.5736154 0.11672262
0.42900000000000005 0.61870354 0.029153518 0.2028812 0.030642562 0.5708377 0.11626842
0.43000000000000005 0.6157233 0.029040525 0.20143676 0.03053332 0.5680662 0.11581452
0.43100000000000005 0.61274964 0.028927628 0.19999927 0.030424388 0.56530017 0.11536093
0.43200000000000005 0.6097813 0.028814796 0.19856885 0.03031561 0.56254005 0.11490777
0.43300000000000005 0.60681945 0.028702049 0.19714528 0.03020687 0.5597858 0.11445487
0.43400000000000005 0.6038632 0.028589379 0.19572896 0.030098338 0.5570372 0.11400237
0.43500000000000005 0.60091317 0.028476778 0.1943193 0.0299898 0.5542949 0.11355018
0.43600000000000005 0.5979695 0.028364265 0.19291681 0.02988125 0.5515583 0.11309841
0.43700000000000006 0.5950317 0.02825184 0.19152114 0.029773058 0.5488277 0.11264696
0.43800000000000006 0.5921004 0.02813949 0.19013241 0.029664418 0.54610294 0.11219594
0.43900000000000006 0.589175 0.02802724 0.18875057 0.029556042 0.54338425 0.111745276
0.44000000000000006 0.5862558 0.027915062 0.18737566 0.029448029 0.5406717 0.111294985
0.44100000000000006 0.5833432 0.027802987 0.18600765 0.029339407 0.53796554 0.11084515
0.44200000000000006 0.5804372 0.027691001 0.18464649 0.029231107 0.53526545 0.11039571
0.44300000000000006 0.57753706 0.027579088 0.18329212 0.029122565 0.53257155 0.10994662
0.44400000000000006 0.5746438 0.027467271 0.18194477 0.029014204 0.5298836 0.109497994
0.44500000000000006 0.5717569 0.027355568 0.18060422 0.028905876 0.52720225 0.10904981
0.44600000000000006 0.5688764 0.027243948 0.1792705 0.028797397 0.52452695 0.10860206
0.44700000000000006 0.5660025 0.02713242 0.17794353 0.02868871 0.52185816 0.10815476
0.44800000000000006 0.56313527 0.027021006 0.17662357 0.028580282 0.5191955 0.107707836
0.44900000000000007 0.5602748 0.026909683 0.17531043 0.02847184 0.51653963 0.10726145
0.45000000000000007 0.55742097 0.026798457 0.17400378 0.02836316 0.51388973 0.10681549
0.45100000000000007 0.5545739 0.026687339 0.17270418 0.028254678 0.51124674 0.10637004
0.45199999999999996 0.5517334 0.026576323 0.17141129 0.02814578 0.50861007 0.10592502
0.45299999999999996 0.54889923 0.026465422 0.17012519 0.028037194 0.5059797 0.105480485
0.45399999999999996 0.54607284 0.026354609 0.1688459 0.0279285 0.503356 0.10503643
0.45499999999999996 0.543253 0.026243921 0.16757324 0.027819628 0.50073904 0.104592904
0.45599999999999996 0.5404397 0.026133351 0.16630733 0.027710635 0.49812853 0.10414988
0.45699999999999996 0.5376338 0.026022881 0.16504821 0.027601719 0.4955246 0.10370735
0.45799999999999996 0.5348346 0.025912521 0.1637958 0.02749261 0.49292764 0.103265345
0.45899999999999996 0.53204244 0.025802294 0.16255005 0.027383562 0.49033722 0.10282386
0.45999999999999996 0.5292575 0.025692163 0.16131115 0.027274866 0.48775357 0.1023829
0.46099999999999997 0.5264794 0.025582165 0.16007873 0.02716565 0.4851765 0.10194249
0.46199999999999997 0.5237086 0.025472274 0.158853 0.027056312 0.4826064 0.10150262
0.46299999999999997 0.52094483 0.025362512 0.15763408 0.026947549 0.48004308 0.10106333
0.46399999999999997 0.5181879 0.025252877 0.1564217 0.026838383 0.47748655 0.10062456
0.46499999999999997 0.5154386 0.025143364 0.15521601 0.026729273 0.47493693 0.10018636
0.46599999999999997 0.51269656 0.025033982 0.15401684 0.026620131 0.47239414 0.09974874
0.46699999999999997 0.50996137 0.024924725 0.15282431 0.026510641 0.46985832 0.09931169
0.46799999999999997 0.5072337 0.024815587 0.15163842 0.02640158 0.46732944 0.09887524
0.469 0.50451326 0.0247066 0.15045917 0.026292417 0.4648074 0.098439366
0.47 0.50180006 0.024597738 0.14928645 0.026183177 0.46229258 0.0980041
0.471 0.49909437 0.024489002 0.14812028 0.02607416 0.4597848 0.09756944
0.472 0.49639636 0.024380425 0.14696069 0.025965022 0.45728394 0.097135395
0.473 0.49370533 0.02427196 0.14580749 0.025855906 0.4547901 0.096701965
0.474 0.4910219 0.024163635 0.14466108 0.025746882 0.4523032 0.096269175
0.475 0.4883459 0.024055466 0.14352107 0.02563784 0.44982374 0.09583698
0.476 0.4856774 0.023947436 0.14238751 0.025529092 0.44735125 0.09540543
0.477 0.48301652 0.02383955 0.1412604 0.025420154 0.4448857 0.09497457
0.478 0.4803631 0.023731818 0.14013985 0.025311261 0.44242764 0.09454431
0.479 0.47771746 0.023624204 0.13902569 0.025202367 0.43997672 0.094114736
0.48 0.47507918 0.023516772 0.13791806 0.025093796 0.4375327 0.09368579
0.481 0.47244847 0.023409488 0.13681689 0.024985272 0.4350962 0.093257554
0.482 0.4698256 0.023302348 0.13572204 0.024876814 0.43266714 0.09282997
0.483 0.46721023 0.02319536 0.13463362 0.024768263 0.43024507 0.09240309
0.484 0.4646027 0.023088532 0.13355167 0.02466021 0.42783037 0.091976896
0.485 0.4620027 0.022981867 0.132476 0.024551999 0.42542294 0.09155138
0.486 0.45941067 0.022875352 0.13140674 0.024443977 0.42302272 0.09112657
0.487 0.45682642 0.022769012 0.13034384 0.024336334 0.4206303 0.090702474
0.488 0.4542497 0.02266282 0.12928717 0.024228469 0.41824463 0.090279095
0.489 0.45168087 0.022556804 0.12823695 0.024121027 0.41586694 0.08985646
0.49 0.44912001 0.022450952 0.12719297 0.024013618 0.4134963 0.08943448
0.491 0.44656685 0.022345256 0.12615538 0.02390646 0.4111332 0.08901328
0.492 0.44402152 0.022239748 0.12512396 0.023799377 0.40877724 0.08859281
0.493 0.44148427 0.022134399 0.12409876 0.023692552 0.40642914 0.08817309
0.494 0.43895468 0.02202923 0.12307984 0.023585686 0.40408832 0.087754115
0.495 0.43643305 0.02192424 0.122067206 0.02347936 0.40175495 0.08733589
0.496 0.4339194 0.021819402 0.121060684 0.023373071 0.39942923 0.086918436
0.497 0.4314139 0.02171477 0.120060526 0.023267055 0.39711076 0.08650175
0.498 0.428916 0.021610305 0.119066395 0.023161171 0.39480007 0.08608585
0.499 0.42642644 0.021506026 0.118078426 0.023055458 0.3924968 0.08567069
0.5 0.4239446 0.021401927 0.11709665 0.022950254 0.39020112 0.085256346
0.501 0.4214708 0.021298 0.11612103 0.022845145 0.38791296 0.084842786
0.502 0.4190051 0.02119428 0.11515141 0.022740126 0.38563254 0.08443002
0.503 0.41654763 0.021090731 0.11418805 0.02263571 0.38335952 0.08401804
0.504 0.41409788 0.020987386 0.11323074 0.022531316 0.38109413 0.08360689
0.505 0.4116563 0.020884216 0.11227936 0.022427116 0.37883633 0.08319654
0.506 0.40922302 0.020781241 0.11133415 0.022323411 0.37658647 0.08278701
0.507 0.4067978 0.020678468 0.110394955 0.022219675 0.37434378 0.082378305
0.508 0.40438056 0.020575892 0.10946174 0.022116423 0.372109 0.08197044
0.509 0.40197155 0.020473521 0.1085345 0.022013552 0.36988202 0.081563376
0.51 0.39957067 0.020371323 0.1076133 0.021910742 0.36766228 0.08115717
0.511 0.397178 0.020269342 0.10669793 0.021808496 0.36545056 0.08075181
0.512 0.3947932 0.020167556 0.10578864 0.021706473 0.36324632 0.08034729
0.513 0.39241713 0.020065978 0.104885176 0.021604616 0.36105 0.07994361
0.514 0.3900488 0.019964607 0.10398767 0.02150304 0.35886133 0.07954082
0.515 0.3876886 0.019863432 0.103095986 0.021401895 0.3566802 0.07913887
0.516 0.3853369 0.019762471 0.10221017 0.02130108 0.354507 0.0787378
0.517 0.38299328 0.019661713 0.101330206 0.021200487 0.3523414 0.0783376
0.518 0.3806582 0.01956117 0.1004561 0.021100475 0.35018358 0.07793831
0.519 0.37833098 0.019460842 0.09958783 0.021000525 0.34803373 0.07753983
0.52 0.3760122 0.019360721 0.09872536 0.020901011 0.34589133 0.0771423
0.521 0.37370175 0.01926082 0.09786859 0.02080193 0.3437568 0.07674567
0.522 0.37139943 0.019161128 0.097017646 0.020703057 0.34163 0.0763499
0.523 0.36910543 0.019061659 0.096172445 0.020604618 0.33951125 0.07595503
0.524 0.36681986 0.018962398 0.0953328 0.020506408 0.33740002 0.075561106
0.525 0.3645424 0.01886337 0.094498985 0.020408694 0.3352966 0.07516803
0.526 0.36227325 0.018764555 0.09367083 0.02031125 0.33320096 0.074775934
0.527 0.36001253 0.018665964 0.092848256 0.020214213 0.3311132 0.074384704
0.528 0.3577601 0.018567583 0.09203132 0.020117318 0.32903332 0.073994435
0.529 0.35551602 0.018469451 0.09122012 0.020021025 0.32696107 0.07360509
0.53 0.3532801 0.018371537 0.09041443 0.019925246 0.3248968 0.07321667
0.531 0.35105258 0.018273834 0.08961433 0.01982956 0.32284006 0.072829194
0.532 0.3488336 0.018176379 0.08881973 0.019734217 0.3207914 0.072442666
0.533 0.34662282 0.018079152 0.088030666 0.019639544 0.31875065 0.07205705
0.534 0.34442034 0.017982142 0.08724718 0.019545 0.31671748 0.071672425
0.535 0.3422263 0.01788537 0.08646918 0.019450735 0.31469235 0.07128871
0.536 0.34004068 0.017788827 0.0856966 0.019357057 0.31267494 0.07090598
0.537 0.3378633 0.017692534 0.08492947 0.019263612 0.3106655 0.070524216
0.538 0.33569446 0.017596463 0.08416781 0.019170845 0.30866373 0.07014341
0.539 0.33353385 0.017500624 0.08341149 0.019078165 0.3066699 0.06976357
0.54 0.33138177 0.01740502 0.08266061 0.01898599 0.30468374 0.0693847
0.541 0.32923782 0.017309664 0.081915036 0.018893985 0.30270565 0.0690068
0.542 0.3271024 0.017214544 0.08117483 0.018802626 0.3007354 0.06862991
0.543 0.32497543 0.017119667 0.08043998 0.018711405 0.29877302 0.06825397
0.544 0.3228567 0.017025031 0.079710335 0.01862072 0.29681835 0.06787902
0.545 0.32074642 0.016930632 0.07898611 0.018530635 0.2948715 0.067505084
0.546 0.31864464 0.01683648 0.07826699 0.018440628 0.2929327 0.067132115
0.547 0.31655118 0.01674257 0.07755322 0.018350929 0.29100156 0.06676015
0.548 0.31446606 0.016648907 0.07684461 0.01826182 0.28907844 0.0663892
0.549 0.31238934 0.016555486 0.076141216 0.018173052 0.28716302 0.06601924
0.55 0.31032112 0.01646231 0.07544294 0.018084796 0.2852554 0.0656503
0.551 0.3082612 0.016369393 0.07474982 0.017996563 0.28335574 0.06528236
0.552 0.30620974 0.016276717 0.07406186 0.017909106 0.28146413 0.06491542
0.553 0.3041666 0.016184293 0.073378906 0.017821776 0.2795801 0.06454952
0.554 0.3021319 0.016092118 0.072701104 0.017734973 0.27770397 0.06418462
0.555 0.3001056 0.0160002 0.07202838 0.017648526 0.2758357 0.063820735
0.556 0.29808763 0.01590853 0.071360625 0.017562443 0.27397528 0.06345791
0.557 0.29607818 0.015817106 0.07069788 0.017476762 0.2721227 0.06309608
0.558 0.29407692 0.015725944 0.070040144 0.01739139 0.27027786 0.0627353
0.559 0.2920842 0.015635038 0.06938744 0.017306652 0.26844096 0.062375553
0.56 0.29009995 0.015544383 0.06873958 0.017222084 0.26661196 0.06201683
0.561 0.2881239 0.015453986 0.06809665 0.017137727 0.26479065 0.06165915
0.562 0.28615633 0.0153638525 0.06745861 0.017054046 0.2629772 0.061302524
0.5630000000000001 0.2841971 0.015273968 0.06682551 0.016970742 0.26117167 0.060946915
0.5640000000000001 0.28224623 0.015184345 0.06619717 0.016887607 0.25937375 0.060592376
0.5650000000000001 0.28030366 0.015094989 0.06557369 0.016805153 0.2575837 0.06023886
0.5660000000000001 0.27836972 0.015005887 0.06495508 0.016722849 0.2558017 0.059886415
0.5670000000000001 0.27644408 0.014917051 0.06434112 0.016640939 0.2540272 0.059535027
0.5680000000000001 0.27452654 0.014828472 0.06373199 0.016559564 0.2522606 0.059184685
0.5690000000000001 0.27261764 0.014740167 0.06312761 0.016478455 0.25050184 0.058835402
0.5700000000000001 0.27071694 0.014652115 0.0625279 0.016397668 0.24875084 0.058487162
0.5710000000000001 0.2688247 0.014564327 0.061932832 0.01631732 0.24700762 0.058140013
0.5720000000000001 0.26694065 0.014476817 0.061342526 0.0162375 0.24527231 0.05779392
0.5730000000000001 0.26506507 0.014389565 0.06075678 0.016157946 0.24354465 0.05744886
0.5740000000000001 0.26319775 0.014302583 0.060175672 0.016078632 0.24182479 0.057104893
0.5750000000000001 0.26133898 0.014215873 0.059599157 0.015999757 0.24011269 0.056761995
0.5760000000000001 0.25948834 0.014129434 0.059027255 0.015921371 0.2384082 0.05642015
0.5770000000000001 0.2576459 0.01404326 0.058459863 0.01584322 0.23671158 0.0560794
0.5780000000000001 0.255812 0.013957356 0.057896953 0.015765693 0.2350226 0.055739716
0.5790000000000001 0.2539864 0.013871721 0.057338536 0.015688118 0.23334156 0.055401094
0.58 0.25216892 0.013786368 0.056784615 0.015611236 0.23166813 0.055063553
0.581 0.25035983 0.013701286 0.056235142 0.01553461 0.23000243 0.054727115
0.582 0.2485591 0.013616471 0.055690095 0.01545843 0.2283445 0.054391723
0.583 0.24676654 0.013531936 0.05514943 0.015382569 0.22669412 0.054057445
0.584 0.24498239 0.013447678 0.054613184 0.015307079 0.22505154 0.053724237
0.585 0.24320638 0.013363696 0.05408126 0.015232004 0.22341658 0.0533921
0.586 0.24143866 0.013279988 0.05355368 0.015157261 0.22178946 0.053061064
0.587 0.23967922 0.013196563 0.05303036 0.015082783 0.22016992 0.052731097
0.588 0.23792802 0.013113416 0.05251135 0.015008702 0.21855801 0.052402224
0.589 0.23618506 0.013030547 0.051996604 0.014935108 0.21695375 0.052074447
0.59 0.23445036 0.012947962 0.051486094 0.01486193 0.21535724 0.051747754
0.591 0.23272382 0.012865659 0.0509798 0.014788889 0.21376832 0.05142215
0.592 0.23100543 0.012783631 0.05047763 0.014716229 0.21218683 0.051097643
0.593 0.22929545 0.012701888 0.04997966 0.014644147 0.21061325 0.050774228
0.594 0.22759342 0.0126204295 0.049485836 0.014572272 0.2090472 0.0504519
0.595 0.22589976 0.012539254 0.048996102 0.01450086 0.2074887 0.05013067
0.596 0.22421418 0.01245837 0.048510432 0.014429642 0.20593776 0.049810532
0.597 0.22253683 0.012377763 0.04802891 0.014358896 0.20439443 0.049491487
0.598 0.22086757 0.012297446 0.047551356 0.014288478 0.20285879 0.04917354
0.599 0.21920656 0.012217417 0.047077816 0.014218388 0.20133053 0.048856687
0.6 0.21755362 0.012137671 0.046608236 0.014148674 0.19980988 0.048540946
0.601 0.21590874 0.012058218 0.046142694 0.014079326 0.19829671 0.04822629
0.602 0.21427217 0.011979052 0.04568107 0.014010294 0.19679117 0.04791273
0.603 0.21264334 0.011900169 0.045223337 0.013941706 0.19529311 0.04760027
0.604 0.21102303 0.01182158 0.0447695 0.013873346 0.19380246 0.047288906
0.605 0.20941064 0.011743278 0.044319544 0.013805452 0.19231944 0.046978656
0.606 0.20780635 0.011665274 0.043873437 0.01373784 0.19084387 0.046669498
0.607 0.20621002 0.011587555 0.043431148 0.013670612 0.18937576 0.046361443
0.608 0.20462178 0.011510123 0.042992663 0.013603726 0.18791512 0.046054482
0.609 0.20304148 0.01143299 0.042557903 0.013537092 0.18646179 0.04574863
0.61 0.20146942 0.011356145 0.042126954 0.013470957 0.18501614 0.045443866
0.611 0.19990532 0.011279595 0.04169971 0.013405015 0.1835777 0.04514022
0.612 0.19834912 0.0112033365 0.041276164 0.013339544 0.18214665 0.044837665
0.613 0.19680102 0.011127373 0.040856283 0.0132743865 0.18072315 0.04453621
0.614 0.19526076 0.011051701 0.040440075 0.013209543 0.17930692 0.04423587
0.615 0.1937286 0.010976321 0.040027454 0.013145075 0.17789802 0.04393663
0.616 0.19220434 0.010901239 0.039618466 0.013080864 0.17649654 0.04363848
0.617 0.19068801 0.010826444 0.039213058 0.013017045 0.17510246 0.043341454
0.618 0.18917961 0.010751949 0.0388112 0.012953593 0.1737156 0.043045506
0.619 0.18767914 0.010677751 0.03841286 0.01289046 0.17233612 0.04275068
0.62 0.18618649 0.010603839 0.038018048 0.012827687 0.170964 0.04245695
0.621 0.18470189 0.010530223 0.037626747 0.012765159 0.16959901 0.042164322
0.622 0.183225 0.010456908 0.037238836 0.01270307 0.16824141 0.041872784
0.623 0.18175606 0.0103838835 0.036854424 0.012641254 0.16689101 0.041582365
0.624 0.18029489 0.0103111565 0.036473364 0.012579778 0.1655478 0.041293047
0.625 0.17884164 0.010238721 0.036095742 0.012518714 0.16421196 0.041004818
0.626 0.17739616 0.010166582 0.03572148 0.012457767 0.16288328 0.040717714
0.627 0.17595842 0.010094737 0.03535056 0.012397329 0.16156173 0.040431704
0.628 0.17452857 0.010023187 0.034982946 0.01233714 0.16024746 0.040146783
0.629 0.17310639 0.009951925 0.03461863 0.012277315 0.15894029 0.03986298
0.63 0.17169204 0.00988097 0.034257587 0.012217781 0.15764028 0.039580263
0.631 0.17028534 0.009810303 0.03389975 0.0121585615 0.1563474 0.03929867
0.632 0.16888648 0.009739933 0.033545174 0.012099678 0.15506165 0.039018165
0.633 0.16749519 0.009669853 0.033193827 0.0120410975 0.15378305 0.03873876
0.634 0.16611171 0.009600064 0.032845613 0.011982844 0.15251145 0.038460474
0.635 0.16473584 0.009530569 0.03250059 0.011924888 0.15124707 0.03818328
0.636 0.16336767 0.009461374 0.032158684 0.011867273 0.14998959 0.037907183
0.637 0.16200718 0.009392467 0.031819873 0.011810017 0.14873923 0.037632193
0.638 0.16065425 0.009323854 0.031484153 0.011752984 0.14749591 0.037358295
0.639 0.1593089 0.009255538 0.03115149 0.011696296 0.14625959 0.037085515
0.64 0.15797111 0.009187508 0.030821867 0.0116399005 0.14503025 0.036813814
0.641 0.15664099 0.009119775 0.030495252 0.011583845 0.14380792 0.036543228
0.642 0.15531845 0.009052328 0.030171644 0.011528032 0.14259242 0.036273748
0.643 0.15400343 0.008985177 0.029851018 0.011472565 0.141384 0.03600535
0.644 0.15269585 0.008918313 0.029533314 0.011417415 0.14018248 0.035738062
0.645 0.15139587 0.008851749 0.029218573 0.0113624735 0.13898784 0.035471875
0.646 0.15010332 0.008785468 0.0289067 0.011307907 0.13780011 0.03520679
0.647 0.14881827 0.008719478 0.028597703 0.011253631 0.13661934 0.034942802
0.648 0.14754066 0.0086537795 0.028291604 0.011199599 0.13544525 0.034679916
0.649 0.14627048 0.008588368 0.02798829 0.011145823 0.13427809 0.034418125
0.65 0.14500767 0.008523247 0.027687814 0.011092401 0.13311774 0.034157436
0.651 0.14375237 0.008458414 0.027390115 0.01103923 0.13196424 0.033897858
0.652 0.14250436 0.008393871 0.027095199 0.010986337 0.13081743 0.03363936
0.653 0.14126371 0.008329614 0.026803032 0.010933704 0.12967752 0.033381965
0.654 0.14003044 0.008265648 0.026513584 0.010881427 0.12854433 0.033125676
0.655 0.13880445 0.008201967 0.026226824 0.010829302 0.12741789 0.032870468
0.656 0.13758582 0.008138573 0.025942774 0.010777553 0.1262981 0.03261638
0.657 0.13637444 0.008075465 0.025661374 0.0107260095 0.125185 0.03236337
0.658 0.13517033 0.008012645 0.025382597 0.010674723 0.12407861 0.03211148
0.659 0.1339735 0.007950105 0.025106424 0.010623676 0.12297888 0.031860672
0.66 0.13278383 0.007887857 0.024832902 0.010572975 0.12188573 0.031610977
0.661 0.13160138 0.007825893 0.024561908 0.010522449 0.12079935 0.031362366
0.662 0.13042612 0.0077642137 0.02429348 0.010472187 0.119719446 0.03111485
0.663 0.12925807 0.007702815 0.024027573 0.010422151 0.11864612 0.030868443
0.664 0.12809709 0.007641701 0.023764202 0.0103724105 0.11757944 0.030623117
0.665 0.1269433 0.007580872 0.023503289 0.010322874 0.11651928 0.03037891
0.666 0.12579659 0.0075203255 0.023244863 0.010273589 0.11546567 0.030135782
0.667 0.12465698 0.0074600624 0.02298889 0.010224509 0.11441853 0.029893754
0.668 0.12352442 0.0074000782 0.022735305 0.010175646 0.11337786 0.029652826
0.669 0.12239889 0.0073403805 0.022484168 0.01012707 0.11234375 0.02941299
0.67 0.121280424 0.007280961 0.022235405 0.0100786695 0.11131603 0.029174263
0.671 0.12016891 0.0072218245 0.021989008 0.010030448 0.11029474 0.028936623
0.672 0.11906443 0.0071629677 0.021744957 0.009982511 0.10927988 0.028700067
0.673 0.11796681 0.00710439 0.02150325 0.009934754 0.10827146 0.028464617
0.674 0.11687623 0.0070460946 0.021263832 0.009887222 0.10726933 0.02823027
0.675 0.11579258 0.0069880816 0.021026678 0.009839834 0.10627363 0.027997004
0.676 0.1147158 0.0069303447 0.020791812 0.009792676 0.105284244 0.027764844
0.6769999999999999 0.11364583 0.0068728845 0.020559205 0.009745736 0.10430114 0.027533777
0.6779999999999999 0.112582855 0.006815706 0.020328812 0.009698907 0.103324376 0.0273038
0.6789999999999999 0.111526564 0.0067588068 0.020100627 0.00965231 0.10235384 0.027074922
0.6799999999999999 0.11047716 0.0067021833 0.019874617 0.009605895 0.10138963 0.026847135
0.6809999999999999 0.1094346 0.006645841 0.019650808 0.00955964 0.100431666 0.026620448
0.6819999999999999 0.1083987 0.0065897717 0.019429127 0.009513543 0.09947988 0.02639485
0.6829999999999999 0.1073696 0.0065339827 0.019209575 0.009467613 0.09853428 0.02617035
0.6839999999999999 0.10634723 0.006478468 0.018992143 0.009421831 0.09759489 0.025946954
0.6849999999999999 0.10533155 0.0064232317 0.018776808 0.009376275 0.096661605 0.025724636
0.6859999999999999 0.10432251 0.0063682687 0.018563548 0.00933078 0.09573452 0.025503412
0.6869999999999999 0.10332021 0.0063135843 0.01835233 0.009285487 0.09481353 0.02528328
0.688 0.10232451 0.006259175 0.018143175 0.00924033 0.09389862 0.025064254
0.689 0.10133542 0.00620504 0.017936029 0.009195275 0.09298981 0.024846314
0.69 0.100352935 0.006151181 0.017730873 0.0091503635 0.09208703 0.024629459
0.691 0.099377014 0.006097594 0.017527731 0.00910559 0.09119036 0.024413709
0.692 0.09840762 0.0060442826 0.017326528 0.009060886 0.09029961 0.024199046
0.693 0.09744477 0.005991246 0.017127289 0.009016353 0.089414954 0.023985477
0.694 0.096488446 0.0059384834 0.016929971 0.008971902 0.0885362 0.023772996
0.695 0.09553855 0.005885993 0.016734583 0.008927628 0.08766343 0.023561612
0.696 0.09459518 0.0058337743 0.016541082 0.008883366 0.08679658 0.023351312
0.697 0.0936582 0.0057818308 0.016349478 0.008839235 0.08593564 0.023142112
0.698 0.09272763 0.005730159 0.016159732 0.008795197 0.08508062 0.022933993
0.699 0.091803476 0.0056787585 0.015971819 0.008751214 0.084231436 0.022726972
0.7 0.090885654 0.00562763 0.015785737 0.008707328 0.08338818 0.022521038
0.701 0.089974225 0.0055767735 0.015601472 0.008663537 0.08255068 0.022316195
0.702 0.08906912 0.00552619 0.015419009 0.0086198 0.08171904 0.02211244
0.703 0.088170245 0.005475874 0.015238318 0.0085761035 0.08089313 0.021909768
0.704 0.08727767 0.00542583 0.015059387 0.008532481 0.080073066 0.021708192
0.705 0.086391404 0.005376055 0.014882222 0.008488938 0.07925867 0.021507699
0.706 0.08551129 0.0053265514 0.014706772 0.0084454175 0.0784501 0.0213083
0.707 0.084637396 0.005277318 0.014533056 0.00840194 0.07764717 0.021109985
0.708 0.083769694 0.005228354 0.014361029 0.008358493 0.07684993 0.020912752
0.709 0.082908206 0.0051796567 0.014190674 0.008315095 0.076058365 0.020716622
0.71 0.082052805 0.0051312293 0.014022003 0.008271694 0.07527243 0.020521559
0.711 0.08120355 0.0050830715 0.013855001 0.008228391 0.07449215 0.020327592
0.712 0.08036035 0.005035182 0.013689627 0.008185021 0.07371743 0.020134708
0.713 0.07952321 0.004987558 0.01352587 0.008141723 0.07294834 0.0199429
0.714 0.07869216 0.0049402034 0.01336373 0.008098412 0.07218474 0.01975219
0.715 0.0778671 0.0048931153 0.013203189 0.008055114 0.071426734 0.019562555
0.716 0.077048056 0.0048462963 0.013044232 0.008011833 0.07067418 0.019374004
0.717 0.07623498 0.0047997413 0.01288683 0.00796852 0.069927186 0.019186534
0.718 0.07542784 0.004753454 0.012730984 0.007925201 0.06918564 0.019000133
0.719 0.07462663 0.004707433 0.012576673 0.007881873 0.06844956 0.018814826
0.72 0.073831335 0.004661676 0.012423888 0.007838525 0.06771885 0.0186306
0.721 0.07304192 0.0046161874 0.0122726215 0.0077951746 0.066993624 0.018447444
0.722 0.07225835 0.004570963 0.01212284 0.0077517703 0.066273764 0.018265365
0.723 0.07148063 0.0045259995 0.011974547 0.0077083637 0.065559275 0.018084366
0.724 0.07070871 0.0044813035 0.011827723 0.0076649077 0.06485011 0.017904442
0.725 0.069942586 0.0044368715 0.011682353 0.007621429 0.06414629 0.017725594
0.726 0.06918221 0.0043927045 0.011538423 0.007577903 0.06344773 0.017547814
0.727 0.06842756 0.004348799 0.011395931 0.0075343167 0.062754504 0.017371116
0.728 0.067678645 0.0043051587 0.011254846 0.0074906936 0.06206649 0.017195484
0.729 0.066935435 0.0042617777 0.0111151785 0.0074470094 0.061383747 0.01702092
0.73 0.06619786 0.0042186636 0.010976893 0.0074033076 0.060706183 0.01684743
0.731 0.06546596 0.004175811 0.010839984 0.0073595224 0.060033854 0.016675005
0.732 0.06473967 0.0041332203 0.010704447 0.0073156925 0.05936666 0.016503647
0.733 0.06401896 0.004090889 0.010570263 0.007271755 0.058704592 0.01633335
0.734 0.06330386 0.004048821 0.010437424 0.0072278073 0.058047693 0.01616413
0.735 0.06259425 0.0040070135 0.010305911 0.0071837613 0.05739589 0.015995953
0.736 0.06189023 0.003965468 0.010175708 0.007139655 0.05674914 0.015828848
0.737 0.06119168 0.0039241808 0.01004682 0.007095455 0.056107502 0.015662802
0.738 0.06049859 0.0038831534 0.009919224 0.0070511866 0.055470854 0.015497813
0.739 0.059810977 0.0038423876 0.00979291 0.007006861 0.05483925 0.015333879
0.74 0.059128817 0.0038018813 0.009667874 0.006962436 0.054212626 0.015170999
0.741 0.05845205 0.0037616296 0.009544098 0.006917947 0.05359098 0.015009177
0.742 0.057780623 0.003721639 0.009421563 0.0068733497 0.05297428 0.014848404
0.743 0.05711459 0.0036819063 0.009300276 0.006828698 0.052362498 0.014688678
0.744 0.056453895 0.0036424308 0.00918021 0.0067839404 0.05175564 0.014529995
0.745 0.055798512 0.003603215 0.009061361 0.006739106 0.051153656 0.014372365
0.746 0.055148408 0.0035642546 0.008943725 0.006694176 0.05055655 0.014215777
0.747 0.054503597 0.003525549 0.008827279 0.006649181 0.049964283 0.014060229
0.748 0.053864006 0.0034871006 0.008712016 0.006604066 0.049376804 0.013905722
0.749 0.053229604 0.0034489085 0.008597937 0.0065588867 0.04879415 0.0137522565
0.75 0.052600447 0.0034109696 0.008485021 0.006513617 0.048216283 0.013599825
0.751 0.051976435 0.0033732855 0.008373254 0.0064682285 0.04764314 0.013448431
0.752 0.05135755 0.0033358557 0.008262635 0.006422777 0.047074724 0.013298065
0.753 0.050743833 0.0032986815 0.008153161 0.0063772495 0.046511047 0.0131487325
0.754 0.05013521 0.0032617575 0.008044804 0.0063316138 0.045952044 0.013000425
0.755 0.049531598 0.003225088 0.007937571 0.0062858984 0.045397714 0.012853144
0.756 0.0489331 0.0031886713 0.007831441 0.0062401 0.04484804 0.0127068935
0.757 0.04833966 0.003152508 0.007726414 0.0061942185 0.04430297 0.01256166
0.758 0.047751177 0.003116594 0.0076224697 0.0061482466 0.043762513 0.01241745
0.759 0.047167674 0.003080931 0.007519615 0.0061021983 0.043226622 0.012274256
0.76 0.04658913 0.0030455189 0.0074178195 0.006056055 0.04269529 0.012132079
0.761 0.046015542 0.003010357 0.0073170974 0.006009858 0.0421685 0.011990918
0.762 0.04544688 0.0029754464 0.007217424 0.0059635583 0.041646242 0.011850769
0.763 0.04488308 0.0029407856 0.007118798 0.005917214 0.041128475 0.011711629
0.764 0.04432419 0.0029063707 0.0070212116 0.005870778 0.04061517 0.011573499
0.765 0.043770105 0.002872209 0.006924653 0.0058242804 0.040106326 0.011436377
0.766 0.04322084 0.002838294 0.006829116 0.005777718 0.03960192 0.011300251
0.767 0.042676397 0.0028046279 0.006734597 0.0057311007 0.039101914 0.011165138
0.768 0.04213672 0.0027712102 0.006641076 0.005684422 0.038606312 0.011031022
0.769 0.041601803 0.00273804 0.0065485495 0.0056376723 0.03811508 0.010897908
0.77 0.041071612 0.0027051189 0.00645702 0.0055908933 0.0376282 0.0107657835
0.771 0.04054615 0.0026724453 0.006366473 0.0055440622 0.037145637 0.01063466
0.772 0.04002534 0.0026400208 0.0062768934 0.0054971795 0.036667373 0.010504527
0.773 0.03950919 0.0026078448 0.00618828 0.005450261 0.036193427 0.010375384
0.774 0.0389977 0.0025759148 0.00610063 0.0054033212 0.035723712 0.010247233
0.775 0.03849082 0.0025442364 0.006013926 0.0053563314 0.03525825 0.010120065
0.776 0.037988544 0.002512807 0.005928172 0.005309323 0.034797028 0.009993887
0.777 0.037490826 0.0024816254 0.0058433567 0.0052623143 0.034340005 0.009868688
0.778 0.03699768 0.0024506948 0.0057594646 0.0052152737 0.03388716 0.009744471
0.779 0.036509026 0.0024200138 0.005676495 0.0051682196 0.03343846 0.009621232
0.78 0.03602489 0.0023895844 0.0055944473 0.0051211915 0.03299393 0.009498972
0.781 0.035545237 0.0023594077 0.005513308 0.0050741653 0.03255351 0.00937769
0.782 0.035070054 0.0023294827 0.0054330644 0.0050271326 0.03211718 0.009257374
0.783 0.034599286 0.0022998133 0.0053537143 0.004980113 0.031684946 0.0091380365
0.784 0.03413295 0.0022703973 0.005275255 0.004933138 0.031256754 0.009019666
0.785 0.033671 0.0022412392 0.0051976796 0.004886191 0.030832617 0.008902265
0.786 0.033213407 0.0022123388 0.005120974 0.0048392867 0.030412491 0.008785827
0.787 0.032760154 0.0021836984 0.0050451336 0.004792408 0.029996354 0.008670353
0.788 0.03231125 0.002155319 0.004970162 0.0047456045 0.0295842 0.008555844
0.789 0.031866614 0.002127203 0.004896035 0.0046988493 0.029176006 0.008442291
0.79 0.03142627 0.002099353 0.004822765 0.0046521854 0.028771749 0.008329695
0.791 0.03099016 0.0020717697 0.0047503263 0.004605581 0.028371379 0.0082180565
0.792 0.03055831 0.0020444563 0.004678724 0.0045590624 0.02797493 0.008107371
0.793 0.030130653 0.0020174172 0.004607952 0.0045126574 0.027582342 0.007997639
0.794 0.029707178 0.0019906533 0.0045379982 0.004466346 0.027193598 0.007888855
0.795 0.029287871 0.001964167 0.004468856 0.004420145 0.026808687 0.007781021
0.796 0.028872697 0.0019379637 0.0044005197 0.004374066 0.026427586 0.0076741343
0.797 0.028461635 0.0019120446 0.0043329885 0.004328126 0.026050275 0.007568191
0.798 0.028054656 0.0018864135 0.0042662458 0.004282315 0.02567673 0.0074631907
0.799 0.027651753 0.0018610765 0.0042002904 0.0042366553 0.025306925 0.0073591294
0.8 0.027252898 0.0018360341 0.004135116 0.0041911653 0.024940843 0.007256009
0.801 0.02685804 0.001811293 0.0040707164 0.004145846 0.02457846 0.007153823
0.802 0.026467199 0.0017868541 0.0040070806 0.004100692 0.02421975 0.007052576
0.803 0.026080322 0.001762724 0.003944204 0.0040557277 0.023864713 0.006952257
0.8039999999999999 0.02569739 0.0017389066 0.0038820799 0.0040109744 0.023513319 0.0068528736
0.8049999999999999 0.025318364 0.0017154063 0.0038207006 0.0039664223 0.02316551 0.006754419
0.8059999999999999 0.024943251 0.0016922264 0.0037600605 0.003922084 0.022821309 0.006656891
0.8069999999999999 0.024572013 0.0016693723 0.0037001532 0.0038779813 0.02248067 0.006560288
0.8079999999999999 0.024204621 0.0016468483 0.0036409697 0.0038341137 0.022143593 0.00646461
0.8089999999999999 0.023841053 0.0016246571 0.0035825006 0.003790486 0.02181003 0.006369853
0.8099999999999999 0.02348128 0.001602804 0.003524743 0.0037471193 0.021479977 0.006276016
0.8109999999999999 0.023125272 0.0015812936 0.0034676874 0.0037040212 0.021153394 0.0061830957
0.8119999999999999 0.022773024 0.0015601285 0.003411329 0.003661199 0.020830264 0.0060910922
0.813 0.022424487 0.0015393131 0.0033556586 0.0036186574 0.020510579 0.0060000024
0.814 0.022079643 0.0015188494 0.003300668 0.0035764098 0.020194301 0.0059098233
0.815 0.021738485 0.0014987399 0.0032463493 0.003534461 0.019881412 0.005820551
0.816 0.021400955 0.0014789888 0.0031926965 0.0034928226 0.019571882 0.0057321894
0.817 0.021067051 0.0014595975 0.0031397042 0.0034515045 0.01926569 0.0056447266
0.818 0.02073673 0.0014405656 0.0030873637 0.0034105151 0.018962815 0.005558169
0.819 0.020409988 0.0014218958 0.0030356639 0.0033698524 0.018663237 0.0054725087
0.82 0.02008678 0.0014035881 0.002984601 0.0033295327 0.01836693 0.005387743
0.821 0.019767094 0.0013856422 0.002934166 0.00328956 0.018073866 0.0053038714
0.822 0.019450879 0.001368057 0.0028843547 0.0032499398 0.017784016 0.0052208877
0.823 0.01913814 0.0013508298 0.0028351538 0.0032106738 0.017497377 0.005138792
0.824 0.01882883 0.0013339603 0.0027865602 0.0031717715 0.017213915 0.0050575794
0.825 0.018522926 0.0013174427 0.0027385633 0.0031332409 0.01693359 0.004977246
0.826 0.018220413 0.0013012751 0.0026911588 0.003095078 0.016656393 0.004897787
0.827 0.017921241 0.0012854515 0.0026443389 0.0030572938 0.016382312 0.0048192013
0.828 0.017625425 0.0012699673 0.002598097 0.0030198921 0.016111303 0.0047414848
0.829 0.017332893 0.0012548161 0.0025524206 0.0029828637 0.01584335 0.00466463
0.83 0.01704366 0.0012399917 0.0025073083 0.002946222 0.015578433 0.004588637
0.831 0.016757675 0.0012254862 0.0024627517 0.0029099667 0.015316525 0.0045134993
0.832 0.016474912 0.0012112915 0.0024187453 0.0028740985 0.015057601 0.0044392133
0.833 0.016195364 0.0011974003 0.0023752796 0.0028386172 0.014801643 0.0043657734
0.834 0.01591899 0.001183803 0.0023323488 0.002803519 0.014548629 0.0042931754
0.835 0.015645782 0.00117049 0.0022899448 0.002768808 0.0142985275 0.004221416
0.836 0.015375701 0.0011574529 0.0022480648 0.002734483 0.014051332 0.00415049
0.837 0.01510872 0.0011446812 0.0022067009 0.0027005426 0.013807001 0.004080393
0.838 0.014844843 0.0011321659 0.0021658486 0.0026669842 0.013565528 0.0040111183
0.839 0.014584026 0.001119897 0.0021254981 0.002633804 0.013326883 0.0039426624
0.84 0.014326239 0.0011078644 0.0020856478 0.0026010019 0.01309105 0.0038750214
0.841 0.014071477 0.0010960595 0.002046292 0.002568578 0.012858014 0.0038081894
0.842 0.013819706 0.0010844722 0.0020074223 0.0025365215 0.0126277385 0.003742165
0.843 0.013570911 0.0010730937 0.0019690366 0.0025048342 0.012400212 0.0036769398
0.844 0.013325073 0.0010619162 0.0019311293 0.0024735113 0.012175413 0.003612512
0.845 0.013082171 0.0010509315 0.0018936959 0.002442552 0.011953319 0.0035488755
0.846 0.012842183 0.0010401307 0.0018567326 0.002411948 0.011733924 0.0034860293
0.847 0.012605076 0.0010295081 0.0018202334 0.0023816968 0.011517193 0.0034239653
0.848 0.012370851 0.0010190562 0.001784195 0.0023517944 0.011303115 0.0033626845
0.849 0.012139479 0.00100877 0.0017486151 0.0023222377 0.011091668 0.0033021797
0.85 0.0119109405 0.0009986438 0.0017134884 0.0022930228 0.010882838 0.0032424496
0.851 0.01168522 0.000988673 0.0016788109 0.0022641406 0.010676608 0.0031834908
0.852 0.0114622945 0.0009788532 0.0016445799 0.0022355902 0.010472955 0.0031252997
0.853 0.0112421485 0.00096918165 0.0016107935 0.0022073672 0.010271858 0.003067874
0.854 0.011024767 0.0009596555 0.0015774479 0.0021794676 0.0100733135 0.0030112122
0.855 0.010810132 0.000950272 0.0015445398 0.0021518872 0.009877297 0.0029553112
0.856 0.010598224 0.0009410297 0.0015120663 0.002124616 0.009683786 0.0029001695
0.857 0.010389022 0.0009319264 0.001480026 0.002097654 0.009492773 0.0028457842
0.858 0.010182515 0.00092296244 0.0014484149 0.0020709948 0.009304237 0.0027921556
0.859 0.009978684 0.00091413705 0.0014172329 0.0020446356 0.009118169 0.0027392816
0.86 0.009777517 0.000905449 0.0013864759 0.002018568 0.008934544 0.0026871595
0.861 0.0095789945 0.00089689903 0.0013561412 0.0019927872 0.008753346 0.00263579
0.862 0.009383095 0.00088848703 0.0013262279 0.0019672874 0.008574569 0.0025851717
0.863 0.0091898125 0.0008802134 0.0012967336 0.0019420638 0.008398186 0.0025353031
0.864 0.008999123 0.00087207864 0.0012676559 0.0019171106 0.008224191 0.0024861833
0.865 0.00881101 0.00086408213 0.0012389935 0.0018924183 0.008052564 0.002437812
0.866 0.008625469 0.0008562245 0.0012107425 0.0018679816 0.007883292 0.0023901889
0.867 0.008442469 0.0008485057 0.0011829026 0.001843793 0.0077163503 0.0023433114
0.868 0.008262002 0.0008409253 0.001155472 0.001819848 0.0075517376 0.0022971816
0.869 0.008084057 0.0008334833 0.0011284468 0.0017961337 0.007389428 0.0022517953
0.87 0.007908613 0.00082617847 0.0011018275 0.001772646 0.0072294143 0.002207153
0.871 0.00773565 0.00081900903 0.0010756096 0.0017493727 0.007071679 0.0021632528
0.872 0.007565158 0.00081197376 0.0010497926 0.0017263065 0.0069162035 0.0021200934
0.873 0.0073971157 0.00080507074 0.0010243729 0.0017034377 0.0067629707 0.0020776738
0.874 0.0072315154 0.0007982966 0.0009993495 0.0016807553 0.006611974 0.00203599
0.875 0.007068335 0.0007916488 0.0009747194 0.0016582492 0.006463194 0.0019950406
0.876 0.006907563 0.0007851227 0.0009504807 0.0016359093 0.00631661 0.0019548223
0.877 0.006749176 0.00077871507 0.0009266303 0.0016137235 0.0061722123 0.0019153326
0.878 0.006593167 0.0007724206 0.0009031662 0.0015916813 0.0060299872 0.0018765662
0.879 0.0064395135 0.0007662336 0.00088008615 0.0015697698 0.0058899163 0.0018385208
0.88 0.006288198 0.0007601478 0.000857387 0.0015479785 0.0057519837 0.00180119
0.881 0.006139213 0.00075415685 0.00083506736 0.0015262936 0.005616175 0.0017645677
0.882 0.005992532 0.0007482543 0.00081312284 0.0015047047 0.005482471 0.00172865
0.883 0.005848148 0.00074243115 0.00079155184 0.0014831981 0.005350863 0.0016934284
0.884 0.005706036 0.00073668035 0.0007703506 0.0014617626 0.0052213296 0.0016588959
0.885 0.005566181 0.0007309923 0.00074951735 0.0014403854 0.0050938562 0.001625045
0.886 0.005428575 0.0007253585 0.0007290486 0.0014190545 0.004968432 0.0015918659
0.887 0.005293192 0.00071976957 0.0007089415 0.0013977585 0.004845031 0.0015593498
0.888 0.0051600165 0.0007142155 0.0006891929 0.0013764858 0.0047236467 0.0015274864
0.889 0.0050290357 0.0007086858 0.00066979986 0.0013552245 0.004604258 0.0014962644
0.89 0.0049002278 0.0007031706 0.0006507596 0.0013339651 0.0044868505 0.0014656719
0.891 0.0047735805 0.0006976592 0.00063206867 0.0013126972 0.004371407 0.0014356968
0.892 0.004649073 0.0006921411 0.0006137245 0.0012914108 0.0042579123 0.0014063254
0.893 0.0045266896 0.000686605 0.00059572293 0.0012700971 0.004146351 0.0013775444
0.894 0.0044064145 0.00068104034 0.0005780618 0.0012487483 0.0040367083 0.0013493394
0.895 0.0042882287 0.00067543663 0.0005607377 0.0012273566 0.0039289617 0.0013216945
0.896 0.004172115 0.000669783 0.0005437475 0.0012059163 0.0038231001 0.0012945946
0.897 0.0040580574 0.0006640688 0.00052708824 0.0011844209 0.003719105 0.0012680226
0.898 0.0039460394 0.0006582837 0.00051075616 0.001162867 0.0036169642 0.0012419621
0.899 0.00383604 0.00065241754 0.00049474894 0.0011412497 0.003516658 0.0012163961
0.9 0.0037280428 0.000646461 0.0004790628 0.0011195673 0.0034181683 0.0011913072
0.901 0.003622035 0.00064040464 0.0004636954 0.0010978194 0.0033214842 0.0011666777
0.902 0.003517995 0.0006342389 0.0004486435 0.0010760038 0.0032265848 0.0011424882
0.903 0.0034159056 0.0006279559 0.00043390348 0.0010541221 0.003133456 0.001118722
0.904 0.0033157524 0.0006215474 0.00041947307 0.0010321774 0.0030420837 0.0010953604
0.905 0.003217513 0.00061500585 0.000405349 0.0010101713 0.002952446 0.0010723846
0.906 0.0031211735 0.000608325 0.00039152868 0.0009881101 0.0028645312 0.0010497777
0.907 0.0030267166 0.00060149794 0.0003780086 0.0009659971 0.002778321 0.0010275206
0.908 0.0029341253 0.0005945195 0.00036478642 0.0009438407 0.002693801 0.0010055966
0.909 0.0028433786 0.0005873845 0.00035185926 0.00092164776 0.0026109545 0.0009839876
0.91 0.0027544624 0.00058008975 0.00033922427 0.00089942775 0.0025297648 0.00096267805
0.911 0.0026673588 0.0005726306 0.00032687883 0.0008771908 0.002450218 0.0009416502
0.912 0.0025820492 0.000565005 0.00031482006 0.00085494714 0.0023722954 0.00092088943
0.913 0.0024985191 0.0005572111 0.00030304524 0.0008327092 0.0022959842 0.00090038043
0.914 0.002416748 0.0005492482 0.00029155173 0.00081049005 0.0022212663 0.00088010944
0.915 0.0023367202 0.00054111547 0.00028033744 0.0007883037 0.0021481274 0.00086006266
0.916 0.0022584177 0.0005328135 0.00026939897 0.0007661644 0.0020765509 0.000840228
0.917 0.0021818248 0.0005243437 0.00025873428 0.0007440871 0.0020065198 0.00082059327
0.918 0.0021069238 0.0005157083 0.00024834054 0.00072208856 0.0019380215 0.00080114824
0.919 0.002033695 0.00050691003 0.0002382154 0.0007001854 0.0018710394 0.00078188383
0.92 0.001962126 0.0004979524 0.00022835618 0.0006783939 0.0018055575 0.0007627903
0.921 0.0018921959 0.00048884 0.00021876016 0.00065673195 0.0017415618 0.0007438609
0.922 0.0018238882 0.00047957798 0.00020942504 0.0006352179 0.0016790341 0.00072508893
0.923 0.0017571866 0.00047017206 0.00020034818 0.000613869 0.0016179619 0.0007064695
0.924 0.0016920738 0.00046062915 0.0001915271 0.0005927045 0.0015583291 0.00068799796
0.925 0.0016285317 0.00045095594 0.00018295893 0.00057174213 0.0015001202 0.0006696708
0.926 0.0015665444 0.00044116052 0.00017464126 0.0005510003 0.0014433195 0.0006514862
0.927 0.0015060945 0.00043125113 0.00016657123 0.0005304974 0.0013879129 0.00063344266
0.928 0.001447165 0.00042123723 0.00015874632 0.00051025103 0.0013338847 0.0006155403
0.929 0.0013897383 0.00041112793 0.00015116374 0.0004902798 0.0012812195 0.0005977801
0.93 0.0013337978 0.00040093344 0.00014382061 0.00047060035 0.0012299024 0.00058016344
0.931 0.0012793265 0.00039066398 0.00013671408 0.00045123062 0.001179919 0.00056269305
0.932 0.0012263061 0.00038033078 0.00012984141 0.00043218618 0.0011312532 0.00054537243
0.9329999999999999 0.0011747207 0.00036994478 0.0001231995 0.0004134835 0.0010838903 0.00052820594
0.9339999999999999 0.0011245528 0.0003595176 0.00011678534 0.0003951376 0.001037815 0.00051119836
0.9349999999999999 0.0010757851 0.0003490611 0.000110595836 0.00037716332 0.0009930123 0.0004943556
0.9359999999999999 0.0010283998 0.0003385874 0.000104627885 0.00035957433 0.0009494672 0.00047768402
0.9369999999999999 0.0009823799 0.00032810855 9.8878096e-05 0.00034238352 0.0009071636 0.0004611902
0.938 0.0009377087 0.0003176371 9.33433e-05 0.00032560303 0.00086608686 0.00044488182
0.939 0.00089436787 0.00030718526 8.801993e-05 0.000309244 0.000826222 0.0004287663
0.94 0.0008523398 0.00029676588 8.290463e-05 0.00029331644 0.00078755285 0.00041285224
0.941 0.00081160734 0.00028639118 7.799381e-05 0.00027782965 0.0007500643 0.00039714773
0.942 0.00077215274 0.0002760737 7.3283736e-05 0.00026279184 0.0007137408 0.00038166164
0.943 0.0007339579 0.0002658259 6.87708e-05 0.00024821007 0.0006785672 0.00036640285
0.944 0.0006970055 0.0002556599 6.445111e-05 0.00023409027 0.000644527 0.00035138032
0.945 0.00066127715 0.00024558778 6.032082e-05 0.00022043726 0.00061160454 0.00033660294
0.946 0.00062675535 0.00023562145 5.6375913e-05 0.00020725497 0.0005797843 0.00032208004
0.947 0.0005934212 0.00022577264 5.261244e-05 0.00019454633 0.0005490499 0.0003078205
0.948 0.00056125695 0.00021605247 4.90262e-05 0.00018231261 0.0005193856 0.0002938329
0.949 0.00053024414 0.0002064721 4.5613044e-05 0.00017055465 0.0004907745 0.00028012638
0.95 0.00050036405 0.00019704219 4.236872e-05 0.00015927189 0.00046320094 0.0002667091
0.951 0.00047159818 0.000187773 3.92889e-05 0.00014846276 0.0004366481 0.0002535891
0.952 0.00044392794 0.0001786746 3.636923e-05 0.00013812468 0.00041109926 0.00024077455
0.953 0.00041733417 0.0001697561 3.360529e-05 0.00012825412 0.00038653772 0.00022827274
0.954 0.0003917983 0.00016102665 3.099259e-05 0.000118846474 0.0003629464 0.00021609076
0.955 0.00036730058 0.00015249479 2.8526623e-05 0.00010989637 0.00034030856 0.00020423532
0.956 0.00034382218 0.0001441685 2.6202842e-05 0.00010139744 0.00031860656 0.0001927126
0.957 0.0003213435 0.00013605524 2.4016677e-05 9.3342416e-05 0.00029782346 0.00018152827
0.958 0.00029984472 0.00012816189 2.1963479e-05 8.572325e-05 0.00027794138 0.00017068734
0.959 0.0002793065 0.00012049481 2.0038664e-05 7.853123e-05 0.00025894272 0.00016019448
0.96 0.00025970876 0.00011305992 1.823756e-05 7.175679e-05 0.00024080956 0.00015005367
0.961 0.00024103146 0.00010586227 1.6555548e-05 6.5389766e-05 0.00022352394 0.0001402683
0.962 0.00022325448 9.89065e-05 1.4987965e-05 5.941933e-05 0.0002070676 0.00013084098
0.963 0.00020635729 9.2196715e-05 1.3530173e-05 5.3834152e-05 0.00019142227 0.00012177397
0.964 0.00019031967 8.573624e-05 1.2177563e-05 4.8622325e-05 0.00017656933 0.0001130687
0.965 0.00017512075 7.952788e-05 1.09255325e-05 4.3771484e-05 0.0001624901 0.00010472596
0.966 0.00016073983 7.35739e-05 9.769505e-06 3.926891e-05 0.00014916572 9.6745905e-05
0.967 0.00014715595 6.787578e-05 8.704937e-06 3.5101424e-05 0.00013657725 8.912801e-05
0.968 0.0001343479 6.2434454e-05 7.727336e-06 3.125567e-05 0.00012470534 8.187102e-05
0.969 0.00012229447 5.725035e-05 6.8322593e-06 2.771793e-05 0.00011353063 7.497312e-05
0.97 0.00011097424 5.232312e-05 6.015316e-06 2.4474375e-05 0.00010303365 6.84317e-05
0.971 0.000100365534 4.7651916e-05 5.2721707e-06 2.1510969e-05 9.319467e-05 6.224353e-05
0.972 9.044668e-05 4.3235228e-05 4.5985666e-06 1.88136e-05 8.3993815e-05 5.640471e-05
0.973 8.1195794e-05 3.9070987e-05 3.9903234e-06 1.6368116e-05 7.5411044e-05 5.0910687e-05
0.974 7.259084e-05 3.5156558e-05 3.4433306e-06 1.4160374e-05 6.742621e-05 4.5756216e-05
0.975 6.460957e-05 3.148869e-05 2.9535763e-06 1.2176275e-05 6.0018876e-05 4.093544e-05
0.976 5.7229696e-05 2.806355e-05 2.5171355e-06 1.0401831e-05 5.3168584e-05 3.6441845e-05
0.977 5.0428687e-05 2.4876797e-05 2.130188e-06 8.823176e-06 4.6854686e-05 3.226829e-05
0.978 4.4183955e-05 2.1923524e-05 1.7890159e-06 7.426661e-06 4.1056323e-05 2.8407056e-05
0.979 3.8472685e-05 1.9198247e-05 1.4900119e-06 6.1988444e-06 3.5752546e-05 2.4849767e-05
0.98 3.3271943e-05 1.6695025e-05 1.2296867e-06 5.126583e-06 3.09222e-05 2.1587495e-05
0.981 2.8558714e-05 1.440735e-05 1.0046723e-06 4.197025e-06 2.6544052e-05 1.861074e-05
0.982 2.4309738e-05 1.2328248e-05 8.1172567e-07 3.3976837e-06 2.259667e-05 1.5909422e-05
0.983 2.0501737e-05 1.0450254e-05 6.4773724e-07 2.7164522e-06 1.9058494e-05 1.3472937e-05
0.984 1.711122e-05 8.765434e-06 5.097318e-07 2.1416538e-06 1.5907848e-05 1.1290145e-05
0.985 1.4114556e-05 7.2653893e-06 3.9487614e-07 1.6620658e-06 1.31229e-05 9.349408e-06
0.986 1.148804e-05 5.9412855e-06 3.0048167e-07 1.2669549e-06 1.068167e-05 7.63858e-06
0.987 9.20781e-06 4.78386e-06 2.2400917e-07 9.4611084e-07 8.56207e-06 6.14505e-06
0.988 7.249871e-06 3.7834363e-06 1.6307251e-07 6.898714e-07 6.7418846e-06 4.8557417e-06
0.989 5.590114e-06 2.9299379e-06 1.1544296e-07 4.8915336e-07 5.198751e-06 3.757136e-06
0.99 4.2043152e-06 2.2129047e-06 7.905248e-08 3.3547713e-07 3.9102047e-06 2.8352895e-06
0.991 3.0681088e-06 1.6215054e-06 5.1997514e-08 2.2099394e-07 2.8536476e-06 2.0758512e-06
0.992 2.157036e-06 1.1445536e-06 3.2542324e-08 1.3850911e-07 2.0063699e-06 1.4640747e-06
0.993 1.4465118e-06 7.7052e-07 1.9122123e-08 8.150412e-08 1.345547e-06 9.848421e-07
0.994 9.1183864e-07 4.8754725e-07 1.0346281e-08 4.4159513e-08 8.482367e-07 6.226745e-07
0.995 5.282102e-07 2.8346315e-07 5.0012097e-09 2.1374449e-08 4.9139106e-07 3.6175004e-07
0.996 2.7071084e-07 1.4579489e-07 2.0531996e-09 8.786493e-09 2.5185253e-07 1.8592054e-07
0.997 1.143179e-07 6.178095e-08 6.51109e-10 2.7898914e-09 1.06359096e-07 7.872603e-08
0.998 3.3904858e-08 1.8384993e-08 1.2889848e-10 5.529889e-10 3.1545717e-08 2.3410523e-08
0.999 4.242182e-09 2.3078697e-09 8.073635e-12 3.467838e-11 3.9471693e-09 2.9366216e-09
1.0 0.0 0.0 0.0 0.0 0.0 0.0
