1e-08 1.4792736 0.81440854 -7.918913 25.335167 1.5284312 1.8075569
1.1748975549395302e-08 1.4770054 0.8103028 -7.869426 25.146608 1.5251663 1.8003567
1.3803842646028838e-08 1.4746928 0.80613244 -7.818617 24.956045 1.5218356 1.793023
1.6218100973589297e-08 1.472336 0.8018964 -7.766465 24.76346 1.518437 1.7855533
1.9054607179632482e-08 1.4699328 0.7975935 -7.712929 24.568775 1.5149711 1.7779462
2.2387211385683378e-08 1.4674839 0.7932226 -7.6579776 24.371964 1.511433 1.7701973
2.6302679918953814e-08 1.4649862 0.78878224 -7.6015596 24.172949 1.5078243 1.762306
3.090295432513592e-08 1.4624397 0.78427184 -7.5436554 23.971712 1.5041414 1.7542688
3.6307805477010175e-08 1.4598432 0.77968985 -7.4842124 23.768185 1.5003839 1.7460842
4.265795188015925e-08 1.4571955 0.77503526 -7.423195 23.562304 1.4965497 1.7377487
5.011872336272725e-08 1.4544954 0.77030647 -7.360563 23.354027 1.4926357 1.7292609
5.8884365535558836e-08 1.4517411 0.76550263 -7.296277 23.143301 1.4886432 1.7206167
6.918309709189362e-08 1.4489319 0.7606228 -7.2302966 22.93006 1.4845674 1.711815
8.128305161640995e-08 1.4460672 0.7556655 -7.1625743 22.714245 1.4804078 1.7028526
9.549925860214369e-08 1.443144 0.75062954 -7.0930734 22.495817 1.476162 1.6937268
1.122018454301963e-07 1.4401611 0.74551415 -7.0217457 22.2747 1.4718273 1.6844361
1.3182567385564074e-07 1.4371197 0.7403177 -6.948549 22.05085 1.467405 1.6749772
1.5488166189124826e-07 1.4340147 0.7350398 -6.8734446 21.824198 1.462889 1.6653483
1.8197008586099824e-07 1.4308475 0.7296788 -6.7963743 21.594687 1.4582804 1.6555455
2.1379620895022324e-07 1.4276145 0.72423387 -6.7173066 21.362255 1.4535745 1.645568
2.5118864315095823e-07 1.4243155 0.71870404 -6.636186 21.126846 1.4487712 1.6354123
2.95120922666639e-07 1.4209487 0.7130884 -6.552977 20.88842 1.4438668 1.6250771
3.4673685045253164e-07 1.417512 0.7073858 -6.4676294 20.646896 1.4388603 1.6145592
4.0738027780411303e-07 1.4140035 0.7015952 -6.3801007 20.40224 1.4337479 1.6038569
4.78630092322638e-07 1.410422 0.6957158 -6.2903433 20.15436 1.4285294 1.5929677
5.62341325190349e-07 1.4067667 0.6897468 -6.198323 19.903246 1.4231998 1.5818892
6.606934480075964e-07 1.4030342 0.683687 -6.1039786 19.648813 1.4177587 1.5706198
7.762471166286927e-07 1.399223 0.6775357 -6.007288 19.391027 1.4122037 1.5591567
9.120108393559096e-07 1.3953322 0.67129153 -5.9081984 19.129837 1.4065305 1.5474988
1.071519305237607e-06 1.391359 0.6649537 -5.806672 18.865187 1.4007387 1.5356436
1.2589254117941661e-06 1.3873013 0.6585207 -5.7026815 18.597025 1.3948246 1.5235894
1.479108388168207e-06 1.383158 0.65199137 -5.5961847 18.3253 1.388785 1.5113341
1.7378008287493763e-06 1.3789257 0.6453635 -5.487152 18.049955 1.3826183 1.4988756
2.0417379446695316e-06 1.3746036 0.63863504 -5.3755603 17.770952 1.3763213 1.486212
2.3988329190194948e-06 1.3701884 0.63180363 -5.261387 17.488195 1.3698916 1.4733411
2.818382931264455e-06 1.3656785 0.6248657 -5.1446195 17.201628 1.3633257 1.4602606
3.3113112148259145e-06 1.3610716 0.61781657 -5.0252414 16.91115 1.3566213 1.4469684
3.890451449942805e-06 1.3563646 0.61065114 -4.903259 16.616646 1.3497748 1.4334613
4.570881896148752e-06 1.351555 0.60336185 -4.7786775 16.317959 1.3427832 1.4197353
5.370317963702533e-06 1.3466402 0.5959399 -4.651524 16.014906 1.3356425 1.405787
6.309573444801943e-06 1.341617 0.5883732 -4.521832 15.707223 1.3283492 1.3916111
7.413102413009177e-06 1.3364807 0.5806467 -4.389656 15.394585 1.3208989 1.3772016
8.709635899560814e-06 1.3312286 0.5727419 -4.2550693 15.07657 1.3132877 1.3625503
1.0232929922807536e-05 1.3258569 0.5646348 -4.118168 14.752616 1.3055108 1.3476478
1.2022644346174132e-05 1.3203601 0.5562963 -3.979078 14.422012 1.297562 1.3324829
1.4125375446227555e-05 1.314733 0.54769015 -3.8379545 14.083875 1.2894346 1.3170419
1.6595869074375632e-05 1.3089685 0.5387734 -3.6949883 13.737076 1.2811233 1.3013077
1.9498445997580493e-05 1.3030616 0.52949494 -3.5504045 13.380272 1.2726198 1.2852616
2.290867652767775e-05 1.2970045 0.5197967 -3.4044652 13.011868 1.2639154 1.2688823
2.691534803926914e-05 1.2907888 0.50961447 -3.2574792 12.630029 1.2550011 1.2521484
3.1622776601683795e-05 1.2844079 0.4988818 -3.1097677 12.232794 1.245868 1.2350389
3.715352290971728e-05 1.2778534 0.48753405 -2.9616745 11.818143 1.236508 1.2175367
4.3651583224016654e-05 1.2711198 0.47551817 -2.8135395 11.384263 1.2269151 1.1996331
5.128613839913659e-05 1.2642039 0.46280125 -2.66567 10.929798 1.2170833 1.1813321
6.0255958607435806e-05 1.2571057 0.44938368 -2.5182962 10.454257 1.2070149 1.1626556
7.079457843841388e-05 1.249832 0.43531087 -2.3715408 9.958349 1.1967165 1.1436483
8.317637711026709e-05 1.2423974 0.4206807 -2.2253819 9.444313 1.1862029 1.1243776
9.772372209558111e-05 1.2348211 0.40564367 -2.0796335 8.91606 1.1754986 1.1049306
0.0001148153621496884 1.2271341 0.39039457 -1.9339352 8.378989 1.164636 1.0854071
0.0001348962882591656 1.2193729 0.3751498 -1.7878134 7.839574 1.153657 1.0659075
0.00015848931924611142 1.2115792 0.36012167 -1.6407248 7.3045754 1.1426079 1.0465178
0.00018620871366628695 1.2037954 0.3454894 -1.4921309 6.780239 1.1315367 1.0273002
0.00021877616239495564 1.1960658 0.33137938 -1.3416173 6.271649 1.120492 1.0082878
0.0002570395782768865 1.1884294 0.31785682 -1.188924 5.782262 1.1095165 0.9894852
0.0003019951720402019 1.180922 0.30493242 -1.0340278 5.3139534 1.0986501 0.970875
0.000354813389233576 1.1735739 0.29257628 -0.8771065 4.8672886 1.0879251 0.9524268
0.0004168693834703355 1.1664133 0.28073782 -0.7185701 4.4419894 1.0773702 0.93410605
0.0004897788193684466 1.1594641 0.26936343 -0.55901825 4.03746 1.0670102 0.9158819
0.0005754399373371578 1.15275 0.25840908 -0.3991785 3.6531706 1.0568699 0.89772886
0.0006760829753919819 1.1462961 0.24784783 -0.23990585 3.2890003 1.046974 0.8796302
0.0007943282347242822 1.1401296 0.23767297 -0.0821283 2.9453142 1.03735 0.8615756
0.0009332543007969925 1.1342826 0.22789536 0.073180385 2.6230583 1.0280292 0.84356105
0.0010964781961431873 1.1287923 0.21853884 0.22503628 2.3236496 1.0190496 0.8255853
0.001288249551693135 1.123704 0.20963515 0.3724448 2.0488026 1.0104558 0.807647
0.0015135612484362103 1.1190721 0.2012164 0.5144544 1.8002912 1.0023016 0.7897428
0.0017782794100389264 1.1149619 0.19331004 0.6501734 1.5795857 0.99465 0.7718654
0.0020892961308540407 1.1114511 0.1859345 0.77879226 1.3874195 0.9875775 0.7540009
0.0024547089156850338 1.1086322 0.17909609 0.8996242 1.2233357 0.9811728 0.7361292
0.0028840315031266116 1.1066148 0.1727875 1.0121363 1.0852834 0.9755389 0.7182223
0.0033884415613920273 1.105524 0.16698821 1.1159626 0.9695704 0.9707962 0.7002461
0.003981071705534978 1.1055069 0.16166367 1.2109598 0.8711995 0.96708053 0.68215686
0.004677351412871991 1.1067265 0.1567657 1.2972326 0.7846992 0.96454495 0.663904
0.005495408738576248 1.1093695 0.15223232 1.3751595 0.7051261 0.9633601 0.64542973
0.006456542290346563 1.1136391 0.14798768 1.4454168 0.62888056 0.96371335 0.62666816
0.0075857757502918515 1.1197579 0.14394262 1.5089852 0.5542302 0.96580637 0.6075463
0.008912509381337459 1.1279569 0.13999653 1.5671382 0.48139676 0.96984965 0.58798486
0.010471285480509006 1.1384717 0.13604118 1.6213548 0.41222724 0.97605485 0.5678974
0.012302687708123837 1.1515249 0.13196656 1.6732104 0.34958062 0.9846251 0.54719377
0.01445439770745928 1.1673074 0.12766899 1.7241534 0.29622823 0.99573207 0.5257815
0.01698243652461746 1.1859431 0.12306054 1.7752267 0.25344798 1.0094951 0.5035681
0.01995262314968883 1.2074581 0.118078075 1.826679 0.22003643 1.0259466 0.48046875
0.023442288153199275 1.2317262 0.11268971 1.8776016 0.19271661 1.0449902 0.45641503
0.02754228703338169 1.2584232 0.10689682 1.9255736 0.16799256 1.0663608 0.4313698
0.032359365692962876 1.2869761 0.10073245 1.96646 0.1438822 1.0895785 0.40534782
0.0380189396320562 1.3165239 0.09425491 1.9944489 0.120388374 1.1139156 0.37843865
0.04466835921509635 1.3459022 0.087541856 2.0024133 0.09888647 1.1383775 0.35082805
0.052480746024977334 1.3736655 0.08068413 1.9826849 0.08112153 1.1617155 0.32281113
0.061659500186148346 1.3981478 0.07378213 1.9282333 0.06808204 1.1824718 0.29479676
0.07244359600749906 1.4175606 0.06694736 1.8342253 0.058984376 1.1990575 0.26730606
0.08511380382023777 1.4301149 0.060316324 1.6997397 0.051299546 1.2098505 0.24097069
0.1 1.4341065 0.054073576 1.5293498 0.04245637 1.2132776 0.216533
0.1 1.4341065 0.054073576 1.5293498 0.04245637 1.2132776 0.216533
0.101 1.4340354 0.053706184 1.5178655 0.041842353 1.213214 0.21510506
0.10200000000000001 1.4339256 0.05334494 1.5064017 0.04122775 1.2131169 0.21370165
0.10300000000000001 1.4337802 0.052989647 1.4949621 0.040612523 1.2129879 0.21232241
0.10400000000000001 1.433598 0.052640285 1.4835504 0.039996047 1.2128271 0.21096683
0.10500000000000001 1.4333797 0.052296776 1.472169 0.03938031 1.212635 0.2096347
0.10600000000000001 1.4331273 0.051959064 1.4608237 0.038767453 1.2124126 0.20832565
0.10700000000000001 1.4328395 0.051627062 1.4495163 0.038152207 1.2121598 0.20703922
0.10800000000000001 1.432518 0.051300704 1.4382504 0.037539575 1.2118781 0.20577519
0.10900000000000001 1.4321642 0.050979897 1.4270267 0.036929403 1.2115675 0.2045331
0.11 1.4317776 0.050664634 1.41585 0.036319356 1.2112281 0.20331274
0.111 1.4313585 0.050354786 1.4047235 0.03571716 1.2108612 0.20211367
0.112 1.4309092 0.050050348 1.3936502 0.035114553 1.2104672 0.20093562
0.113 1.4304291 0.049751233 1.3826311 0.03452078 1.2100459 0.19977835
0.114 1.4299182 0.049457375 1.3716698 0.033926535 1.2095987 0.19864142
0.115 1.429378 0.049168713 1.3607649 0.03334189 1.2091255 0.19752459
0.116 1.4288094 0.048885178 1.3499249 0.03276392 1.2086269 0.19642755
0.117 1.4282116 0.048606716 1.3391471 0.032191195 1.2081039 0.19535007
0.11800000000000001 1.4275862 0.048333276 1.3284322 0.03162473 1.2075557 0.19429168
0.11900000000000001 1.4269333 0.04806481 1.3177892 0.031068806 1.206984 0.19325228
0.12000000000000001 1.4262531 0.047801245 1.3072109 0.03051873 1.2063879 0.19223148
0.12100000000000001 1.425546 0.04754255 1.2967058 0.029982934 1.2057692 0.19122902
0.122 1.4248137 0.04728859 1.286271 0.02945561 1.2051272 0.19024469
0.123 1.4240551 0.047039416 1.2759122 0.028939398 1.2044625 0.18927826
0.124 1.4232706 0.046794876 1.2656249 0.028433468 1.2037766 0.1883293
0.125 1.4224623 0.04655499 1.255416 0.027938178 1.2030689 0.18739767
0.126 1.4216286 0.04631967 1.2452843 0.027458515 1.2023393 0.18648306
0.127 1.4207704 0.046088893 1.2352326 0.026990758 1.2015886 0.18558529
0.128 1.4198889 0.045862515 1.2252594 0.026535826 1.2008166 0.18470399
0.129 1.4189844 0.045640595 1.2153652 0.026096553 1.200025 0.18383904
0.13 1.4180564 0.04542298 1.2055545 0.02567359 1.1992133 0.18299016
0.131 1.4171057 0.04520972 1.195826 0.025265856 1.1983813 0.18215702
0.132 1.4161329 0.04500066 1.1861795 0.024873538 1.19753 0.18133953
0.133 1.4151376 0.044795852 1.1766177 0.024497941 1.1966597 0.18053736
0.134 1.4141204 0.044595167 1.1671412 0.024138661 1.1957703 0.1797503
0.135 1.4130827 0.044398565 1.1577487 0.023799328 1.1948621 0.17897812
0.136 1.4120232 0.044206005 1.1484425 0.023476576 1.1939356 0.17822064
0.137 1.4109427 0.04401744 1.1392218 0.023168975 1.1929909 0.17747754
0.138 1.409842 0.04383279 1.130087 0.022882843 1.1920286 0.17674874
0.139 1.4087204 0.04365203 1.1210387 0.022614606 1.1910484 0.1760339
0.14 1.4075795 0.043475114 1.1120778 0.022363922 1.1900508 0.17533286
0.14100000000000001 1.4064176 0.043301955 1.1032051 0.022133753 1.1890367 0.17464545
0.14200000000000002 1.4052368 0.043132536 1.0944186 0.021917468 1.1880045 0.17397135
0.14300000000000002 1.4040368 0.042966794 1.0857196 0.021723807 1.1869559 0.17331049
0.14400000000000002 1.4028171 0.042804714 1.0771085 0.02154664 1.1858915 0.17266247
0.14500000000000002 1.4015783 0.042646177 1.0685862 0.02138859 1.18481 0.17202732
0.14600000000000002 1.4003214 0.042491186 1.0601505 0.021249143 1.1837131 0.17140464
0.14700000000000002 1.3990467 0.04233962 1.051802 0.021124983 1.1825998 0.17079444
0.14800000000000002 1.3977523 0.042191487 1.0435426 0.021019243 1.1814704 0.17019637
0.14900000000000002 1.3964406 0.042046756 1.0353682 0.020928284 1.1803259 0.16961025
0.15000000000000002 1.395111 0.04190532 1.0272822 0.0208527 1.1791657 0.16903588
0.15100000000000002 1.3937635 0.041767184 1.0192838 0.020792933 1.1779907 0.16847311
0.15200000000000002 1.3923981 0.041632224 1.0113716 0.020750685 1.1768006 0.1679218
0.153 1.3910159 0.041500427 1.0035465 0.020719226 1.1755954 0.16738167
0.154 1.3896167 0.041371766 0.99580634 0.020703217 1.1743758 0.16685255
0.155 1.3881996 0.04124616 0.98815376 0.020695783 1.1731414 0.16633436
0.156 1.386766 0.041123558 0.98058546 0.020701533 1.1718922 0.16582675
0.157 1.385316 0.041003916 0.973102 0.020720007 1.1706293 0.16532968
0.158 1.383849 0.040887192 0.9657034 0.020747967 1.1693525 0.1648429
0.159 1.3823656 0.040773302 0.9583895 0.02078446 1.1680613 0.16436625
0.16 1.3808663 0.040662233 0.9511599 0.020829584 1.166756 0.16389957
0.161 1.3793505 0.04055392 0.9440125 0.020882702 1.1654373 0.16344272
0.162 1.377818 0.040448308 0.936948 0.02094203 1.1641054 0.16299543
0.163 1.3762707 0.040345352 0.92996585 0.021007495 1.1627593 0.16255762
0.164 1.3747072 0.040245 0.9230666 0.021077637 1.1614 0.16212909
0.165 1.3731284 0.040147226 0.9162462 0.021155866 1.1600275 0.16170971
0.166 1.3715338 0.04005193 0.90950793 0.021234479 1.1586423 0.1612992
0.167 1.369924 0.039959066 0.90284926 0.021316674 1.1572434 0.16089754
0.168 1.3682983 0.039868638 0.8962692 0.021402678 1.1558323 0.16050446
0.169 1.3666575 0.039780576 0.8897681 0.021489343 1.1544076 0.16011989
0.17 1.3650024 0.03969477 0.88334423 0.021578835 1.1529711 0.15974359
0.171 1.363332 0.03961122 0.8769981 0.02166782 1.1515211 0.15937544
0.17200000000000001 1.3616467 0.039529916 0.87072736 0.02175749 1.1500595 0.15901528
0.173 1.3599461 0.03945072 0.86453354 0.02184822 1.1485846 0.15866299
0.174 1.3582305 0.039373666 0.8584158 0.021934278 1.1470981 0.15831831
0.175 1.3565013 0.039298646 0.8523713 0.022020003 1.1455991 0.15798125
0.176 1.3547572 0.039225664 0.8463988 0.022106402 1.1440885 0.15765145
0.177 1.352999 0.03915459 0.84050125 0.022188082 1.1425645 0.15732898
0.178 1.3512263 0.03908549 0.8346759 0.02226845 1.1410296 0.1570135
0.179 1.3494391 0.039018225 0.8289203 0.022346074 1.1394824 0.15670507
0.18 1.3476379 0.038952783 0.8232376 0.022420399 1.1379237 0.15640335
0.181 1.3458225 0.038889095 0.8176222 0.022491122 1.1363527 0.15610829
0.182 1.3439932 0.038827177 0.8120767 0.022557583 1.1347705 0.1558197
0.183 1.3421503 0.038766902 0.8065984 0.022619102 1.1331767 0.15553753
0.184 1.3402929 0.038708255 0.801189 0.022678245 1.1315715 0.15526155
0.185 1.3384223 0.038651224 0.79584706 0.022731064 1.1299546 0.15499163
0.186 1.3365377 0.038595714 0.790568 0.022779165 1.1283264 0.15472768
0.187 1.3346395 0.038541712 0.78535587 0.022821527 1.1266869 0.15446953
0.188 1.3327278 0.038489196 0.78020626 0.022860348 1.1250366 0.15421705
0.189 1.3308027 0.03843804 0.7751203 0.022892056 1.1233748 0.15397015
0.19 1.3288639 0.038388293 0.7700979 0.022919409 1.1217016 0.15372856
0.191 1.3269123 0.03833985 0.76513743 0.02294146 1.1200179 0.15349227
0.192 1.324947 0.038292695 0.76023763 0.02295788 1.1183228 0.15326118
0.193 1.322968 0.038246773 0.75539786 0.022965306 1.1166173 0.15303518
0.194 1.320977 0.038202077 0.7506151 0.022971151 1.1149005 0.15281393
0.195 1.3189719 0.038158506 0.74589306 0.02296979 1.1131731 0.15259743
0.196 1.3169541 0.03811608 0.74122787 0.022961525 1.1114349 0.15238564
0.197 1.3149242 0.03807475 0.7366207 0.0229463 1.1096863 0.15217835
0.198 1.3128808 0.038034458 0.73206663 0.022926455 1.1079271 0.15197547
0.199 1.3108243 0.037995152 0.7275698 0.022900125 1.106157 0.15177685
0.2 1.3087556 0.03795684 0.7231264 0.022868475 1.1043769 0.1515824
0.201 1.3066734 0.03791942 0.7187372 0.02283024 1.1025857 0.15139194
0.202 1.3045793 0.037882924 0.71440023 0.02278676 1.1007843 0.15120547
0.203 1.3024726 0.03784724 0.7101148 0.02273721 1.0989734 0.15102285
0.20400000000000001 1.3003534 0.037812427 0.70588225 0.022680666 1.0971516 0.1508438
0.20500000000000002 1.2982215 0.03777836 0.70169795 0.022618307 1.0953193 0.15066844
0.20600000000000002 1.2960767 0.037745032 0.69756436 0.022550406 1.0934774 0.1504965
0.20700000000000002 1.2939206 0.037712455 0.69347817 0.0224782 1.0916252 0.15032792
0.20800000000000002 1.2917509 0.037680566 0.6894393 0.022399575 1.0897628 0.15016259
0.20900000000000002 1.289571 0.0376493 0.68545073 0.0223152 1.0878907 0.15000044
0.21000000000000002 1.2873777 0.037618704 0.6815057 0.022223763 1.0860088 0.14984132
0.21100000000000002 1.2851721 0.037588645 0.6776083 0.022129055 1.0841167 0.14968514
0.21200000000000002 1.2829552 0.037559167 0.6737537 0.022029119 1.0822151 0.14953183
0.21300000000000002 1.2807262 0.037530206 0.6699446 0.021920998 1.0803033 0.14938122
0.21400000000000002 1.2784847 0.037501693 0.66617775 0.02181115 1.0783819 0.1492332
0.21500000000000002 1.2762319 0.037473712 0.662455 0.021694692 1.0764506 0.14908779
0.21600000000000003 1.2739669 0.03744614 0.6587723 0.021573775 1.0745102 0.14894477
0.21700000000000003 1.2716904 0.037418984 0.65513176 0.021449056 1.0725601 0.1488041
0.21800000000000003 1.2694026 0.037392214 0.6515322 0.021319117 1.0706004 0.14866571
0.21900000000000003 1.2671025 0.037365783 0.64797115 0.021186624 1.0686314 0.14852948
0.22 1.2647917 0.037339706 0.64444965 0.02104703 1.0666528 0.1483953
0.221 1.2624689 0.037313934 0.640966 0.020905236 1.0646648 0.14826308
0.222 1.2601354 0.0372884 0.6375199 0.020760145 1.0626681 0.14813277
0.223 1.2577895 0.03726314 0.6341105 0.020609874 1.0606612 0.1480042
0.224 1.2554324 0.037238155 0.63073844 0.020456653 1.0586462 0.14787738
0.225 1.253065 0.037213337 0.6274008 0.020300407 1.0566212 0.14775223
0.226 1.2506859 0.03718869 0.6240987 0.020141264 1.0545875 0.14762856
0.227 1.2482959 0.037164234 0.6208292 0.019980114 1.0525445 0.14750634
0.228 1.2458948 0.037139874 0.61759484 0.019812457 1.0504926 0.14738551
0.229 1.2434825 0.03711564 0.6143927 0.019648653 1.0484324 0.14726597
0.23 1.2410595 0.037091523 0.6112229 0.019477693 1.0463629 0.14714767
0.231 1.2386259 0.03706747 0.6080844 0.019306917 1.0442846 0.14703052
0.232 1.2361814 0.037043497 0.604977 0.019132858 1.042197 0.14691442
0.233 1.2337257 0.037019525 0.60190064 0.018957436 1.0401014 0.14679933
0.234 1.2312602 0.03699559 0.5988532 0.018781219 1.0379972 0.14668514
0.23500000000000001 1.2287836 0.036971655 0.5958361 0.018603662 1.0358841 0.14657184
0.23600000000000002 1.2262968 0.036947686 0.5928461 0.018424163 1.0337623 0.14645922
0.23700000000000002 1.2237997 0.036923695 0.58988595 0.018244024 1.0316324 0.14634734
0.23800000000000002 1.2212919 0.036899656 0.586951 0.018064417 1.0294938 0.14623608
0.23900000000000002 1.218774 0.036875524 0.58404434 0.017883625 1.0273473 0.14612547
0.24000000000000002 1.2162453 0.036851335 0.58116347 0.017701862 1.0251919 0.1460153
0.24100000000000002 1.2137071 0.036827046 0.57830864 0.017521001 1.023029 0.1459056
0.24200000000000002 1.2111588 0.036802642 0.5754782 0.017343031 1.0208571 0.14579622
0.24300000000000002 1.2086002 0.03677812 0.5726742 0.017162226 1.0186771 0.14568713
0.24400000000000002 1.2060314 0.036753412 0.56989175 0.016984243 1.0164894 0.1455784
0.245 1.2034534 0.036728565 0.5671346 0.016807856 1.0142937 0.14546975
0.246 1.2008655 0.036703557 0.5644007 0.016630393 1.01209 0.14536135
0.247 1.1982678 0.03667835 0.5616892 0.016456818 1.0098784 0.14525299
0.248 1.1956601 0.03665299 0.5590006 0.016283143 1.0076596 0.14514452
0.249 1.1930436 0.036627397 0.5563319 0.016112251 1.0054322 0.14503618
0.25 1.1904163 0.036601562 0.55368525 0.015944155 1.0031967 0.14492768
0.251 1.1877806 0.036575526 0.5510589 0.015778702 1.0009542 0.14481905
0.252 1.1851355 0.036549244 0.54845333 0.015615221 0.9987038 0.14471017
0.253 1.182481 0.036522683 0.54586744 0.015454568 0.9964461 0.14460106
0.254 1.1798172 0.036495905 0.5433002 0.015297923 0.9941803 0.14449169
0.255 1.1771448 0.036468834 0.54075205 0.015145845 0.99190795 0.14438194
0.256 1.1744626 0.03644147 0.538224 0.0149944415 0.9896281 0.14427179
0.257 1.1717714 0.036413822 0.5357118 0.014848171 0.9873406 0.14416128
0.258 1.1690716 0.036385898 0.5332179 0.0147068575 0.9850458 0.14405018
0.259 1.1663628 0.036357656 0.5307411 0.014568181 0.9827441 0.14393862
0.26 1.1636455 0.036329076 0.52828157 0.014435197 0.9804354 0.14382645
0.261 1.1609191 0.036300212 0.52583957 0.014305593 0.9781192 0.14371361
0.262 1.1581848 0.036271 0.5234116 0.014181677 0.9757967 0.14360021
0.263 1.1554414 0.03624146 0.52099985 0.014062041 0.97346735 0.1434861
0.264 1.1526898 0.036211558 0.5186043 0.013947089 0.9711301 0.14337118
0.265 1.1499298 0.0361813 0.51622206 0.013837658 0.9687865 0.14325558
0.266 1.1471618 0.03615067 0.5138554 0.0137342615 0.9664368 0.14313905
0.267 1.1443855 0.036119718 0.5115036 0.01363445 0.9640799 0.1430218
0.268 1.1416006 0.036088396 0.5091654 0.01354142 0.9617164 0.14290355
0.269 1.1388087 0.036056664 0.50683963 0.0134541495 0.95934653 0.14278442
0.27 1.1360077 0.03602455 0.5045281 0.013371699 0.95697004 0.14266434
0.271 1.1331995 0.035992138 0.5022281 0.013293773 0.95458734 0.14254324
0.272 1.1303825 0.03595927 0.49994236 0.013222899 0.95219857 0.14242114
0.273 1.1275591 0.03592602 0.49766797 0.013157077 0.94980323 0.14229801
0.274 1.1247274 0.035892334 0.49540654 0.013096917 0.94740105 0.14217384
0.275 1.1218886 0.035858303 0.4931563 0.013042545 0.9449936 0.14204843
0.276 1.1190423 0.035823826 0.49091706 0.012992971 0.94257987 0.14192194
0.277 1.1161884 0.035788972 0.4886903 0.012949063 0.9401601 0.14179432
0.278 1.1133275 0.03575369 0.48647305 0.012911362 0.93773407 0.14166552
0.279 1.110459 0.035717994 0.484266 0.012877616 0.9353028 0.14153542
0.28 1.1075834 0.035681877 0.4820702 0.012850002 0.9328657 0.14140408
0.281 1.1047009 0.035645343 0.47988343 0.012826035 0.93042266 0.14127149
0.28200000000000003 1.1018119 0.035608392 0.47770754 0.012807487 0.92797416 0.14113763
0.28300000000000003 1.0989155 0.035570987 0.47554138 0.012794958 0.9255197 0.1410024
0.28400000000000003 1.0960125 0.035533182 0.4733841 0.012785654 0.9230601 0.14086582
0.28500000000000003 1.0931028 0.03549495 0.47123614 0.012780776 0.9205947 0.14072789
0.28600000000000003 1.0901861 0.035456255 0.4690969 0.012779295 0.9181242 0.1405886
0.28700000000000003 1.087264 0.03541715 0.46696576 0.01278289 0.9156485 0.14044791
0.28800000000000003 1.0843343 0.035377618 0.46484438 0.012790419 0.9131673 0.14030573
0.28900000000000003 1.0813993 0.035337627 0.46273136 0.012801752 0.9106809 0.14016218
0.29000000000000004 1.0784568 0.035297215 0.46062535 0.012815614 0.90818954 0.14001712
0.29100000000000004 1.0755092 0.035256356 0.4585273 0.012833076 0.9056934 0.13987064
0.29200000000000004 1.0725546 0.035215084 0.45643693 0.01285411 0.90319204 0.13972262
0.29300000000000004 1.0695947 0.035173323 0.45435348 0.0128769865 0.9006857 0.13957307
0.29400000000000004 1.0666288 0.03513115 0.45227826 0.012902491 0.89817494 0.13942204
0.29500000000000004 1.0636568 0.035088524 0.45020962 0.012931336 0.895659 0.13926941
0.29600000000000004 1.0606794 0.03504547 0.4481476 0.0129605625 0.89313877 0.13911529
0.29700000000000004 1.0576963 0.03500198 0.44609365 0.012992688 0.890614 0.13895951
0.29800000000000004 1.0547078 0.034958024 0.4440452 0.013026613 0.88808477 0.13880222
0.29900000000000004 1.0517133 0.03491364 0.44200385 0.013061831 0.88555074 0.1386433
0.30000000000000004 1.0487142 0.034868807 0.43996844 0.013098324 0.8830122 0.13848275
0.30100000000000005 1.045709 0.034823526 0.4379397 0.013136782 0.8804698 0.13832062
0.30200000000000005 1.0426987 0.0347778 0.43591666 0.013174511 0.8779227 0.13815686
0.30300000000000005 1.0396842 0.034731656 0.43389904 0.013213042 0.8753714 0.13799144
0.30400000000000005 1.0366637 0.03468507 0.4318876 0.013253088 0.8728162 0.13782434
0.30500000000000005 1.0336391 0.03463802 0.429882 0.013294128 0.8702578 0.13765562
0.30600000000000005 1.0306088 0.034590553 0.42788187 0.013333607 0.86769444 0.13748524
0.30700000000000005 1.0275744 0.03454261 0.4258862 0.013373914 0.86512756 0.13731316
0.30800000000000005 1.0245352 0.034494292 0.4238967 0.013414345 0.86255693 0.1371394
0.309 1.0214912 0.034445487 0.4219123 0.013454667 0.85998213 0.1369639
0.31 1.0184431 0.034396257 0.41993237 0.013492924 0.85740465 0.13678674
0.311 1.01539 0.034346603 0.41795766 0.013532253 0.8548229 0.1366079
0.312 1.0123329 0.034296494 0.41598782 0.013569237 0.85223734 0.13642736
0.313 1.0092716 0.034245975 0.4140234 0.01360774 0.8496488 0.13624506
0.314 1.0062063 0.034195013 0.41206262 0.013642574 0.8470566 0.13606106
0.315 1.0031365 0.034143623 0.4101066 0.013676817 0.84446156 0.13587531
0.316 1.0000635 0.0340918 0.40815544 0.013711612 0.8418633 0.13568784
0.317 0.9969859 0.034039576 0.4062082 0.013743765 0.839262 0.13549863
0.318 0.99390525 0.033986893 0.40426517 0.013774446 0.8366571 0.13530773
0.319 0.99082035 0.033933803 0.40232712 0.01380432 0.83404917 0.13511504
0.32 0.9877321 0.033880297 0.40039316 0.01383255 0.83143854 0.13492061
0.321 0.9846403 0.033826366 0.39846238 0.013858196 0.82882535 0.1347245
0.322 0.98154515 0.033772007 0.3965364 0.01388248 0.826209 0.13452658
0.323 0.9784463 0.03371726 0.3946144 0.013905782 0.8235902 0.13432695
0.324 0.9753448 0.033662077 0.3926956 0.013925729 0.82096857 0.13412556
0.325 0.9722397 0.03360649 0.39078093 0.013944656 0.8183443 0.1339225
0.326 0.9691318 0.033550467 0.38887042 0.013962025 0.81571776 0.13371761
0.327 0.9660206 0.03349407 0.3869636 0.013976895 0.81308895 0.133511
0.328 0.962907 0.033437252 0.38506046 0.013988978 0.8104573 0.13330257
0.329 0.95979035 0.03338004 0.38316074 0.014000087 0.80782384 0.13309252
0.33 0.9566707 0.033322413 0.38126457 0.014008927 0.8051882 0.13288072
0.331 0.9535491 0.03326439 0.37937206 0.014015122 0.80254984 0.1326671
0.332 0.9504245 0.033205964 0.3774828 0.01401919 0.79990965 0.13245182
0.333 0.94729745 0.033147145 0.37559742 0.014021869 0.79726803 0.13223474
0.334 0.9441684 0.03308795 0.37371555 0.014021224 0.79462445 0.13201599
0.335 0.9410369 0.03302836 0.37183663 0.014018432 0.79197824 0.13179545
0.336 0.9379034 0.032968387 0.36996168 0.014014084 0.7893308 0.13157326
0.337 0.934767 0.032908015 0.36808994 0.014007783 0.78668165 0.13134935
0.338 0.9316293 0.032847278 0.36622143 0.013998644 0.7840307 0.13112366
0.339 0.9284895 0.03278613 0.3643569 0.013988137 0.78137827 0.13089629
0.33999999999999997 0.9253481 0.032724626 0.3624949 0.01397479 0.7787246 0.13066721
0.34099999999999997 0.9222045 0.03266274 0.36063626 0.013959464 0.77606934 0.13043644
0.34199999999999997 0.91905946 0.03260051 0.35878113 0.013942059 0.7734125 0.13020395
0.34299999999999997 0.91591316 0.032537874 0.3569296 0.013922793 0.7707546 0.12996976
0.344 0.912765 0.03247489 0.3550806 0.01390076 0.7680956 0.12973393
0.345 0.9096156 0.032411557 0.35323578 0.013877305 0.7654351 0.12949643
0.346 0.90646493 0.032347817 0.35139304 0.013851454 0.762774 0.12925725
0.347 0.9033125 0.032283757 0.34955463 0.013823848 0.7601116 0.12901634
0.348 0.9001598 0.032219324 0.3477192 0.013793959 0.7574484 0.12877382
0.349 0.89700556 0.032154545 0.3458865 0.013763157 0.7547846 0.12852974
0.35 0.8938503 0.032089427 0.3440569 0.013729118 0.7521201 0.12828389
0.351 0.8906943 0.032023944 0.34223136 0.013694322 0.74945384 0.12803641
0.352 0.8875373 0.03195813 0.340409 0.013657465 0.74678797 0.12778735
0.353 0.88437915 0.031891946 0.33858874 0.013618808 0.74412113 0.12753665
0.354 0.8812207 0.031825457 0.33677322 0.0135784885 0.7414538 0.12728433
0.355 0.8780619 0.031758625 0.33496037 0.013536899 0.73878616 0.12703043
0.356 0.8749027 0.031691447 0.3331506 0.013493268 0.7361181 0.1267749
0.357 0.8717429 0.03162393 0.33134446 0.013448767 0.7334498 0.12651785
0.358 0.8685828 0.031556096 0.3295415 0.013402054 0.73078114 0.12625913
0.359 0.8654228 0.031487953 0.3277418 0.013354825 0.7281125 0.1259989
0.36 0.86226183 0.03141948 0.32594532 0.013305576 0.7254435 0.12573709
0.361 0.8591018 0.031350676 0.32415235 0.013254855 0.7227749 0.12547377
0.362 0.85594094 0.031281568 0.32236248 0.013203639 0.7201057 0.1252089
0.363 0.8527802 0.031212136 0.32057634 0.013150814 0.71743727 0.124942444
0.364 0.84962016 0.031142402 0.31879345 0.013097907 0.7147688 0.12467452
0.365 0.8464604 0.031072361 0.31701374 0.013043153 0.7121003 0.12440507
0.366 0.8433006 0.031002006 0.31523773 0.012987752 0.70943195 0.12413414
0.367 0.8401412 0.030931342 0.31346506 0.012931566 0.7067647 0.12386171
0.368 0.836982 0.030860415 0.31169596 0.01287445 0.7040976 0.1235878
0.369 0.83382386 0.030789167 0.3099304 0.012816841 0.70143104 0.123312384
0.37 0.83066624 0.030717617 0.30816817 0.0127585735 0.69876456 0.123035595
0.371 0.82750964 0.030645786 0.30640948 0.012699276 0.6960993 0.12275732
0.372 0.8243531 0.030573685 0.30465478 0.012639576 0.69343424 0.122477576
0.373 0.82119834 0.03050129 0.3029035 0.012580548 0.69077027 0.12219647
0.374 0.81804377 0.030428616 0.3011558 0.012519664 0.6881072 0.121913925
0.375 0.81489056 0.030355675 0.2994115 0.012459088 0.6854446 0.12162998
0.376 0.8117385 0.030282402 0.2976713 0.012398713 0.6827834 0.12134466
0.377 0.80858725 0.030208932 0.29593468 0.012337934 0.6801232 0.12105795
0.378 0.80543756 0.030135142 0.29420188 0.012277242 0.6774638 0.12076988
0.379 0.8022892 0.0300611 0.29247254 0.012216079 0.6748056 0.120480485
0.38 0.7991421 0.0299868 0.29074746 0.01215572 0.67214864 0.120189674
0.381 0.7959967 0.029912265 0.28902593 0.012095054 0.66949296 0.119897656
0.382 0.7928526 0.02983743 0.28730848 0.012034606 0.6668389 0.11960426
0.383 0.78971064 0.029762344 0.2855944 0.01197488 0.6641856 0.11930955
0.384 0.7865699 0.029687023 0.2838849 0.011915103 0.6615343 0.119013585
0.385 0.7834309 0.029611435 0.28217897 0.0118559385 0.65888435 0.11871636
0.386 0.7802941 0.029535621 0.28047702 0.011796894 0.6562358 0.11841782
0.387 0.77715933 0.029459557 0.2787795 0.011738737 0.653589 0.11811804
0.388 0.7740254 0.029383242 0.2770859 0.011681078 0.650944 0.11781703
0.389 0.7708948 0.029306728 0.27539587 0.011623832 0.64830077 0.11751484
0.39 0.76776576 0.029229945 0.27371097 0.011567474 0.64565915 0.11721139
0.391 0.7646389 0.029152934 0.27202952 0.011511751 0.6430197 0.11690678
0.392 0.7615142 0.029075693 0.2703525 0.011457165 0.640382 0.11660097
0.393 0.75839233 0.028998232 0.26867968 0.011403298 0.6377463 0.116293974
0.394 0.7552729 0.028920528 0.26701128 0.011350791 0.6351125 0.11598584
0.395 0.7521553 0.02884263 0.26534715 0.011298392 0.63248104 0.11567657
0.396 0.7490408 0.028764494 0.26368776 0.011247451 0.6298517 0.115366146
0.397 0.7459288 0.028686149 0.26203233 0.011197507 0.62722427 0.11505463
0.398 0.7428193 0.028607605 0.26038122 0.0111488635 0.62459946 0.114741966
0.399 0.73971266 0.028528841 0.25873497 0.011101079 0.62197715 0.11442828
0.4 0.7366089 0.028449869 0.2570933 0.01105454 0.61935693 0.11411344
0.401 0.73350775 0.028370705 0.2554559 0.011009191 0.6167393 0.11379762
0.402 0.7304102 0.028291315 0.25382283 0.0109652 0.6141241 0.11348074
0.403 0.727315 0.02821175 0.25219497 0.01092214 0.61151147 0.113162756
0.404 0.72422326 0.028131979 0.25057122 0.010880547 0.6089014 0.11284382
0.405 0.7211345 0.028052032 0.2489525 0.010840006 0.60629386 0.11252389
0.406 0.71804893 0.02797185 0.24733806 0.010800663 0.60368913 0.11220295
0.40700000000000003 0.7149666 0.027891519 0.24572942 0.010763135 0.6010875 0.111881
0.40800000000000003 0.71188754 0.02781101 0.2441245 0.01072663 0.5984887 0.11155814
0.40900000000000003 0.70881206 0.027730308 0.24252503 0.01069166 0.5958926 0.11123429
0.41000000000000003 0.70574015 0.02764941 0.24093018 0.010658006 0.59329915 0.11090953
0.41100000000000003 0.70267147 0.02756833 0.23934068 0.010625262 0.5907089 0.110583864
0.41200000000000003 0.6996066 0.027487097 0.23775557 0.010594725 0.5881216 0.11025729
0.41300000000000003 0.6965452 0.027405698 0.23617566 0.01056473 0.5855378 0.10992979
0.41400000000000003 0.6934878 0.027324118 0.23460102 0.010536823 0.5829568 0.109601445
0.41500000000000004 0.6904342 0.027242383 0.23303103 0.010509413 0.5803789 0.10927222
0.41600000000000004 0.6873841 0.027160447 0.23146626 0.010483619 0.57780427 0.10894217
0.41700000000000004 0.68433785 0.027078386 0.22990672 0.010459508 0.5752332 0.108611286
0.41800000000000004 0.6812958 0.02699617 0.22835276 0.0104358215 0.5726654 0.108279556
0.41900000000000004 0.67825764 0.02691377 0.22680365 0.01041409 0.5701011 0.10794705
0.42000000000000004 0.6752236 0.026831223 0.22525907 0.0103935255 0.56754 0.10761374
0.42100000000000004 0.67219365 0.026748545 0.22372063 0.010374231 0.56498235 0.107279636
0.42200000000000004 0.669168 0.026665688 0.2221875 0.010356033 0.5624286 0.10694477
0.42300000000000004 0.6661465 0.026582716 0.22065933 0.010338873 0.55987847 0.10660918
0.42400000000000004 0.663129 0.02649958 0.21913671 0.0103231 0.5573315 0.106272876
0.42500000000000004 0.6601161 0.02641631 0.21761982 0.010308052 0.55478853 0.1059358
0.42600000000000005 0.6571077 0.026332902 0.21610798 0.010294434 0.5522493 0.10559804
0.42700000000000005 0.6541036 0.026249366 0.21460144 0.010281694 0.5497138 0.10525957
0.42800000000000005 0.6511043 0.026165688 0.21310075 0.010270412 0.5471821 0.104920454
0.42900000000000005 0.6481095 0.026081873 0.21160556 0.010259803 0.54465425 0.104580715
0.43000000000000005 0.6451188 0.02599793 0.21011601 0.010249745 0.5421302 0.10424027
0.43100000000000005 0.6421333 0.025913876 0.2086318 0.010241169 0.5396106 0.1038992
0.43200000000000005 0.6391523 0.025829693 0.2071538 0.010233533 0.53709483 0.10355749
0.43300000000000005 0.6361766 0.025745379 0.20568085 0.010226222 0.53458285 0.103215225
0.43400000000000005 0.6332052 0.025660938 0.20421389 0.010219945 0.5320752 0.10287238
0.43500000000000005 0.63023883 0.025576398 0.20275271 0.01021408 0.52957195 0.10252889
0.43600000000000005 0.6272772 0.025491748 0.20129704 0.010209642 0.5270726 0.102184884
0.43700000000000006 0.6243208 0.025406996 0.1998473 0.010205502 0.52457744 0.10184034
0.43800000000000006 0.6213699 0.025322106 0.19840316 0.010201828 0.5220866 0.10149525
0.43900000000000006 0.6184234 0.025237124 0.19696514 0.010198799 0.51960015 0.101149626
0.44000000000000006 0.61548233 0.02515203 0.19553299 0.010196299 0.5171181 0.10080352
0.44100000000000006 0.6125462 0.02506685 0.19410692 0.010194378 0.5146404 0.10045691
0.44200000000000006 0.60961556 0.02498156 0.19268651 0.010192714 0.5121671 0.10010984
0.44300000000000006 0.6066903 0.02489617 0.19127212 0.01019136 0.50969857 0.09976225
0.44400000000000006 0.60377014 0.024810698 0.1898637 0.010190819 0.5072341 0.09941423
0.44500000000000006 0.6008553 0.024725113 0.18846145 0.010190074 0.5047746 0.09906583
0.44600000000000006 0.59794617 0.024639467 0.18706486 0.010189722 0.5023196 0.098716974
0.44700000000000006 0.59504235 0.024553718 0.18567446 0.010190153 0.49986914 0.09836769
0.44800000000000006 0.5921443 0.024467878 0.18429029 0.010190379 0.4974235 0.09801802
0.44900000000000007 0.5892518 0.024381937 0.18291219 0.010190836 0.49498263 0.097668014
0.45000000000000007 0.58636457 0.024295952 0.18154009 0.010190915 0.49254635 0.0973176
0.45100000000000007 0.5834833 0.0242099 0.18017404 0.010191329 0.4901151 0.09696685
0.45199999999999996 0.58060753 0.024123726 0.17881432 0.0101919705 0.48768848 0.09661576
0.45299999999999996 0.57773775 0.02403752 0.1774608 0.010192602 0.48526698 0.09626434
0.45399999999999996 0.5748735 0.023951206 0.1761136 0.010193305 0.4828505 0.09591261
0.45499999999999996 0.57201535 0.023864856 0.17477258 0.01019342 0.48043826 0.09556057
0.45599999999999996 0.5691627 0.023778412 0.17343773 0.01019389 0.47803193 0.09520827
0.45699999999999996 0.56631637 0.02369192 0.17210923 0.01019408 0.47563025 0.09485567
0.45799999999999996 0.56347585 0.023605363 0.17078726 0.010193693 0.4732337 0.09450284
0.45899999999999996 0.5606414 0.023518763 0.16947109 0.0101937195 0.47084245 0.09414975
0.45999999999999996 0.55781305 0.023432085 0.16816163 0.010192937 0.46845603 0.0937964
0.46099999999999997 0.55499065 0.023345366 0.16685835 0.010192535 0.4660748 0.09344284
0.46199999999999997 0.5521744 0.023258584 0.16556136 0.010191534 0.4636989 0.093089074
0.46299999999999997 0.5493645 0.02317176 0.16427088 0.010190246 0.4613282 0.09273518
0.46399999999999997 0.5465604 0.023084888 0.16298683 0.010188019 0.45896274 0.09238103
0.46499999999999997 0.5437629 0.022997966 0.16170925 0.010186085 0.4566028 0.092026755
0.46599999999999997 0.5409719 0.02291101 0.16043796 0.01018331 0.45424786 0.09167231
0.46699999999999997 0.53818655 0.022824008 0.15917322 0.010180235 0.45189843 0.091317736
0.46799999999999997 0.5354083 0.022736965 0.15791489 0.010176883 0.44955456 0.090963
0.469 0.5326361 0.022649901 0.15666308 0.010172891 0.44721597 0.09060817
0.47 0.52987033 0.022562787 0.15541743 0.01016807 0.4448831 0.090253234
0.471 0.527111 0.022475641 0.15417883 0.010162915 0.4425557 0.08989824
0.472 0.5243582 0.022388482 0.15294646 0.0101573 0.44023356 0.08954313
0.473 0.52161205 0.02230128 0.1517208 0.010151119 0.43791723 0.08918796
0.474 0.51887256 0.022214087 0.15050134 0.010144476 0.43560645 0.088832736
0.475 0.5161393 0.02212683 0.14928855 0.010137067 0.43330127 0.088477425
0.476 0.51341313 0.022039585 0.14808223 0.010129079 0.4310019 0.088122174
0.477 0.51069325 0.021952298 0.14688262 0.010120105 0.42870808 0.087766856
0.478 0.5079804 0.021865014 0.14568959 0.010110949 0.42641988 0.08741153
0.479 0.50527436 0.021777712 0.14450295 0.0101010315 0.42413783 0.08705625
0.48 0.5025748 0.021690395 0.14332305 0.010090307 0.42186117 0.08670092
0.481 0.49988237 0.021603076 0.14214982 0.010078923 0.41959032 0.086345695
0.482 0.49719664 0.021515755 0.14098284 0.010066884 0.41732556 0.08599046
0.483 0.4945177 0.021428423 0.13982275 0.010054458 0.41506648 0.08563528
0.484 0.49184597 0.021341087 0.13866916 0.010040528 0.4128133 0.085280195
0.485 0.4891811 0.021253763 0.13752246 0.010026176 0.41056606 0.08492518
0.486 0.4865229 0.021166457 0.13638191 0.010011783 0.40832484 0.08457026
0.487 0.48387203 0.02107914 0.13524823 0.009996068 0.40608934 0.0842154
0.488 0.48122782 0.02099183 0.13412103 0.009980042 0.40386015 0.08386065
0.489 0.4785912 0.020904522 0.13300066 0.009962703 0.4016369 0.083506085
0.49 0.4759613 0.020817254 0.13188685 0.0099450005 0.39941946 0.08315163
0.491 0.47333863 0.020729987 0.13077962 0.009926443 0.39720833 0.082797304
0.492 0.47072324 0.02064274 0.12967917 0.009907128 0.39500323 0.08244311
0.493 0.4681148 0.020555502 0.12858504 0.009887325 0.39280418 0.0820891
0.494 0.4655137 0.020468295 0.12749764 0.00986662 0.39061123 0.08173525
0.495 0.46291992 0.020381123 0.12641715 0.009844737 0.3884247 0.08138163
0.496 0.4603333 0.020293955 0.12534298 0.00982285 0.38624403 0.08102817
0.497 0.457754 0.02020684 0.12427561 0.009799767 0.3840697 0.08067494
0.498 0.45518202 0.020119734 0.12321473 0.009776347 0.38190177 0.08032193
0.499 0.4526173 0.020032682 0.12216063 0.009751901 0.37973985 0.07996917
0.5 0.45006 0.019945659 0.12111287 0.009727185 0.37758422 0.07961656
0.501 0.44751006 0.019858684 0.12007217 0.00970097 0.37543502 0.07926429
0.502 0.44496766 0.019771729 0.1190378 0.009674603 0.37329206 0.07891224
0.503 0.44243222 0.019684827 0.11800994 0.009647575 0.3711554 0.07856048
0.504 0.43990496 0.019597974 0.11698884 0.0096199075 0.369025 0.07820897
0.505 0.4373846 0.019511161 0.115974225 0.009591343 0.36690134 0.077857755
0.506 0.43487215 0.019424403 0.11496643 0.009561975 0.3647837 0.07750686
0.507 0.43236688 0.019337699 0.11396523 0.009532172 0.36267254 0.07715627
0.508 0.4298693 0.019251036 0.11297024 0.009502323 0.36056787 0.07680599
0.509 0.4273794 0.019164441 0.11198203 0.009471123 0.35846964 0.076456
0.51 0.42489716 0.0190779 0.11100046 0.00943952 0.35637802 0.07610641
0.511 0.4224224 0.018991427 0.11002538 0.009407348 0.3542929 0.07575714
0.512 0.4199552 0.01890501 0.10905695 0.009374572 0.35221392 0.07540821
0.513 0.41749573 0.018818652 0.108094774 0.009341632 0.3501418 0.07505966
0.514 0.41504386 0.018732375 0.10713932 0.009307733 0.3480761 0.0747115
0.515 0.41259992 0.018646162 0.106190406 0.009273481 0.34601688 0.074363686
0.516 0.41016346 0.018560007 0.105248004 0.009238796 0.34396425 0.07401627
0.517 0.4077349 0.018473942 0.10431203 0.009203584 0.3419183 0.07366927
0.518 0.40531403 0.01838795 0.10338268 0.009167599 0.33987895 0.07332269
0.519 0.40290093 0.018302027 0.10245962 0.009131638 0.33784628 0.07297649
0.52 0.4004956 0.018216183 0.101543084 0.009095174 0.33582002 0.07263073
0.521 0.39809793 0.018130424 0.10063315 0.009058032 0.33380046 0.0722854
0.522 0.39570844 0.018044757 0.09972953 0.009020872 0.33178762 0.071940504
0.523 0.39332652 0.017959163 0.09883222 0.0089834295 0.32978153 0.07159608
0.524 0.39095235 0.01787366 0.097941585 0.008945383 0.32778195 0.0712521
0.525 0.38858643 0.017788246 0.09705724 0.008907258 0.32578924 0.0709086
0.526 0.38622802 0.017702928 0.09617929 0.008868682 0.32380316 0.070565544
0.527 0.3838777 0.017617706 0.09530772 0.008829797 0.32182392 0.07022298
0.528 0.38153514 0.017532567 0.09444228 0.008791015 0.31985122 0.06988094
0.529 0.37920085 0.017447531 0.09358357 0.008751715 0.31788546 0.06953936
0.53 0.37687412 0.01736259 0.092730775 0.008712801 0.31592637 0.0691983
0.531 0.3745556 0.017277759 0.09188458 0.008673294 0.3139742 0.06885774
0.532 0.37224495 0.017193032 0.0910447 0.008633798 0.31202868 0.06851772
0.533 0.36994234 0.017108407 0.09021095 0.008594394 0.31008998 0.06817821
0.534 0.36764768 0.017023876 0.089383475 0.008554916 0.30815804 0.067839235
0.535 0.3653611 0.016939463 0.08856244 0.008515022 0.30623305 0.06750079
0.536 0.36308244 0.016855156 0.087747484 0.008475817 0.30431473 0.0671629
0.537 0.36081177 0.016770964 0.08693879 0.0084361965 0.30240336 0.06682559
0.538 0.35854942 0.01668689 0.08613616 0.00839684 0.30049887 0.06648884
0.539 0.35629484 0.016602924 0.08533974 0.00835779 0.298601 0.06615262
0.54 0.3540485 0.016519079 0.08454958 0.008318537 0.2967104 0.065817
0.541 0.35181028 0.016435344 0.08376546 0.008279822 0.2948264 0.065481976
0.542 0.34958002 0.016351739 0.08298753 0.008241195 0.29294935 0.06514751
0.543 0.3473578 0.016268253 0.08221564 0.008202725 0.29107916 0.06481366
0.544 0.3451439 0.0161849 0.08144987 0.008164464 0.28921586 0.0644804
0.545 0.34293792 0.016101656 0.080690086 0.008127162 0.28735963 0.06414774
0.546 0.34074014 0.01601855 0.07993632 0.008089593 0.28551018 0.06381573
0.547 0.3385505 0.015935576 0.079188704 0.0080527095 0.28366756 0.063484296
0.548 0.3363692 0.015852714 0.078447014 0.008016309 0.28183213 0.06315352
0.549 0.3341957 0.01576999 0.07771133 0.007980121 0.28000343 0.06282336
0.55 0.33203053 0.015687412 0.07698156 0.007944754 0.27818176 0.062493842
0.551 0.3298735 0.015604963 0.07625767 0.007909818 0.27636704 0.062164947
0.552 0.3277248 0.0155226495 0.075539865 0.007875308 0.2745593 0.061836742
0.553 0.32558414 0.0154404715 0.074827746 0.007841524 0.27275848 0.06150915
0.554 0.32345176 0.015358433 0.07412165 0.0078084553 0.27096468 0.06118226
0.555 0.3213274 0.015276543 0.07342124 0.0077760993 0.26917762 0.060856
0.556 0.31921133 0.015194792 0.072726734 0.007744247 0.26739788 0.060530443
0.557 0.31710353 0.015113175 0.072038025 0.007713218 0.2656249 0.060205545
0.558 0.31500387 0.015031718 0.071355164 0.00768303 0.26385903 0.059881315
0.559 0.31291252 0.014950398 0.070677914 0.0076536066 0.26210004 0.05955779
0.56 0.3108294 0.0148692215 0.070006356 0.007625064 0.2603481 0.059234962
0.561 0.30875435 0.014788209 0.06934069 0.0075974558 0.25860316 0.058912802
0.562 0.30668762 0.01470734 0.068680406 0.0075707017 0.25686526 0.058591362
0.5630000000000001 0.30462924 0.014626627 0.068026066 0.0075448747 0.2551344 0.05827064
0.5640000000000001 0.30257893 0.01454607 0.06737727 0.0075198733 0.25341037 0.05795061
0.5650000000000001 0.300537 0.0144656645 0.066733934 0.007496127 0.25169355 0.057631325
0.5660000000000001 0.2985032 0.014385419 0.066096306 0.0074732243 0.2499836 0.057312734
0.5670000000000001 0.29647765 0.0143053215 0.06546415 0.0074514505 0.24828078 0.05699488
0.5680000000000001 0.29446048 0.014225394 0.06483757 0.007430717 0.24658485 0.05667775
0.5690000000000001 0.2924515 0.014145633 0.064216465 0.007410955 0.24489601 0.056361336
0.5700000000000001 0.2904508 0.0140660275 0.06360077 0.007392424 0.24321413 0.05604569
0.5710000000000001 0.28845826 0.013986584 0.062990636 0.007374855 0.24153936 0.055730753
0.5720000000000001 0.28647405 0.013907312 0.062385846 0.0073585915 0.23987171 0.055416614
0.5730000000000001 0.2844981 0.013828203 0.06178644 0.0073434254 0.23821092 0.055103205
0.5740000000000001 0.28253046 0.013749264 0.061192434 0.0073296037 0.23655707 0.054790515
0.5750000000000001 0.280571 0.013670497 0.060603775 0.007316717 0.23491047 0.05447861
0.5760000000000001 0.2786199 0.0135919005 0.060020324 0.0073050926 0.23327072 0.05416749
0.5770000000000001 0.27667692 0.0135134775 0.059442174 0.00729469 0.23163807 0.053857118
0.5780000000000001 0.2747424 0.013435235 0.058869366 0.007285593 0.23001245 0.05354751
0.5790000000000001 0.27281606 0.013357154 0.05830178 0.007277511 0.2283939 0.053238686
0.58 0.2708978 0.013279258 0.05773928 0.007270916 0.22678223 0.05293063
0.581 0.2689882 0.01320154 0.057181995 0.007265389 0.22517768 0.052623358
0.582 0.2670866 0.013124003 0.05662998 0.007261121 0.22358017 0.05231686
0.583 0.26519325 0.013046649 0.05608289 0.00725813 0.2219896 0.052011177
0.584 0.26330832 0.012969478 0.05554089 0.0072563137 0.22040607 0.05170626
0.585 0.2614314 0.012892488 0.055004064 0.007255816 0.21882963 0.051402155
0.586 0.25956297 0.012815691 0.054472137 0.007256414 0.21726012 0.051098827
0.587 0.25770274 0.012739073 0.053945307 0.007258271 0.21569762 0.050796308
0.588 0.2558508 0.012662647 0.05342333 0.007261389 0.21414213 0.050494604
0.589 0.25400704 0.012586416 0.05290634 0.007265658 0.21259369 0.050193693
0.59 0.25217152 0.012510374 0.052394252 0.0072711147 0.21105222 0.049893614
0.591 0.25034437 0.012434531 0.051887065 0.0072778007 0.20951784 0.04959433
0.592 0.24852523 0.012358876 0.051384695 0.007285591 0.20799036 0.04929587
0.593 0.24671449 0.012283416 0.05088717 0.007294542 0.20646988 0.048998237
0.594 0.24491206 0.012208156 0.050394338 0.0073046675 0.2049564 0.048701417
0.595 0.24311784 0.012133098 0.049906343 0.007315791 0.20344985 0.04840541
0.596 0.24133171 0.012058234 0.049423028 0.007328159 0.20195042 0.04811025
0.597 0.23955388 0.011983578 0.04894435 0.0073413854 0.20045787 0.04781591
0.598 0.23778433 0.01190913 0.048470434 0.0073557165 0.19897234 0.047522407
0.599 0.23602287 0.011834877 0.048001107 0.00737111 0.19749369 0.047229737
0.6 0.23426972 0.011760842 0.047536463 0.007387468 0.19602208 0.04693791
0.601 0.23252474 0.011687006 0.04707628 0.0074048075 0.19455737 0.046646915
0.602 0.23078804 0.011613383 0.04662059 0.0074230307 0.19309969 0.046356767
0.603 0.2290595 0.011539965 0.046169452 0.00744228 0.19164887 0.046067465
0.604 0.22733916 0.011466767 0.045722805 0.007462325 0.19020502 0.045779005
0.605 0.22562684 0.011393778 0.04528057 0.0074831513 0.18876816 0.04549139
0.606 0.22392286 0.011321001 0.04484272 0.0075048814 0.18733822 0.045204643
0.607 0.22222705 0.011248446 0.044409353 0.0075273574 0.18591514 0.044918746
0.608 0.2205394 0.01117611 0.04398026 0.0075506885 0.184499 0.044633698
0.609 0.21885987 0.0111039905 0.043555498 0.007574607 0.18308988 0.044349514
0.61 0.21718857 0.0110320905 0.043134946 0.0075992937 0.18168753 0.044066194
0.611 0.21552531 0.010960411 0.042718735 0.007624631 0.18029203 0.043783735
0.612 0.2138702 0.010888953 0.042306617 0.0076504922 0.1789036 0.04350214
0.613 0.21222323 0.01081772 0.0418988 0.007677134 0.17752191 0.0432214
0.614 0.21058443 0.0107467165 0.041495126 0.007704306 0.17614715 0.042941548
0.615 0.20895368 0.010675935 0.04109553 0.007731902 0.17477918 0.04266256
0.616 0.20733115 0.010605377 0.04069998 0.007759975 0.17341813 0.04238443
0.617 0.20571665 0.010535052 0.040308516 0.007788539 0.17206392 0.0421072
0.618 0.20411007 0.010464957 0.039921086 0.007817539 0.17071658 0.04183083
0.619 0.20251179 0.010395092 0.03953767 0.007846939 0.16937602 0.041555338
0.62 0.20092157 0.010325459 0.039158188 0.007876664 0.16804238 0.041280735
0.621 0.19933936 0.010256056 0.03878255 0.00790673 0.16671532 0.041007016
0.622 0.19776517 0.010186891 0.038410984 0.0079371445 0.1653953 0.040734183
0.623 0.19619898 0.010117963 0.038043138 0.007967712 0.16408198 0.040462226
0.624 0.19464089 0.010049263 0.03767909 0.007998553 0.16277543 0.040191144
0.625 0.19309081 0.009980802 0.03731896 0.008029585 0.16147573 0.039920993
0.626 0.19154865 0.009912581 0.03696251 0.008060813 0.16018282 0.039651696
0.627 0.19001463 0.009844596 0.03660981 0.008092058 0.15889658 0.0393833
0.628 0.18848859 0.009776856 0.036260802 0.008123492 0.15761712 0.039115787
0.629 0.18697052 0.009709352 0.035915397 0.008154953 0.1563444 0.038849197
0.63 0.18546034 0.009642087 0.035573673 0.008186462 0.15507844 0.038583502
0.631 0.18395808 0.009575066 0.035235543 0.008217962 0.15381908 0.03831869
0.632 0.18246385 0.009508286 0.034901034 0.008249399 0.15256658 0.038054768
0.633 0.18097755 0.00944175 0.034569945 0.008280855 0.15132062 0.037791777
0.634 0.17949922 0.009375457 0.034242418 0.008312159 0.15008141 0.037529662
0.635 0.17802864 0.00930941 0.03391829 0.008343286 0.1488489 0.037268467
0.636 0.17656614 0.0092436075 0.033597704 0.008374404 0.14762303 0.03700819
0.637 0.17511128 0.009178048 0.033280477 0.008405284 0.14640385 0.036748804
0.638 0.17366454 0.009112735 0.0329666 0.0084359925 0.14519121 0.03649034
0.639 0.17222553 0.009047672 0.032656047 0.008466473 0.1439853 0.03623279
0.64 0.17079441 0.008982856 0.032348808 0.008496684 0.14278588 0.035976138
0.641 0.1693711 0.008918281 0.03204485 0.00852664 0.1415932 0.035720404
0.642 0.16795555 0.0088539645 0.03174416 0.008556358 0.14040701 0.03546559
0.643 0.16654788 0.00878989 0.03144664 0.008585658 0.13922748 0.035211697
0.644 0.1651479 0.008726067 0.03115231 0.008614708 0.13805442 0.034958716
0.645 0.16375573 0.008662493 0.030861113 0.008643262 0.13688795 0.034706656
0.646 0.16237137 0.0085991705 0.030573083 0.00867149 0.13572799 0.034455523
0.647 0.16099474 0.008536094 0.030288063 0.008699335 0.13457467 0.034205306
0.648 0.1596258 0.008473269 0.030006094 0.00872671 0.13342774 0.033956017
0.649 0.15826455 0.008410699 0.029727139 0.0087535735 0.13228735 0.03370766
0.65 0.1569111 0.008348379 0.029451143 0.008780013 0.1311534 0.033460207
0.651 0.15556522 0.008286307 0.029178184 0.0088059865 0.13002598 0.033213705
0.652 0.1542271 0.008224487 0.028908117 0.008831478 0.12890503 0.03296813
0.653 0.1528966 0.008162927 0.028640887 0.008856324 0.12779045 0.032723483
0.654 0.1515737 0.00810161 0.028376568 0.008880605 0.12668233 0.032479767
0.655 0.15025842 0.008040551 0.028115047 0.008904361 0.12558064 0.03223699
0.656 0.14895082 0.00797974 0.027856305 0.008927601 0.12448533 0.03199514
0.657 0.14765078 0.007919184 0.0276004 0.008950161 0.12339641 0.031754237
0.658 0.14635827 0.007858883 0.027347174 0.008972107 0.12231387 0.03151426
0.659 0.1450733 0.007798834 0.027096659 0.008993431 0.1212377 0.031275228
0.66 0.1437959 0.0077390363 0.026848882 0.009014209 0.1201679 0.031037148
0.661 0.14252603 0.007679493 0.026603658 0.009034166 0.119104326 0.030800002
0.662 0.14126363 0.007620203 0.026361054 0.009053471 0.11804712 0.030563788
0.663 0.14000879 0.00756117 0.026121082 0.009072102 0.11699622 0.030328533
0.664 0.13876134 0.0075023873 0.025883658 0.009090086 0.11595165 0.030094212
0.665 0.13752143 0.007443859 0.025648756 0.009107266 0.114913225 0.029860849
0.666 0.13628885 0.0073855845 0.025416343 0.009123752 0.11388113 0.029628422
0.667 0.1350638 0.007327562 0.025186393 0.009139568 0.112855345 0.029396962
0.668 0.13384603 0.0072697946 0.02495887 0.009154521 0.11183561 0.02916643
0.669 0.13263561 0.0072122826 0.024733795 0.009168753 0.110822104 0.028936861
0.67 0.13143262 0.0071550254 0.024511056 0.009182233 0.1098149 0.028708255
0.671 0.13023701 0.007098019 0.024290679 0.009194889 0.10881384 0.028480591
0.672 0.12904863 0.007041269 0.024072612 0.009206794 0.10781888 0.028253883
0.673 0.1278677 0.006984774 0.02385685 0.009217878 0.10683 0.02802813
0.674 0.1266939 0.0069285347 0.023643354 0.00922817 0.10584744 0.027803335
0.675 0.12552741 0.006872548 0.02343212 0.009237603 0.10487083 0.027579498
0.676 0.12436823 0.0068168133 0.02322305 0.009246259 0.10390035 0.027356634
0.6769999999999999 0.12321617 0.006761333 0.023016192 0.00925406 0.102935955 0.02713471
0.6779999999999999 0.12207142 0.006706112 0.02281147 0.00926101 0.101977594 0.026913768
0.6789999999999999 0.120933846 0.0066511445 0.02260892 0.009267158 0.101025276 0.026693763
0.6799999999999999 0.11980334 0.0065964246 0.02240844 0.009272413 0.10007902 0.02647474
0.6809999999999999 0.11868006 0.006541963 0.02221004 0.0092768455 0.09913872 0.026256679
0.6819999999999999 0.11756389 0.006487756 0.02201368 0.00928038 0.09820443 0.026039578
0.6829999999999999 0.11645484 0.006433804 0.021819372 0.009283109 0.097276114 0.025823455
0.6839999999999999 0.11535286 0.0063801026 0.021627033 0.009284899 0.09635376 0.025608292
0.6849999999999999 0.11425798 0.006326659 0.021436675 0.009285854 0.09543731 0.025394104
0.6859999999999999 0.11317006 0.0062734666 0.021248283 0.009285966 0.09452686 0.025180887
0.6869999999999999 0.11208926 0.006220531 0.021061765 0.00928509 0.09362221 0.024968628
0.688 0.111015454 0.0061678486 0.020877209 0.009283419 0.09272353 0.024757354
0.689 0.10994855 0.0061154217 0.020694492 0.009280838 0.09183069 0.024547042
0.69 0.10888874 0.0060632457 0.020513574 0.009277312 0.09094365 0.024337703
0.691 0.1078358 0.006011324 0.020334538 0.009272974 0.09006254 0.02412936
0.692 0.106789775 0.0059596575 0.020157298 0.009267661 0.089187175 0.02392197
0.693 0.10575067 0.005908244 0.01998182 0.009261511 0.08831761 0.02371556
0.694 0.104718424 0.005857082 0.01980812 0.00925448 0.08745382 0.023510134
0.695 0.10369311 0.0058061746 0.019636117 0.009246537 0.08659581 0.02330568
0.696 0.102674514 0.005755521 0.019465832 0.0092376545 0.08574358 0.023102198
0.697 0.10166275 0.0057051224 0.019297225 0.009227922 0.084897 0.022899708
0.698 0.10065789 0.005654977 0.019130265 0.009217229 0.08405616 0.0226982
0.699 0.0996597 0.005605084 0.018964963 0.009205714 0.083221056 0.022497654
0.7 0.09866827 0.0055554435 0.018801268 0.009193229 0.082391575 0.022298101
0.701 0.09768363 0.005506055 0.018639177 0.009179902 0.08156774 0.022099527
0.702 0.096705675 0.0054569202 0.018478647 0.00916566 0.08074955 0.021901937
0.703 0.09573439 0.005408038 0.018319696 0.00915054 0.079936944 0.021705333
0.704 0.09476975 0.0053594094 0.018162265 0.009134541 0.079129994 0.021509714
0.705 0.09381177 0.005311032 0.018006338 0.009117624 0.07832859 0.021315074
0.706 0.092860416 0.005262908 0.017851891 0.009099801 0.07753275 0.02112142
0.707 0.09191564 0.005215036 0.01769894 0.009081166 0.07674248 0.020928755
0.708 0.09097746 0.005167416 0.017547432 0.009061604 0.07595771 0.020737074
0.709 0.090045825 0.005120049 0.017397355 0.009041194 0.07517842 0.020546375
0.71 0.0891207 0.005072933 0.017248685 0.009019893 0.074404635 0.020356666
0.711 0.08820212 0.0050260676 0.017101415 0.008997744 0.0736363 0.020167943
0.712 0.087289974 0.0049794535 0.016955523 0.008974728 0.07287343 0.019980213
0.713 0.08638433 0.0049330927 0.01681097 0.008950834 0.07211598 0.019793468
0.714 0.08548508 0.0048869816 0.016667765 0.008926116 0.07136394 0.019607702
0.715 0.08459226 0.004841124 0.016525874 0.008900551 0.070617296 0.019422937
0.716 0.0837059 0.0047955136 0.016385306 0.008874146 0.06987601 0.019239156
0.717 0.08282584 0.0047501563 0.016245998 0.008846888 0.06914013 0.019056367
0.718 0.08195214 0.004705047 0.016107984 0.008818827 0.068409525 0.018874561
0.719 0.08108476 0.004660191 0.01597117 0.008789911 0.06768425 0.018693758
0.72 0.080223694 0.0046155797 0.015835635 0.0087602185 0.06696425 0.018513931
0.721 0.07936893 0.0045712246 0.015701301 0.008729714 0.06624955 0.018335102
0.722 0.078520365 0.0045271157 0.015568168 0.0086984085 0.06554009 0.018157262
0.723 0.07767807 0.004483256 0.015436218 0.008666293 0.0648359 0.017980412
0.724 0.07684196 0.004439648 0.015305435 0.00863344 0.06413686 0.017804548
0.725 0.07601208 0.0043962863 0.015175824 0.008599793 0.06344308 0.01762968
0.726 0.07518832 0.004353174 0.01504732 0.008565383 0.06275446 0.017455803
0.727 0.07437072 0.004310311 0.014919946 0.008530208 0.06207096 0.017282909
0.728 0.073559195 0.0042676944 0.014793676 0.008494333 0.061392646 0.01711101
0.729 0.07275382 0.004225326 0.014668501 0.008457688 0.060719423 0.016940108
0.73 0.071954496 0.0041832076 0.014544412 0.008420377 0.060051337 0.016770184
0.731 0.071161196 0.0041413344 0.014421383 0.008382308 0.059388276 0.016601259
0.732 0.07037395 0.004099709 0.014299381 0.008343532 0.058730323 0.016433323
0.733 0.069592655 0.004058331 0.014178426 0.008304089 0.058077373 0.016266372
0.734 0.068817385 0.004017201 0.014058497 0.008263988 0.05742947 0.016100422
0.735 0.06804807 0.003976315 0.013939568 0.008223198 0.056786537 0.015935445
0.736 0.06728462 0.0039356784 0.01382163 0.008181775 0.056148615 0.015771465
0.737 0.0665271 0.0038952862 0.013704672 0.008139727 0.055515625 0.015608476
0.738 0.0657755 0.0038551397 0.013588674 0.008097049 0.054887574 0.015446463
0.739 0.06502974 0.0038152393 0.013473633 0.008053758 0.054264475 0.015285454
0.74 0.064289786 0.0037755833 0.013359534 0.008009891 0.05364624 0.015125417
0.741 0.06355566 0.003736173 0.013246349 0.007965448 0.053032894 0.014966374
0.742 0.062827304 0.003697007 0.013134086 0.007920401 0.05242442 0.014808319
0.743 0.062104728 0.0036580858 0.0130227255 0.00787486 0.05182077 0.014651246
0.744 0.061387867 0.0036194099 0.012912248 0.00782877 0.051221926 0.014495156
0.745 0.060676724 0.0035809786 0.012802648 0.0077821882 0.05062791 0.014340053
0.746 0.05997129 0.0035427886 0.012693918 0.0077350927 0.05003865 0.0141859315
0.747 0.059271514 0.0035048444 0.012586033 0.007687526 0.049454134 0.014032794
0.748 0.058577348 0.0034671419 0.012478994 0.0076394975 0.048874356 0.013880636
0.749 0.057888836 0.0034296839 0.012372779 0.0075910278 0.048299305 0.013729459
0.75 0.057205915 0.003392469 0.012267381 0.0075421347 0.047728956 0.013579265
0.751 0.05652855 0.003355496 0.012162791 0.007492859 0.04716326 0.013430043
0.752 0.055856723 0.003318765 0.01205899 0.0074431747 0.046602227 0.013281802
0.753 0.05519045 0.0032822748 0.011955972 0.0073931254 0.04604584 0.013134542
0.754 0.054529637 0.0032460298 0.011853732 0.007342758 0.04549403 0.012988254
0.755 0.053874295 0.003210025 0.011752237 0.007292038 0.044946842 0.012842939
0.756 0.053224433 0.0031742614 0.011651504 0.0072410298 0.044404216 0.012698596
0.757 0.052579965 0.0031387403 0.011551511 0.007189734 0.043866146 0.012555231
0.758 0.051940933 0.0031034588 0.011452243 0.0071381805 0.043332588 0.012412827
0.759 0.05130723 0.0030684182 0.011353686 0.0070863916 0.042803552 0.012271402
0.76 0.050678905 0.0030336205 0.011255847 0.0070344014 0.04227899 0.012130935
0.761 0.050055917 0.0029990615 0.011158706 0.006982205 0.041758917 0.01199144
0.762 0.049438205 0.0029647418 0.011062235 0.0069298283 0.041243255 0.011852912
0.763 0.048825778 0.002930665 0.010966458 0.006877312 0.040732034 0.011715345
0.764 0.048218615 0.0028968279 0.010871343 0.006824695 0.04022523 0.011578738
0.765 0.04761669 0.0028632286 0.010776885 0.0067719608 0.03972278 0.0114430925
0.766 0.04701997 0.00282987 0.0106830755 0.006719151 0.03922473 0.011308406
0.767 0.04642841 0.0027967517 0.010589914 0.0066663004 0.038731005 0.011174672
0.768 0.045842033 0.0027638746 0.010497365 0.006613425 0.038241576 0.011041904
0.769 0.045260783 0.002731235 0.010405447 0.0065605515 0.037756477 0.010910081
0.77 0.044684615 0.0026988375 0.010314131 0.006507697 0.037275653 0.010779215
0.771 0.04411358 0.0026666785 0.010223435 0.006454922 0.03679909 0.010649295
0.772 0.04354758 0.0026347614 0.010133318 0.006402199 0.036326747 0.010520327
0.773 0.0429866 0.002603083 0.01004379 0.0063495724 0.035858635 0.0103923045
0.774 0.042430658 0.0025716466 0.009954838 0.0062970966 0.035394713 0.010265225
0.775 0.04187971 0.0025404494 0.009866457 0.0062447814 0.03493496 0.010139089
0.776 0.041333716 0.0025094962 0.00977864 0.006192638 0.034479387 0.010013896
0.777 0.04079269 0.002478783 0.009691371 0.006140711 0.034027923 0.009889642
0.778 0.040256534 0.0024483153 0.009604644 0.006089024 0.03358061 0.009766325
0.779 0.039725304 0.0024180866 0.009518458 0.006037617 0.03313735 0.009643946
0.78 0.039198935 0.002388104 0.009432806 0.0059864894 0.032698207 0.009522502
0.781 0.03867742 0.002358367 0.009347673 0.005935702 0.032263067 0.009401987
0.782 0.038160715 0.002328875 0.009263044 0.005885241 0.031831995 0.009282403
0.783 0.0376488 0.0022996303 0.009178935 0.005835179 0.031404927 0.009163749
0.784 0.037141655 0.0022706331 0.009095317 0.0057855183 0.030981852 0.009046023
0.785 0.036639277 0.002241886 0.0090122 0.005736292 0.030562734 0.00892922
0.786 0.036141608 0.0022133898 0.008929555 0.005687525 0.030147575 0.00881334
0.787 0.03564865 0.002185147 0.008847397 0.0056392434 0.029736357 0.008698384
0.788 0.035160374 0.002157158 0.008765711 0.0055914964 0.02932904 0.008584348
0.789 0.034676734 0.0021294267 0.008684482 0.0055442806 0.028925635 0.008471232
0.79 0.03419772 0.0021019531 0.008603719 0.005497641 0.028526058 0.00835903
0.791 0.03372331 0.0020747397 0.008523401 0.0054516005 0.028130358 0.008247744
0.792 0.033253472 0.0020477902 0.008443521 0.0054061776 0.02773848 0.008137373
0.793 0.0327882 0.0020211074 0.008364079 0.0053614005 0.02735041 0.008027916
0.794 0.03232744 0.0019946937 0.008285062 0.0053173066 0.026966147 0.007919368
0.795 0.0318712 0.001968551 0.008206465 0.0052739047 0.026585622 0.0078117335
0.796 0.03141944 0.0019426834 0.008128274 0.0052312165 0.026208851 0.0077050016
0.797 0.030972127 0.0019170939 0.008050496 0.0051892744 0.025835814 0.0075991782
0.798 0.030529222 0.0018917862 0.007973109 0.005148086 0.025466483 0.007494262
0.799 0.030090744 0.0018667637 0.007896118 0.0051076803 0.025100816 0.0073902505
0.8 0.02965664 0.0018420308 0.0078195045 0.0050680586 0.024738846 0.007287141
0.801 0.029226882 0.0018175901 0.007743259 0.0050292485 0.024380477 0.007184936
0.802 0.02880146 0.0017934473 0.0076673804 0.0049912673 0.024025755 0.0070836274
0.803 0.028380336 0.0017696046 0.0075918515 0.0049541043 0.023674628 0.006983225
0.8039999999999999 0.027963495 0.0017460672 0.0075166794 0.0049177967 0.02332708 0.0068837185
0.8049999999999999 0.027550887 0.0017228386 0.00744184 0.0048823366 0.022983082 0.0067851096
0.8059999999999999 0.027142517 0.0016999249 0.0073673245 0.004847725 0.02264262 0.006687398
0.8069999999999999 0.02673834 0.0016773273 0.0072931317 0.004813967 0.022305666 0.006590582
0.8079999999999999 0.026338328 0.0016550523 0.007219247 0.0047810567 0.02197222 0.0064946604
0.8089999999999999 0.025942465 0.0016331046 0.0071456665 0.004749002 0.021642232 0.006399634
0.8099999999999999 0.025550714 0.0016114851 0.0070723672 0.0047177845 0.021315683 0.0063054995
0.8109999999999999 0.025163064 0.0015901998 0.006999354 0.0046873945 0.020992579 0.006212255
0.8119999999999999 0.024779469 0.0015692515 0.0069266125 0.004657832 0.02067285 0.006119903
0.813 0.02439991 0.0015486444 0.00685413 0.004629068 0.020356515 0.006028439
0.814 0.02402437 0.0015283809 0.0067818975 0.0046010893 0.020043539 0.0059378627
0.815 0.02365281 0.0015084633 0.0067099 0.0045738732 0.019733893 0.0058481744
0.816 0.02328519 0.0014888936 0.0066381358 0.00454739 0.019427566 0.005759373
0.817 0.022921512 0.0014696755 0.0065665897 0.0045216237 0.019124523 0.005671451
0.818 0.022561725 0.0014508083 0.0064952583 0.004496532 0.018824738 0.0055844137
0.819 0.022205798 0.001432293 0.0064241234 0.004472087 0.018528197 0.005498257
0.82 0.021853732 0.0014141308 0.006353174 0.004448254 0.018234879 0.0054129786
0.821 0.02150548 0.0013963208 0.0062824073 0.004424998 0.017944759 0.005328577
0.822 0.021161014 0.0013788615 0.006211817 0.004402275 0.017657803 0.0052450513
0.823 0.020820314 0.0013617522 0.006141387 0.004380039 0.017373996 0.005162397
0.824 0.020483345 0.001344989 0.006071102 0.0043582534 0.017093327 0.005080613
0.825 0.020150073 0.0013285701 0.0060009686 0.0043368675 0.016815742 0.0049996967
0.826 0.019820485 0.0013124913 0.0059309723 0.0043158424 0.016541252 0.0049196426
0.827 0.019494545 0.0012967483 0.0058611073 0.004295131 0.016269809 0.0048404555
0.828 0.019172236 0.0012813348 0.0057913647 0.004274686 0.016001407 0.004762124
0.829 0.018853521 0.0012662464 0.005721738 0.0042544478 0.01573601 0.004684648
0.83 0.018538376 0.0012514759 0.0056522265 0.004234384 0.015473591 0.0046080286
0.831 0.018226767 0.0012370168 0.005582816 0.00421444 0.015214138 0.0045322548
0.832 0.017918674 0.0012228611 0.0055135177 0.0041945735 0.014957634 0.004457327
0.833 0.01761407 0.0012090005 0.005444314 0.0041747354 0.014704045 0.0043832418
0.834 0.017312936 0.0011954269 0.0053752055 0.0041548815 0.01445336 0.004309994
0.835 0.017015237 0.001182132 0.005306195 0.004134976 0.0142055405 0.004237581
0.836 0.01672095 0.0011691065 0.0052372804 0.004114972 0.013960579 0.0041659987
0.837 0.016430045 0.0011563412 0.0051684603 0.0040948316 0.013718438 0.004095242
0.838 0.016142517 0.0011438273 0.005099733 0.0040745144 0.013479121 0.0040253066
0.839 0.015858306 0.0011315552 0.005031103 0.004053995 0.013242588 0.0039561884
0.84 0.015577422 0.001119516 0.0049625766 0.004033236 0.01300882 0.003887887
0.841 0.015299826 0.0011077005 0.0048941546 0.0040122117 0.012777804 0.003820394
0.842 0.015025498 0.0010961003 0.0048258384 0.0039908914 0.012549522 0.0037537073
0.843 0.014754416 0.0010847065 0.0047576358 0.003969255 0.012323935 0.003687822
0.844 0.014486556 0.001073512 0.0046895533 0.003947287 0.01210104 0.0036227347
0.845 0.014221887 0.0010625086 0.004621601 0.0039249663 0.01188082 0.0035584432
0.846 0.013960406 0.0010516893 0.0045537814 0.0039022765 0.011663254 0.0034949412
0.847 0.013702082 0.0010410477 0.0044861077 0.003879215 0.0114483135 0.0034322266
0.848 0.013446887 0.0010305775 0.004418585 0.003855764 0.011235993 0.0033702978
0.849 0.013194812 0.0010202735 0.004351227 0.0038319272 0.011026268 0.0033091488
0.85 0.012945829 0.0010101312 0.004284046 0.003807699 0.010819121 0.0032487786
0.851 0.012699918 0.0010001461 0.004217049 0.0037830747 0.010614533 0.0031891847
0.852 0.012457066 0.0009903149 0.004150251 0.0037580656 0.010412493 0.0031303645
0.853 0.012217247 0.0009806334 0.0040836623 0.003732672 0.010212981 0.0030723147
0.854 0.011980445 0.0009711003 0.004017299 0.0037069053 0.0100159785 0.003015035
0.855 0.011746641 0.00096171343 0.003951178 0.003680774 0.009821476 0.0029585233
0.856 0.011515817 0.00095247093 0.0038853027 0.0036542816 0.009629449 0.0029027776
0.857 0.011287947 0.0009433719 0.003819695 0.0036274472 0.009439883 0.0028477958
0.858 0.0110630235 0.0009344154 0.0037543671 0.0036002828 0.009252769 0.0027935803
0.859 0.010841027 0.0009256013 0.0036893373 0.0035728046 0.009068085 0.0027401263
0.86 0.01062193 0.00091692904 0.003624614 0.0035450233 0.008885817 0.0026874356
0.861 0.0104057295 0.00090839854 0.003560218 0.0035169562 0.008705951 0.002635507
0.862 0.010192393 0.00090001064 0.0034961605 0.0034886166 0.008528474 0.0025843387
0.863 0.009981913 0.00089176476 0.0034324555 0.0034600236 0.008353365 0.002533933
0.864 0.009774269 0.0008836613 0.0033691234 0.00343119 0.00818061 0.0024842888
0.865 0.009569439 0.0008756999 0.0033061737 0.0034021288 0.008010202 0.0024354034
0.866 0.009367413 0.00086788123 0.0032436221 0.0033728548 0.007842112 0.00238728
0.867 0.009168176 0.0008602043 0.003181483 0.0033433784 0.0076763425 0.0023399177
0.868 0.0089716995 0.00085266866 0.0031197711 0.003313714 0.0075128684 0.0022933143
0.869 0.008777971 0.00084527367 0.0030585015 0.0032838716 0.007351673 0.0022474711
0.87 0.008586979 0.00083801756 0.002997686 0.0032538564 0.007192746 0.002202386
0.871 0.0083987 0.0008308988 0.0029373348 0.0032236779 0.007036076 0.0021580604
0.872 0.008213118 0.0008239153 0.0028774675 0.003193338 0.0068816403 0.0021144908
0.873 0.008030217 0.00081706425 0.002818093 0.0031628453 0.0067294263 0.0020716772
0.874 0.007849978 0.00081034197 0.0027592212 0.0031321954 0.0065794243 0.0020296187
0.875 0.007672381 0.0008037451 0.002700866 0.003101393 0.0064316154 0.0019883118
0.876 0.0074974187 0.000797269 0.0026430374 0.003070433 0.006285983 0.0019477537
0.877 0.0073250593 0.0007909088 0.0025857484 0.0030393135 0.0061425157 0.0019079424
0.878 0.007155298 0.000784659 0.002529008 0.00300803 0.006001195 0.0018688749
0.879 0.0069881086 0.0007785132 0.0024728244 0.0029765721 0.005862009 0.0018305449
0.88 0.006823479 0.00077246444 0.0024172089 0.0029449337 0.0057249404 0.001792949
0.881 0.0066613853 0.0007665059 0.0023621696 0.002913104 0.005589973 0.0017560824
0.882 0.006501816 0.00076062983 0.0023077158 0.0028810739 0.0054570986 0.0017199382
0.883 0.0063447435 0.0007548271 0.0022538546 0.0028488287 0.005326292 0.0016845105
0.884 0.0061901626 0.00074908946 0.002200591 0.0028163549 0.0051975437 0.0016497911
0.885 0.0060380446 0.00074340723 0.0021479363 0.00278364 0.0050708363 0.0016157713
0.886 0.005888378 0.0007377711 0.0020958947 0.0027506698 0.0049461564 0.0015824435
0.887 0.00574114 0.00073217094 0.0020444747 0.0027174312 0.0048234877 0.0015497966
0.888 0.005596315 0.0007265964 0.0019936804 0.0026839068 0.004702811 0.0015178206
0.889 0.005453879 0.0007210362 0.0019435154 0.0026500805 0.004584113 0.0014865039
0.89 0.0053138225 0.0007154805 0.0018939892 0.00261594 0.0044673793 0.0014558343
0.891 0.00517612 0.00070991786 0.0018451028 0.0025814718 0.0043525947 0.0014257987
0.892 0.005040754 0.0007043372 0.0017968636 0.0025466604 0.0042397385 0.0013963839
0.893 0.0049077077 0.0006987275 0.0017492728 0.0025114953 0.0041288 0.0013675742
0.894 0.004776961 0.0006930777 0.001702336 0.0024759616 0.004019761 0.001339356
0.895 0.0046484936 0.0006873768 0.0016560568 0.002440053 0.0039126063 0.0013117115
0.896 0.0045222905 0.00068161456 0.0016104375 0.00240376 0.0038073175 0.001284626
0.897 0.004398331 0.00067577924 0.0015654808 0.0023670734 0.003703881 0.0012580806
0.898 0.004276592 0.0006698615 0.001521191 0.0023299882 0.0036022812 0.001232059
0.899 0.0041570594 0.0006638511 0.0014775689 0.0022925015 0.0035025026 0.001206543
0.9 0.004039716 0.0006577384 0.0014346176 0.0022546125 0.0034045246 0.001181514
0.901 0.0039245375 0.00065151433 0.0013923395 0.0022163214 0.0033083388 0.0011569533
0.902 0.0038115066 0.00064516976 0.0013507364 0.0021776292 0.0032139218 0.0011328419
0.903 0.0037006054 0.0006386973 0.0013098094 0.0021385425 0.0031212617 0.0011091613
0.904 0.0035918131 0.0006320884 0.0012695597 0.0020990684 0.0030303416 0.0010858917
0.905 0.0034851122 0.00062533695 0.0012299906 0.0020592164 0.0029411453 0.0010630143
0.906 0.0033804823 0.0006184363 0.0011911017 0.0020189993 0.002853659 0.0010405107
0.907 0.0032779053 0.00061138044 0.0011528953 0.0019784297 0.0027678648 0.0010183621
0.908 0.0031773616 0.0006041646 0.0011153707 0.0019375257 0.0026837455 0.0009965498
0.909 0.0030788323 0.00059678475 0.0010785297 0.0018963068 0.0026012883 0.0009750565
0.91 0.0029822993 0.00058923766 0.0010423743 0.001854795 0.0025204772 0.000953865
0.911 0.002887742 0.0005815201 0.0010069027 0.0018130126 0.002441294 0.0009329578
0.912 0.0027951421 0.00057363 0.0009721167 0.0017709859 0.0023637263 0.00091231905
0.913 0.0027044804 0.00056556676 0.0009380164 0.0017287432 0.0022877562 0.00089193357
0.914 0.0026157382 0.00055733026 0.0009046021 0.001686316 0.0022133703 0.00087178714
0.915 0.0025288975 0.0005489204 0.000871874 0.0016437344 0.002140549 0.0008518658
0.916 0.0024439367 0.0005403389 0.00083983096 0.0016010337 0.0020692828 0.00083215674
0.917 0.0023608387 0.0005315875 0.0008084735 0.0015582488 0.001999553 0.00081264833
0.918 0.0022795843 0.00052266935 0.0007778011 0.0015154164 0.0019313433 0.00079332985
0.919 0.0022001553 0.00051358837 0.00074781285 0.0014725763 0.0018646409 0.0007741917
0.92 0.002122531 0.0005043482 0.0007185082 0.0014297654 0.0017994293 0.000755225
0.921 0.0020466945 0.0004949545 0.0006898855 0.0013870259 0.0017356937 0.0007364224
0.922 0.0019726274 0.00048541327 0.0006619443 0.0013443988 0.0016734187 0.0007177776
0.923 0.0019003073 0.00047573083 0.0006346829 0.0013019266 0.0016125897 0.0006992851
0.924 0.0018297193 0.0004659149 0.00060809945 0.0012596523 0.0015531919 0.00068094116
0.925 0.0017608425 0.0004559725 0.0005821923 0.0012176181 0.0014952093 0.0006627418
0.926 0.001693659 0.00044591285 0.0005569587 0.0011758665 0.0014386281 0.00064468576
0.927 0.0016281493 0.00043574427 0.00053239707 0.0011344403 0.0013834325 0.00062677136
0.928 0.0015642944 0.00042547687 0.0005085039 0.0010933839 0.0013296078 0.00060899905
0.929 0.0015020764 0.00041512077 0.00048527616 0.0010527386 0.0012771394 0.0005913699
0.93 0.0014414759 0.0004046857 0.00046271083 0.0010125455 0.0012260118 0.00057388516
0.931 0.0013824753 0.0003941834 0.00044080405 0.00097284676 0.0011762107 0.000556548
0.932 0.0013250526 0.00038362443 0.00041955203 0.0009336819 0.0011277215 0.00053936214
0.9329999999999999 0.0012691915 0.00037302074 0.00039895036 0.00089508994 0.0010805278 0.0005223317
0.9339999999999999 0.0012148722 0.00036238384 0.000378994 0.0008571088 0.001034616 0.0005054616
0.9349999999999999 0.0011620756 0.00035172605 0.00035967806 0.00081977446 0.0009899711 0.0004887578
0.9359999999999999 0.0011107831 0.00034105938 0.00034099736 0.0007831223 0.00094657694 0.00047222667
0.9369999999999999 0.0010609749 0.00033039637 0.00032294603 0.0007471861 0.0009044197 0.00045587507
0.938 0.0010126326 0.0003197493 0.0003055177 0.0007119963 0.00086348335 0.00043971025
0.939 0.00096573593 0.00030913076 0.00028870584 0.00067758275 0.00082375313 0.0004237398
0.94 0.0009202668 0.00029855297 0.00027250365 0.00064397353 0.0007852143 0.00040797208
0.941 0.0008762046 0.00028802885 0.0002569036 0.00061119406 0.0007478506 0.00039241515
0.942 0.00083353074 0.0002775705 0.00024189812 0.0005792681 0.0007116475 0.0003770778
0.943 0.0007922252 0.00026719022 0.00022747915 0.0005482169 0.0006765886 0.0003619688
0.944 0.00075226836 0.00025689992 0.000213638 0.0005180598 0.000642659 0.00034709673
0.945 0.0007136404 0.0002467118 0.00020036596 0.00048881315 0.00060984265 0.00033247055
0.946 0.0006763218 0.00023663722 0.0001876537 0.00046049172 0.0005781241 0.00031809902
0.947 0.00064029195 0.00022668784 0.00017549167 0.0004331077 0.0005474873 0.0003039911
0.948 0.0006055314 0.00021687442 0.00016386984 0.00040667085 0.0005179162 0.00029015503
0.949 0.00057201955 0.00020720801 0.00015277787 0.00038118887 0.00048939465 0.0002765994
0.95 0.00053973624 0.00019769884 0.0001422051 0.00035666663 0.0004619068 0.00026333245
0.951 0.00050866074 0.0001883569 0.00013214063 0.00033310713 0.00043543568 0.00025036195
0.952 0.00047877297 0.00017919185 0.00012257312 0.00031051095 0.00040996476 0.0002376957
0.953 0.00045005177 0.00017021269 0.000113490925 0.00028887612 0.00038547764 0.00022534057
0.954 0.00042247615 0.00016142809 0.00010488204 0.00026819864 0.0003619576 0.00021330355
0.955 0.0003960257 0.00015284632 9.673455e-05 0.00024847256 0.0003393872 0.00020159109
0.956 0.00037067864 0.00014447501 8.9035886e-05 0.00022968954 0.00031774963 0.00019020894
0.957 0.00034641393 0.00013632131 8.177348e-05 0.00021183949 0.00029702755 0.00017916263
0.958 0.00032321032 0.00012839175 7.493439e-05 0.00019490987 0.00027720354 0.0001684568
0.959 0.00030104604 0.00012069242 6.850563e-05 0.00017888672 0.00025825985 0.00015809607
0.96 0.00027989928 0.00011322887 6.247403e-05 0.0001637542 0.0002401787 0.00014808403
0.961 0.00025974822 0.00010600596 5.6826186e-05 0.00014949462 0.00022294234 0.00013842389
0.962 0.00024057101 9.9027995e-05 5.1548584e-05 0.00013608873 0.0002065326 0.0001291182
0.963 0.00022234501 9.229873e-05 4.6627683e-05 0.00012351575 0.00019093114 0.00012016887
0.964 0.00020504823 8.5821375e-05 4.204982e-05 0.000111753725 0.0001761195 0.000111577254
0.965 0.00018865791 7.95984e-05 3.7801234e-05 0.000100779056 0.0001620791 0.00010334398
0.966 0.00017315161 7.363185e-05 3.386821e-05 9.056729e-05 0.00014879121 9.546913e-05
0.967 0.00015850629 6.792297e-05 3.023698e-05 8.109261e-05 0.00013623679 8.7951994e-05
0.968 0.0001446991 6.247256e-05 2.6893797e-05 7.2328425e-05 0.0001243968 8.07913e-05
0.969 0.00013170678 5.728078e-05 2.382498e-05 6.4247266e-05 0.00011325181 7.398514e-05
0.97 0.00011950614 5.2347135e-05 2.1016913e-05 5.6820892e-05 0.000102782535 6.753091e-05
0.971 0.00010807372 4.7670612e-05 1.8456025e-05 5.0020484e-05 9.296931e-05 6.14253e-05
0.972 9.7385826e-05 4.3249594e-05 1.6128932e-05 4.381674e-05 8.379229e-05 5.5664423e-05
0.973 8.741876e-05 3.9081842e-05 1.4022371e-05 3.8179947e-05 7.523154e-05 5.024374e-05
0.974 7.814857e-05 3.5164583e-05 1.2123227e-05 3.308018e-05 6.726696e-05 4.515806e-05
0.975 6.955126e-05 3.149449e-05 1.0418605e-05 2.8487346e-05 5.98783e-05 4.0401555e-05
0.976 6.1602484e-05 2.8067623e-05 8.895812e-06 2.4371302e-05 5.3045074e-05 3.5967787e-05
0.977 5.4278004e-05 2.4879548e-05 7.5424105e-06 2.0702031e-05 4.674673e-05 3.1849704e-05
0.978 4.755325e-05 2.1925285e-05 6.3462253e-06 1.7449678e-05 4.096251e-05 2.8039667e-05
0.979 4.14036e-05 1.9199297e-05 5.2953565e-06 1.4584695e-05 3.5671528e-05 2.4529409e-05
0.98 3.5804205e-05 1.6695567e-05 4.378241e-06 1.207796e-05 3.0852723e-05 2.1310152e-05
0.981 3.073016e-05 1.4407558e-05 3.5836424e-06 9.900857e-06 2.6484913e-05 1.8372488e-05
0.982 2.6156384e-05 1.2328249e-05 2.9006815e-06 8.02538e-06 2.2546765e-05 1.5706519e-05
0.983 2.2057642e-05 1.0450137e-05 2.3188632e-06 6.4242477e-06 1.9016765e-05 1.330178e-05
0.984 1.8408598e-05 8.765265e-06 1.8280963e-06 5.070992e-06 1.5873331e-05 1.1147309e-05
0.985 1.5183739e-05 7.26521e-06 1.4187104e-06 3.940044e-06 1.3094665e-05 9.231623e-06
0.986 1.23574755e-05 5.941126e-06 1.0814882e-06 3.0068293e-06 1.0658893e-05 7.542774e-06
0.987 9.904039e-06 4.7837316e-06 8.0767325e-07 2.2478637e-06 8.543979e-06 6.068323e-06
0.988 7.797558e-06 3.7833443e-06 5.8899496e-07 1.6408229e-06 6.7277647e-06 4.7953927e-06
0.989 6.0120447e-06 2.9298794e-06 4.176903e-07 1.1646338e-06 5.1879624e-06 3.7106622e-06
0.99 4.5213633e-06 2.212875e-06 2.86519e-07 7.995458e-07 3.902161e-06 2.8003892e-06
0.991 3.2992743e-06 1.6214975e-06 1.8878455e-07 5.272083e-07 2.847832e-06 2.050426e-06
0.992 2.3194173e-06 1.1445595e-06 1.18351366e-07 3.307398e-07 2.0023192e-06 1.4462335e-06
0.993 1.5553114e-06 7.7053306e-07 6.9662086e-08 1.947958e-07 1.3428547e-06 9.729024e-07
0.994 9.803639e-07 4.8756175e-07 3.775508e-08 1.0563336e-07 8.465554e-07 6.151652e-07
0.995 5.6787195e-07 2.834756e-07 1.8280636e-08 5.1172158e-08 4.904258e-07 3.5741064e-07
0.996 2.9102065e-07 1.4580347e-07 7.5174045e-09 2.1052395e-08 2.5136245e-07 1.8370224e-07
0.997 1.2288746e-07 6.1785606e-08 2.387842e-09 6.6896804e-09 1.06154026e-07 7.7791846e-08
0.998 3.6444312e-08 1.8386688e-08 4.7348914e-10 1.3269418e-09 3.1485474e-08 2.3134254e-08
0.999 4.5596633e-09 2.308123e-09 2.9705467e-11 8.3271626e-11 3.9397015e-09 2.9021585e-09
1.0 0.0 0.0 0.0 0.0 0.0 0.0
