#x Gluon Gluon_error
0.001 -0.611786
0.00100692 -0.608234
0.0010139 -0.60468
0.00102092 -0.601123
0.00102799 -0.597562
0.00103511 -0.593999
0.00104227 -0.590433
0.00104949 -0.586864
0.00105676 -0.583292
0.00106408 -0.579717
0.00107145 -0.576138
0.00107886 -0.572557
0.00108634 -0.568972
0.00109386 -0.565384
0.00110143 -0.561792
0.00110906 -0.558197
0.00111674 -0.554598
0.00112447 -0.550996
0.00113226 -0.547391
0.0011401 -0.543781
0.001148 -0.540168
0.00115594 -0.536551
0.00116395 -0.53293
0.00117201 -0.529306
0.00118013 -0.525677
0.0011883 -0.522045
0.00119653 -0.518408
0.00120481 -0.514767
0.00121315 -0.511122
0.00122156 -0.507473
0.00123001 -0.503819
0.00123853 -0.500161
0.00124711 -0.496499
0.00125574 -0.492832
0.00126444 -0.489161
0.0012732 -0.485484
0.00128201 -0.481804
0.00129089 -0.478118
0.00129983 -0.474428
0.00130883 -0.470732
0.00131789 -0.467032
0.00132702 -0.463327
0.00133621 -0.459617
0.00134546 -0.455901
0.00135478 -0.452181
0.00136416 -0.448455
0.00137361 -0.444723
0.00138312 -0.440987
0.0013927 -0.437245
0.00140234 -0.433497
0.00141205 -0.429744
0.00142183 -0.425985
0.00143167 -0.422221
0.00144159 -0.418451
0.00145157 -0.414675
0.00146162 -0.410893
0.00147174 -0.407106
0.00148194 -0.403312
0.0014922 -0.399513
0.00150253 -0.395707
0.00151293 -0.391895
0.00152341 -0.388078
0.00153396 -0.384254
0.00154458 -0.380423
0.00155528 -0.376587
0.00156605 -0.372744
0.00157689 -0.368895
0.00158781 -0.365039
0.00159881 -0.361177
0.00160988 -0.357309
0.00162103 -0.353434
0.00163225 -0.349552
0.00164355 -0.345664
0.00165494 -0.34177
0.0016664 -0.337868
0.00167794 -0.33396
0.00168955 -0.330046
0.00170125 -0.326125
0.00171303 -0.322197
0.0017249 -0.318262
0.00173684 -0.314321
0.00174887 -0.310373
0.00176098 -0.306418
0.00177317 -0.302457
0.00178545 -0.298489
0.00179782 -0.294514
0.00181027 -0.290533
0.0018228 -0.286544
0.00183542 -0.282549
0.00184813 -0.278548
0.00186093 -0.27454
0.00187382 -0.270525
0.00188679 -0.266503
0.00189986 -0.262475
0.00191301 -0.25844
0.00192626 -0.254399
0.0019396 -0.250351
0.00195303 -0.246297
0.00196656 -0.242236
0.00198017 -0.238169
0.00199389 -0.234096
0.00200769 -0.230016
0.0020216 -0.22593
0.00203559 -0.221837
0.00204969 -0.217739
0.00206388 -0.213634
0.00207818 -0.209523
0.00209257 -0.205407
0.00210706 -0.201284
0.00212165 -0.197155
0.00213634 -0.193021
0.00215113 -0.188881
0.00216603 -0.184735
0.00218103 -0.180583
0.00219613 -0.176426
0.00221134 -0.172263
0.00222665 -0.168095
0.00224207 -0.163921
0.0022576 -0.159742
0.00227323 -0.155558
0.00228897 -0.151369
0.00230482 -0.147175
0.00232078 -0.142975
0.00233685 -0.138771
0.00235303 -0.134561
0.00236933 -0.130347
0.00238574 -0.126129
0.00240226 -0.121905
0.00241889 -0.117677
0.00243564 -0.113444
0.00245251 -0.109207
0.00246949 -0.104966
0.00248659 -0.10072
0.00250381 -0.0964704
0.00252115 -0.0922162
0.00253861 -0.087958
0.00255619 -0.0836957
0.00257389 -0.0794295
0.00259171 -0.0751593
0.00260966 -0.0708853
0.00262773 -0.0666074
0.00264592 -0.0623259
0.00266425 -0.0580407
0.0026827 -0.0537518
0.00270127 -0.0494594
0.00271998 -0.0451634
0.00273881 -0.040864
0.00275778 -0.0365612
0.00277688 -0.032255
0.0027961 -0.0279454
0.00281547 -0.0236326
0.00283496 -0.0193165
0.00285459 -0.0149972
0.00287436 -0.0106747
0.00289427 -0.0063491
0.00291431 -0.00202036
0.00293449 0.00231146
0.00295481 0.00664634
0.00297527 0.0109843
0.00299587 0.0153252
0.00301662 0.0196691
0.00303751 0.024016
0.00305854 0.0283658
0.00307972 0.0327186
0.00310105 0.0370744
0.00312252 0.041433
0.00314414 0.0457945
0.00316592 0.050159
0.00318784 0.0545263
0.00320991 0.0588965
0.00323214 0.0632697
0.00325452 0.0676457
0.00327706 0.0720246
0.00329975 0.0764064
0.0033226 0.0807911
0.00334561 0.0851787
0.00336878 0.0895692
0.00339211 0.0939627
0.0034156 0.098359
0.00343925 0.102758
0.00346306 0.107161
0.00348704 0.111566
0.00351119 0.115974
0.00353551 0.120385
0.00355999 0.1248
0.00358464 0.129217
0.00360946 0.133637
0.00363446 0.13806
0.00365962 0.142487
0.00368497 0.146916
0.00371048 0.151349
0.00373618 0.155785
0.00376205 0.160224
0.0037881 0.164666
0.00381433 0.169111
0.00384075 0.17356
0.00386734 0.178012
0.00389412 0.182467
0.00392109 0.186925
0.00394824 0.191387
0.00397558 0.195852
0.00400311 0.20032
0.00403083 0.204792
0.00405874 0.209267
0.00408685 0.213745
0.00411515 0.218227
0.00414365 0.222712
0.00417234 0.227201
0.00420123 0.231693
0.00423032 0.236188
0.00425962 0.240687
0.00428911 0.24519
0.00431882 0.249696
0.00434872 0.254205
0.00437884 0.258719
0.00440916 0.263235
0.00443969 0.267755
0.00447043 0.272279
0.00450139 0.276806
0.00453256 0.281337
0.00456395 0.285872
0.00459555 0.29041
0.00462737 0.294951
0.00465942 0.299496
0.00469168 0.304045
0.00472417 0.308597
0.00475689 0.313153
0.00478983 0.317712
0.00482299 0.322275
0.00485639 0.326841
0.00489002 0.331411
0.00492388 0.335985
0.00495798 0.340562
0.00499231 0.345142
0.00502688 0.349726
0.00506169 0.354314
0.00509674 0.358904
0.00513204 0.363499
0.00516757 0.368096
0.00520336 0.372697
0.00523939 0.377302
0.00527567 0.381909
0.0053122 0.38652
0.00534899 0.391135
0.00538603 0.395752
0.00542333 0.400373
0.00546088 0.404997
0.0054987 0.409624
0.00553677 0.414254
0.00557511 0.418887
0.00561372 0.423523
0.00565259 0.428162
0.00569174 0.432804
0.00573115 0.437449
0.00577084 0.442097
0.0058108 0.446748
0.00585104 0.451401
0.00589155 0.456057
0.00593235 0.460716
0.00597343 0.465377
0.00601479 0.470041
0.00605645 0.474708
0.00609838 0.479376
0.00614061 0.484047
0.00618314 0.488721
0.00622595 0.493397
0.00626907 0.498074
0.00631248 0.502754
0.00635619 0.507436
0.0064002 0.51212
0.00644452 0.516806
0.00648915 0.521494
0.00653409 0.526184
0.00657933 0.530875
0.00662489 0.535568
0.00667077 0.540262
0.00671696 0.544958
0.00676347 0.549655
0.00681031 0.554354
0.00685747 0.559054
0.00690495 0.563755
0.00695277 0.568457
0.00700092 0.57316
0.0070494 0.577864
0.00709821 0.582569
0.00714736 0.587274
0.00719686 0.591981
0.00724669 0.596687
0.00729687 0.601395
0.0073474 0.606102
0.00739828 0.61081
0.00744951 0.615519
0.0075011 0.620227
0.00755304 0.624935
0.00760534 0.629644
0.00765801 0.634352
0.00771104 0.63906
0.00776444 0.643767
0.0078182 0.648474
0.00787234 0.653181
0.00792685 0.657887
0.00798175 0.662592
0.00803702 0.667297
0.00809267 0.672
0.00814871 0.676703
0.00820514 0.681404
0.00826196 0.686104
0.00831917 0.690803
0.00837678 0.695501
0.00843478 0.700197
0.00849319 0.704891
0.008552 0.709584
0.00861122 0.714275
0.00867086 0.718964
0.0087309 0.723651
0.00879136 0.728336
0.00885224 0.733019
0.00891353 0.737699
0.00897526 0.742377
0.00903741 0.747053
0.00909999 0.751726
0.00916301 0.756397
0.00922646 0.761064
0.00929035 0.765729
0.00935468 0.770391
0.00941946 0.77505
0.00948469 0.779706
0.00955037 0.784358
0.0096165 0.789007
0.00968309 0.793653
0.00975014 0.798296
0.00981766 0.802934
0.00988564 0.807569
0.0099541 0.812201
0.010023 0.816828
0.0100924 0.821452
0.0101623 0.826071
0.0102327 0.830687
0.0103036 0.835298
0.0103749 0.839905
0.0104467 0.844508
0.0105191 0.849106
0.0105919 0.8537
0.0106653 0.858289
0.0107391 0.862874
0.0108135 0.867454
0.0108884 0.872029
0.0109638 0.8766
0.0110397 0.881165
0.0111161 0.885726
0.0111931 0.890281
0.0112706 0.894832
0.0113487 0.899377
0.0114273 0.903917
0.0115064 0.908452
0.0115861 0.912982
0.0116663 0.917506
0.0117471 0.922025
0.0118284 0.926538
0.0119103 0.931046
0.0119928 0.935549
0.0120759 0.940046
0.0121595 0.944537
0.0122437 0.949022
0.0123285 0.953502
0.0124138 0.957977
0.0124998 0.962445
0.0125864 0.966908
0.0126735 0.971365
0.0127613 0.975816
0.0128496 0.980262
0.0129386 0.984701
0.0130282 0.989135
0.0131184 0.993563
0.0132093 0.997985
0.0133007 1.0024
0.0133929 1.00681
0.0134856 1.01122
0.013579 1.01561
0.013673 1.02001
0.0137677 1.02439
0.013863 1.02878
0.013959 1.03315
0.0140557 1.03752
0.014153 1.04188
0.014251 1.04624
0.0143497 1.05059
0.0144491 1.05494
0.0145491 1.05928
0.0146499 1.06362
0.0147513 1.06795
0.0148535 1.07227
0.0149563 1.07659
0.0150599 1.0809
0.0151642 1.08521
0.0152692 1.08951
0.0153749 1.09381
0.0154814 1.0981
0.0155886 1.10238
0.0156965 1.10666
0.0158052 1.11094
0.0159147 1.11521
0.0160249 1.11947
0.0161359 1.12373
0.0162476 1.12799
0.0163601 1.13224
0.0164734 1.13649
0.0165875 1.14073
0.0167023 1.14496
0.016818 1.14919
0.0169345 1.15342
0.0170517 1.15764
0.0171698 1.16186
0.0172887 1.16608
0.0174084 1.17028
0.017529 1.17449
0.0176503 1.17869
0.0177726 1.18289
0.0178956 1.18708
0.0180196 1.19127
0.0181443 1.19546
0.01827 1.19964
0.0183965 1.20382
0.0185239 1.20799
0.0186522 1.21216
0.0187813 1.21633
0.0189114 1.22049
0.0190423 1.22465
0.0191742 1.22881
0.019307 1.23297
0.0194407 1.23712
0.0195753 1.24127
0.0197108 1.24541
0.0198473 1.24955
0.0199848 1.25369
0.0201232 1.25783
0.0202625 1.26197
0.0204028 1.2661
0.0205441 1.27023
0.0206864 1.27435
0.0208296 1.27848
0.0209739 1.2826
0.0211191 1.28672
0.0212653 1.29083
0.0214126 1.29495
0.0215609 1.29906
0.0217102 1.30317
0.0218605 1.30728
0.0220119 1.31138
0.0221643 1.31548
0.0223178 1.31958
0.0224723 1.32368
0.022628 1.32778
0.0227846 1.33187
0.0229424 1.33596
0.0231013 1.34005
0.0232613 1.34413
0.0234223 1.34822
0.0235845 1.3523
0.0237479 1.35637
0.0239123 1.36045
0.0240779 1.36452
0.0242446 1.36859
0.0244125 1.37266
0.0245816 1.37672
0.0247518 1.38078
0.0249232 1.38484
0.0250958 1.3889
0.0252695 1.39295
0.0254445 1.397
0.0256207 1.40104
0.0257981 1.40508
0.0259768 1.40912
0.0261567 1.41315
0.0263378 1.41718
0.0265202 1.4212
0.0267038 1.42522
0.0268887 1.42923
0.0270749 1.43324
0.0272624 1.43724
0.0274512 1.44124
0.0276413 1.44523
0.0278327 1.44922
0.0280254 1.45319
0.0282195 1.45717
0.0284149 1.46113
0.0286117 1.46509
0.0288098 1.46904
0.0290093 1.47298
0.0292102 1.47692
0.0294125 1.48084
0.0296161 1.48476
0.0298212 1.48867
0.0300277 1.49257
0.0302357 1.49645
0.030445 1.50033
0.0306559 1.5042
0.0308681 1.50805
0.0310819 1.5119
0.0312971 1.51573
0.0315139 1.51954
0.0317321 1.52335
0.0319518 1.52714
0.0321731 1.53092
0.0323959 1.53468
0.0326202 1.53843
0.0328461 1.54216
0.0330735 1.54588
0.0333026 1.54958
0.0335332 1.55326
0.0337654 1.55692
0.0339992 1.56057
0.0342346 1.5642
0.0344717 1.5678
0.0347104 1.57139
0.0349508 1.57496
0.0351928 1.5785
0.0354365 1.58202
0.0356819 1.58552
0.035929 1.589
0.0361778 1.59245
0.0364283 1.59588
0.0366805 1.59928
0.0369345 1.60265
0.0371903 1.606
0.0374478 1.60932
0.0377071 1.61261
0.0379682 1.61588
0.0382312 1.61911
0.0384959 1.62231
0.0387625 1.62548
0.0390309 1.62862
0.0393012 1.63173
0.0395733 1.6348
0.0398474 1.63784
0.0401233 1.64084
0.0404011 1.6438
0.0406809 1.64673
0.0409626 1.64962
0.0412463 1.65247
0.0415319 1.65529
0.0418195 1.65806
0.0421091 1.66079
0.0424007 1.66348
0.0426943 1.66613
0.0429899 1.66873
0.0432876 1.67129
0.0435874 1.6738
0.0438892 1.67627
0.0441931 1.67869
0.0444991 1.68106
0.0448073 1.68338
0.0451176 1.68566
0.04543 1.68788
0.0457446 1.69005
0.0460614 1.69217
0.0463803 1.69424
0.0467015 1.69625
0.0470249 1.69821
0.0473505 1.70011
0.0476784 1.70196
0.0480086 1.70375
0.048341 1.70548
0.0486758 1.70715
0.0490128 1.70876
0.0493522 1.71031
0.049694 1.7118
0.0500381 1.71323
0.0503846 1.71459
0.0507335 1.71589
0.0510848 1.71713
0.0514385 1.7183
0.0517947 1.7194
0.0521534 1.72044
0.0525146 1.72141
0.0528782 1.72231
0.0532444 1.72314
0.0536131 1.7239
0.0539843 1.72459
0.0543582 1.72521
0.0547346 1.72576
0.0551136 1.72623
0.0554952 1.72664
0.0558795 1.72696
0.0562665 1.72722
0.0566561 1.72739
0.0570484 1.72749
0.0574435 1.72752
0.0578413 1.72746
0.0582418 1.72733
0.0586451 1.72712
0.0590512 1.72684
0.0594601 1.72647
0.0598719 1.72602
0.0602865 1.72549
0.0607039 1.72489
0.0611243 1.7242
0.0615476 1.72343
0.0619738 1.72257
0.0624029 1.72164
0.062835 1.72062
0.0632701 1.71951
0.0637083 1.71833
0.0641494 1.71706
0.0645936 1.7157
0.0650409 1.71427
0.0654913 1.71274
0.0659448 1.71113
0.0664015 1.70944
0.0668613 1.70766
0.0673243 1.7058
0.0677905 1.70385
0.0682599 1.70181
0.0687326 1.69969
0.0692086 1.69748
0.0696878 1.69519
0.0701704 1.69281
0.0706563 1.69034
0.0711456 1.68779
0.0716382 1.68515
0.0721343 1.68242
0.0726338 1.67961
0.0731368 1.67672
0.0736432 1.67374
0.0741532 1.67067
0.0746667 1.66752
0.0751837 1.66428
0.0757044 1.66096
0.0762286 1.65755
0.0767565 1.65406
0.077288 1.65048
0.0778232 1.64682
0.0783621 1.64308
0.0789047 1.63926
0.0794511 1.63535
0.0800013 1.63136
0.0805553 1.62729
0.0811131 1.62313
0.0816748 1.6189
0.0822403 1.61459
0.0828098 1.61019
0.0833833 1.60572
0.0839607 1.60117
0.0845421 1.59654
0.0851275 1.59183
0.085717 1.58705
0.0863106 1.58219
0.0869082 1.57725
0.0875101 1.57224
0.088116 1.56716
0.0887262 1.562
0.0893406 1.55677
0.0899593 1.55147
0.0905822 1.5461
0.0912095 1.54066
0.0918411 1.53515
0.092477 1.52957
0.0931174 1.52393
0.0937622 1.51821
0.0944115 1.51244
0.0950653 1.50659
0.0957236 1.50069
0.0963864 1.49472
0.0970539 1.48869
0.097726 1.48259
0.0984027 1.47644
0.0990841 1.47023
0.0997702 1.46396
0.100461 1.45764
0.101157 1.45126
0.101857 1.44482
0.102563 1.43834
0.103273 1.4318
0.103988 1.4252
0.104708 1.41856
0.105433 1.41187
0.106163 1.40513
0.106898 1.39835
0.107639 1.39152
0.108384 1.38464
0.109134 1.37772
0.10989 1.37076
0.110651 1.36376
0.111417 1.35672
0.112189 1.34964
0.112966 1.34252
0.113748 1.33536
0.114536 1.32817
0.115329 1.32095
0.116127 1.3137
0.116932 1.30641
0.117741 1.29909
0.118557 1.29175
0.119378 1.28437
0.120204 1.27697
0.121037 1.26954
0.121875 1.26209
0.122719 1.25462
0.123569 1.24712
0.124424 1.23961
0.125286 1.23207
0.126153 1.22452
0.127027 1.21695
0.127907 1.20936
0.128792 1.20176
0.129684 1.19414
0.130582 1.18651
0.131486 1.17887
0.132397 1.17122
0.133314 1.16356
0.134237 1.1559
0.135167 1.14822
0.136103 1.14054
0.137045 1.13285
0.137994 1.12517
0.13895 1.11747
0.139912 1.10978
0.140881 1.10209
0.141856 1.09439
0.142838 1.0867
0.143828 1.07901
0.144824 1.07133
0.145826 1.06365
0.146836 1.05597
0.147853 1.0483
0.148877 1.04064
0.149908 1.03298
0.150946 1.02534
0.151991 1.0177
0.153044 1.01008
0.154103 1.00247
0.155171 0.994867
0.156245 0.987281
0.157327 0.979709
0.158416 0.972152
0.159513 0.964611
0.160618 0.957086
0.16173 0.949579
0.16285 0.94209
0.163978 0.93462
0.165113 0.927169
0.166257 0.919739
0.167408 0.912329
0.168567 0.904941
0.169735 0.897575
0.17091 0.890232
0.172093 0.882912
0.173285 0.875617
0.174485 0.868345
0.175693 0.861099
0.17691 0.853879
0.178135 0.846684
0.179369 0.839517
0.180611 0.832376
0.181861 0.825263
0.183121 0.818178
0.184389 0.811121
0.185666 0.804094
0.186951 0.797096
0.188246 0.790127
0.189549 0.783188
0.190862 0.77628
0.192184 0.769403
0.193514 0.762556
0.194854 0.755741
0.196204 0.748958
0.197562 0.742207
0.19893 0.735487
0.200308 0.728801
0.201695 0.722147
0.203092 0.715526
0.204498 0.708938
0.205914 0.702383
0.20734 0.695862
0.208776 0.689374
0.210222 0.68292
0.211677 0.676501
0.213143 0.670115
0.214619 0.663764
0.216105 0.657447
0.217602 0.651164
0.219109 0.644916
0.220626 0.638702
0.222154 0.632523
0.223692 0.626379
0.225241 0.62027
0.226801 0.614195
0.228371 0.608155
0.229953 0.60215
0.231545 0.59618
0.233148 0.590245
0.234763 0.584345
0.236389 0.578479
0.238025 0.572648
0.239674 0.566852
0.241333 0.561091
0.243005 0.555365
0.244687 0.549673
0.246382 0.544016
0.248088 0.538394
0.249806 0.532806
0.251536 0.527252
0.253277 0.521734
0.255031 0.516249
0.256797 0.510799
0.258576 0.505383
0.260366 0.500001
0.262169 0.494654
0.263984 0.48934
0.265813 0.484061
0.267653 0.478815
0.269507 0.473603
0.271373 0.468425
0.273252 0.463281
0.275144 0.45817
0.27705 0.453093
0.278968 0.448049
0.2809 0.443039
0.282845 0.438063
0.284804 0.433119
0.286776 0.428209
0.288762 0.423333
0.290761 0.418489
0.292775 0.413679
0.294802 0.408902
0.296843 0.404158
0.298899 0.399447
0.300969 0.394769
0.303053 0.390125
0.305151 0.385513
0.307265 0.380935
0.309392 0.37639
0.311535 0.371878
0.313692 0.367399
0.315864 0.362954
0.318052 0.358542
0.320254 0.354163
0.322472 0.349818
0.324705 0.345506
0.326953 0.341228
0.329217 0.336984
0.331497 0.332774
0.333792 0.328597
0.336104 0.324455
0.338431 0.320348
0.340775 0.316274
0.343135 0.312235
0.345511 0.308231
0.347903 0.304262
0.350312 0.300329
0.352738 0.29643
0.355181 0.292568
0.35764 0.288741
0.360117 0.28495
0.362611 0.281196
0.365122 0.277478
0.36765 0.273797
0.370196 0.270153
0.372759 0.266546
0.375341 0.262978
0.37794 0.259447
0.380557 0.255955
0.383192 0.252501
0.385846 0.249086
0.388518 0.24571
0.391208 0.242373
0.393917 0.239077
0.396645 0.23582
0.399391 0.232604
0.402157 0.229428
0.404942 0.226293
0.407746 0.223199
0.410569 0.220146
0.413413 0.217135
0.416275 0.214165
0.419158 0.211238
0.42206 0.208352
0.424983 0.205508
0.427926 0.202706
0.430889 0.199947
0.433873 0.197229
0.436877 0.194554
0.439903 0.19192
0.442949 0.189328
0.446016 0.186778
0.449105 0.184269
0.452215 0.1818
0.455346 0.179372
0.458499 0.176984
0.461674 0.174635
0.464871 0.172325
0.46809 0.170052
0.471332 0.167816
0.474596 0.165616
0.477882 0.163451
0.481191 0.161319
0.484523 0.15922
0.487879 0.157151
0.491257 0.155111
0.494659 0.153099
0.498084 0.151113
0.501533 0.14915
0.505006 0.147209
0.508503 0.145287
0.512024 0.143382
0.51557 0.14149
0.51914 0.139611
0.522735 0.13774
0.526355 0.135874
0.53 0.13401
0.53367 0.132146
0.537365 0.130276
0.541087 0.128397
0.544833 0.126507
0.548606 0.124599
0.552405 0.12267
0.55623 0.120717
0.560082 0.118733
0.563961 0.116716
0.567866 0.114659
0.571798 0.112559
0.575758 0.11041
0.579745 0.10821
0.583759 0.105952
0.587802 0.103634
0.591872 0.101251
0.595971 0.0988004
0.600097 0.0962799
0.604253 0.0936878
0.608437 0.0910231
0.61265 0.088286
0.616893 0.0854781
0.621165 0.082602
0.625466 0.0796617
0.629797 0.0766629
0.634158 0.0736124
0.63855 0.0705187
0.642972 0.0673913
0.647424 0.0642412
0.651907 0.06108
0.656422 0.0579202
0.660967 0.0547746
0.665544 0.0516558
0.670153 0.0485766
0.674793 0.0455487
0.679466 0.0425833
0.684171 0.0396903
0.688909 0.0368783
0.693679 0.0341545
0.698483 0.0315247
0.70332 0.0289932
0.70819 0.0265628
0.713094 0.0242351
0.718032 0.0220106
0.723004 0.0198886
0.728011 0.0178678
0.733052 0.0159459
0.738128 0.0141203
0.74324 0.0123881
0.748386 0.0107459
0.753569 0.00919062
0.758787 0.00771873
0.764041 0.006327
0.769332 0.00501228
0.77466 0.00377159
0.780024 0.00260218
0.785425 0.00150152
0.790864 0.000467319
0.796341 -0.000502446
0.801855 -0.00140957
0.807408 -0.0022556
0.812999 -0.00304186
0.818629 -0.00376946
0.824297 -0.0044393
0.830005 -0.0050521
0.835753 -0.00560841
0.84154 -0.00610862
0.847368 -0.00655299
0.853236 -0.00694165
0.859144 -0.0072746
0.865093 -0.00755176
0.871084 -0.00777297
0.877116 -0.00793795
0.88319 -0.0080464
0.889305 -0.00809792
0.895464 -0.00809208
0.901664 -0.0080284
0.907908 -0.00790635
0.914195 -0.00772538
0.920526 -0.00748488
0.9269 -0.00718425
0.933319 -0.00682284
0.939782 -0.00639999
0.946289 -0.00591503
0.952842 -0.00536725
0.95944 -0.00475595
0.966084 -0.00408039
0.972774 -0.00333986
0.97951 -0.00253367
0.986293 -0.00166205
0.993123 -0.000739533
