#x Gluon Gluon_error
0.001 -0.713049
0.00100692 -0.70815
0.0010139 -0.703255
0.00102092 -0.698364
0.00102799 -0.693476
0.00103511 -0.688593
0.00104227 -0.683714
0.00104949 -0.678838
0.00105676 -0.673966
0.00106408 -0.669098
0.00107145 -0.664234
0.00107886 -0.659374
0.00108634 -0.654518
0.00109386 -0.649665
0.00110143 -0.644816
0.00110906 -0.639971
0.00111674 -0.63513
0.00112447 -0.630292
0.00113226 -0.625458
0.0011401 -0.620628
0.001148 -0.615802
0.00115594 -0.610979
0.00116395 -0.60616
0.00117201 -0.601345
0.00118013 -0.596533
0.0011883 -0.591725
0.00119653 -0.58692
0.00120481 -0.582119
0.00121315 -0.577322
0.00122156 -0.572528
0.00123001 -0.567738
0.00123853 -0.562951
0.00124711 -0.558168
0.00125574 -0.553388
0.00126444 -0.548612
0.0012732 -0.543839
0.00128201 -0.53907
0.00129089 -0.534304
0.00129983 -0.529542
0.00130883 -0.524783
0.00131789 -0.520027
0.00132702 -0.515275
0.00133621 -0.510526
0.00134546 -0.50578
0.00135478 -0.501038
0.00136416 -0.496299
0.00137361 -0.491564
0.00138312 -0.486831
0.0013927 -0.482102
0.00140234 -0.477377
0.00141205 -0.472654
0.00142183 -0.467935
0.00143167 -0.463218
0.00144159 -0.458505
0.00145157 -0.453796
0.00146162 -0.449089
0.00147174 -0.444385
0.00148194 -0.439685
0.0014922 -0.434988
0.00150253 -0.430293
0.00151293 -0.425602
0.00152341 -0.420914
0.00153396 -0.416229
0.00154458 -0.411547
0.00155528 -0.406868
0.00156605 -0.402191
0.00157689 -0.397518
0.00158781 -0.392848
0.00159881 -0.388181
0.00160988 -0.383516
0.00162103 -0.378855
0.00163225 -0.374196
0.00164355 -0.36954
0.00165494 -0.364887
0.0016664 -0.360237
0.00167794 -0.355589
0.00168955 -0.350945
0.00170125 -0.346303
0.00171303 -0.341663
0.0017249 -0.337027
0.00173684 -0.332393
0.00174887 -0.327762
0.00176098 -0.323134
0.00177317 -0.318508
0.00178545 -0.313885
0.00179782 -0.309264
0.00181027 -0.304646
0.0018228 -0.300031
0.00183542 -0.295418
0.00184813 -0.290808
0.00186093 -0.2862
0.00187382 -0.281595
0.00188679 -0.276992
0.00189986 -0.272391
0.00191301 -0.267793
0.00192626 -0.263198
0.0019396 -0.258605
0.00195303 -0.254014
0.00196656 -0.249425
0.00198017 -0.244839
0.00199389 -0.240256
0.00200769 -0.235674
0.0020216 -0.231095
0.00203559 -0.226518
0.00204969 -0.221943
0.00206388 -0.217371
0.00207818 -0.2128
0.00209257 -0.208232
0.00210706 -0.203666
0.00212165 -0.199103
0.00213634 -0.194541
0.00215113 -0.189981
0.00216603 -0.185424
0.00218103 -0.180868
0.00219613 -0.176315
0.00221134 -0.171764
0.00222665 -0.167214
0.00224207 -0.162667
0.0022576 -0.158121
0.00227323 -0.153578
0.00228897 -0.149036
0.00230482 -0.144497
0.00232078 -0.139959
0.00233685 -0.135423
0.00235303 -0.130889
0.00236933 -0.126357
0.00238574 -0.121826
0.00240226 -0.117298
0.00241889 -0.112771
0.00243564 -0.108246
0.00245251 -0.103722
0.00246949 -0.0992007
0.00248659 -0.0946806
0.00250381 -0.0901623
0.00252115 -0.0856456
0.00253861 -0.0811305
0.00255619 -0.0766171
0.00257389 -0.0721052
0.00259171 -0.0675949
0.00260966 -0.0630861
0.00262773 -0.0585789
0.00264592 -0.0540731
0.00266425 -0.0495689
0.0026827 -0.0450661
0.00270127 -0.0405648
0.00271998 -0.0360649
0.00273881 -0.0315665
0.00275778 -0.0270694
0.00277688 -0.0225737
0.0027961 -0.0180793
0.00281547 -0.0135863
0.00283496 -0.00909464
0.00285459 -0.00460424
0.00287436 -0.000115114
0.00289427 0.00437275
0.00291431 0.00885937
0.00293449 0.0133448
0.00295481 0.017829
0.00297527 0.022312
0.00299587 0.0267938
0.00301662 0.0312745
0.00303751 0.0357541
0.00305854 0.0402326
0.00307972 0.04471
0.00310105 0.0491863
0.00312252 0.0536615
0.00314414 0.0581357
0.00316592 0.0626089
0.00318784 0.0670811
0.00320991 0.0715523
0.00323214 0.0760225
0.00325452 0.0804918
0.00327706 0.0849602
0.00329975 0.0894276
0.0033226 0.0938941
0.00334561 0.0983598
0.00336878 0.102825
0.00339211 0.107289
0.0034156 0.111752
0.00343925 0.116214
0.00346306 0.120676
0.00348704 0.125136
0.00351119 0.129596
0.00353551 0.134056
0.00355999 0.138514
0.00358464 0.142972
0.00360946 0.147429
0.00363446 0.151885
0.00365962 0.156341
0.00368497 0.160796
0.00371048 0.165251
0.00373618 0.169704
0.00376205 0.174158
0.0037881 0.17861
0.00381433 0.183062
0.00384075 0.187514
0.00386734 0.191965
0.00389412 0.196415
0.00392109 0.200865
0.00394824 0.205314
0.00397558 0.209763
0.00400311 0.214211
0.00403083 0.218659
0.00405874 0.223107
0.00408685 0.227554
0.00411515 0.232
0.00414365 0.236446
0.00417234 0.240892
0.00420123 0.245337
0.00423032 0.249782
0.00425962 0.254227
0.00428911 0.258671
0.00431882 0.263115
0.00434872 0.267558
0.00437884 0.272002
0.00440916 0.276444
0.00443969 0.280887
0.00447043 0.285329
0.00450139 0.289771
0.00453256 0.294213
0.00456395 0.298654
0.00459555 0.303095
0.00462737 0.307536
0.00465942 0.311976
0.00469168 0.316417
0.00472417 0.320857
0.00475689 0.325297
0.00478983 0.329736
0.00482299 0.334175
0.00485639 0.338615
0.00489002 0.343053
0.00492388 0.347492
0.00495798 0.351931
0.00499231 0.356369
0.00502688 0.360807
0.00506169 0.365245
0.00509674 0.369683
0.00513204 0.37412
0.00516757 0.378558
0.00520336 0.382995
0.00523939 0.387432
0.00527567 0.391869
0.0053122 0.396305
0.00534899 0.400742
0.00538603 0.405178
0.00542333 0.409614
0.00546088 0.41405
0.0054987 0.418486
0.00553677 0.422921
0.00557511 0.427357
0.00561372 0.431792
0.00565259 0.436227
0.00569174 0.440662
0.00573115 0.445097
0.00577084 0.449531
0.0058108 0.453965
0.00585104 0.458399
0.00589155 0.462833
0.00593235 0.467267
0.00597343 0.4717
0.00601479 0.476133
0.00605645 0.480566
0.00609838 0.484999
0.00614061 0.489431
0.00618314 0.493863
0.00622595 0.498295
0.00626907 0.502727
0.00631248 0.507158
0.00635619 0.511589
0.0064002 0.51602
0.00644452 0.52045
0.00648915 0.52488
0.00653409 0.52931
0.00657933 0.533739
0.00662489 0.538168
0.00667077 0.542597
0.00671696 0.547025
0.00676347 0.551452
0.00681031 0.555879
0.00685747 0.560306
0.00690495 0.564732
0.00695277 0.569158
0.00700092 0.573583
0.0070494 0.578008
0.00709821 0.582432
0.00714736 0.586856
0.00719686 0.591279
0.00724669 0.595701
0.00729687 0.600123
0.0073474 0.604544
0.00739828 0.608964
0.00744951 0.613384
0.0075011 0.617803
0.00755304 0.622221
0.00760534 0.626639
0.00765801 0.631055
0.00771104 0.635471
0.00776444 0.639886
0.0078182 0.6443
0.00787234 0.648713
0.00792685 0.653125
0.00798175 0.657536
0.00803702 0.661946
0.00809267 0.666355
0.00814871 0.670763
0.00820514 0.67517
0.00826196 0.679576
0.00831917 0.683981
0.00837678 0.688384
0.00843478 0.692787
0.00849319 0.697188
0.008552 0.701587
0.00861122 0.705986
0.00867086 0.710383
0.0087309 0.714778
0.00879136 0.719172
0.00885224 0.723565
0.00891353 0.727957
0.00897526 0.732346
0.00903741 0.736735
0.00909999 0.741121
0.00916301 0.745506
0.00922646 0.74989
0.00929035 0.754271
0.00935468 0.758651
0.00941946 0.76303
0.00948469 0.767406
0.00955037 0.771781
0.0096165 0.776154
0.00968309 0.780525
0.00975014 0.784894
0.00981766 0.789262
0.00988564 0.793627
0.0099541 0.797991
0.010023 0.802353
0.0100924 0.806713
0.0101623 0.81107
0.0102327 0.815426
0.0103036 0.81978
0.0103749 0.824132
0.0104467 0.828482
0.0105191 0.832831
0.0105919 0.837177
0.0106653 0.841521
0.0107391 0.845864
0.0108135 0.850205
0.0108884 0.854544
0.0109638 0.858881
0.0110397 0.863217
0.0111161 0.867551
0.0111931 0.871883
0.0112706 0.876214
0.0113487 0.880544
0.0114273 0.884873
0.0115064 0.8892
0.0115861 0.893527
0.0116663 0.897853
0.0117471 0.902178
0.0118284 0.906503
0.0119103 0.910827
0.0119928 0.915152
0.0120759 0.919476
0.0121595 0.923801
0.0122437 0.928127
0.0123285 0.932455
0.0124138 0.936783
0.0124998 0.941113
0.0125864 0.945446
0.0126735 0.949781
0.0127613 0.95412
0.0128496 0.958462
0.0129386 0.962808
0.0130282 0.967159
0.0131184 0.971515
0.0132093 0.975877
0.0133007 0.980247
0.0133929 0.984623
0.0134856 0.989008
0.013579 0.993402
0.013673 0.997806
0.0137677 1.00222
0.013863 1.00665
0.013959 1.01109
0.0140557 1.01554
0.014153 1.02001
0.014251 1.0245
0.0143497 1.029
0.0144491 1.03353
0.0145491 1.03807
0.0146499 1.04263
0.0147513 1.04722
0.0148535 1.05184
0.0149563 1.05648
0.0150599 1.06115
0.0151642 1.06584
0.0152692 1.07057
0.0153749 1.07533
0.0154814 1.08012
0.0155886 1.08495
0.0156965 1.08982
0.0158052 1.09472
0.0159147 1.09967
0.0160249 1.10465
0.0161359 1.10967
0.0162476 1.11474
0.0163601 1.11984
0.0164734 1.12499
0.0165875 1.13018
0.0167023 1.13542
0.016818 1.14069
0.0169345 1.14601
0.0170517 1.15136
0.0171698 1.15675
0.0172887 1.16218
0.0174084 1.16765
0.017529 1.17314
0.0176503 1.17867
0.0177726 1.18422
0.0178956 1.18979
0.0180196 1.19538
0.0181443 1.20099
0.01827 1.2066
0.0183965 1.21222
0.0185239 1.21784
0.0186522 1.22346
0.0187813 1.22907
0.0189114 1.23466
0.0190423 1.24024
0.0191742 1.24579
0.019307 1.25132
0.0194407 1.25681
0.0195753 1.26226
0.0197108 1.26768
0.0198473 1.27305
0.0199848 1.27838
0.0201232 1.28365
0.0202625 1.28887
0.0204028 1.29403
0.0205441 1.29914
0.0206864 1.30418
0.0208296 1.30917
0.0209739 1.31409
0.0211191 1.31895
0.0212653 1.32375
0.0214126 1.32849
0.0215609 1.33316
0.0217102 1.33777
0.0218605 1.34231
0.0220119 1.3468
0.0221643 1.35122
0.0223178 1.35558
0.0224723 1.35989
0.022628 1.36414
0.0227846 1.36833
0.0229424 1.37247
0.0231013 1.37656
0.0232613 1.38059
0.0234223 1.38458
0.0235845 1.38851
0.0237479 1.3924
0.0239123 1.39625
0.0240779 1.40005
0.0242446 1.4038
0.0244125 1.40752
0.0245816 1.4112
0.0247518 1.41484
0.0249232 1.41844
0.0250958 1.42201
0.0252695 1.42554
0.0254445 1.42904
0.0256207 1.43251
0.0257981 1.43595
0.0259768 1.43936
0.0261567 1.44274
0.0263378 1.44609
0.0265202 1.44942
0.0267038 1.45271
0.0268887 1.45599
0.0270749 1.45924
0.0272624 1.46247
0.0274512 1.46567
0.0276413 1.46885
0.0278327 1.47201
0.0280254 1.47515
0.0282195 1.47827
0.0284149 1.48137
0.0286117 1.48445
0.0288098 1.48751
0.0290093 1.49056
0.0292102 1.49358
0.0294125 1.49659
0.0296161 1.49958
0.0298212 1.50256
0.0300277 1.50552
0.0302357 1.50846
0.030445 1.51139
0.0306559 1.51431
0.0308681 1.51721
0.0310819 1.52009
0.0312971 1.52297
0.0315139 1.52582
0.0317321 1.52867
0.0319518 1.5315
0.0321731 1.53432
0.0323959 1.53713
0.0326202 1.53992
0.0328461 1.5427
0.0330735 1.54547
0.0333026 1.54823
0.0335332 1.55098
0.0337654 1.55371
0.0339992 1.55643
0.0342346 1.55915
0.0344717 1.56185
0.0347104 1.56454
0.0349508 1.56722
0.0351928 1.56989
0.0354365 1.57254
0.0356819 1.57519
0.035929 1.57783
0.0361778 1.58045
0.0364283 1.58307
0.0366805 1.58568
0.0369345 1.58827
0.0371903 1.59086
0.0374478 1.59343
0.0377071 1.596
0.0379682 1.59855
0.0382312 1.60109
0.0384959 1.60362
0.0387625 1.60615
0.0390309 1.60866
0.0393012 1.61116
0.0395733 1.61364
0.0398474 1.61612
0.0401233 1.61859
0.0404011 1.62104
0.0406809 1.62348
0.0409626 1.62591
0.0412463 1.62832
0.0415319 1.63073
0.0418195 1.63312
0.0421091 1.63549
0.0424007 1.63786
0.0426943 1.6402
0.0429899 1.64254
0.0432876 1.64485
0.0435874 1.64715
0.0438892 1.64944
0.0441931 1.6517
0.0444991 1.65395
0.0448073 1.65619
0.0451176 1.6584
0.04543 1.66059
0.0457446 1.66276
0.0460614 1.66491
0.0463803 1.66704
0.0467015 1.66915
0.0470249 1.67123
0.0473505 1.67329
0.0476784 1.67532
0.0480086 1.67733
0.048341 1.67931
0.0486758 1.68126
0.0490128 1.68318
0.0493522 1.68507
0.049694 1.68693
0.0500381 1.68875
0.0503846 1.69055
0.0507335 1.6923
0.0510848 1.69402
0.0514385 1.69571
0.0517947 1.69735
0.0521534 1.69895
0.0525146 1.70051
0.0528782 1.70203
0.0532444 1.7035
0.0536131 1.70493
0.0539843 1.70631
0.0543582 1.70764
0.0547346 1.70891
0.0551136 1.71014
0.0554952 1.71131
0.0558795 1.71243
0.0562665 1.71349
0.0566561 1.71449
0.0570484 1.71543
0.0574435 1.71631
0.0578413 1.71712
0.0582418 1.71787
0.0586451 1.71855
0.0590512 1.71916
0.0594601 1.7197
0.0598719 1.72016
0.0602865 1.72055
0.0607039 1.72087
0.0611243 1.72111
0.0615476 1.72127
0.0619738 1.72134
0.0624029 1.72134
0.062835 1.72124
0.0632701 1.72107
0.0637083 1.7208
0.0641494 1.72044
0.0645936 1.71999
0.0650409 1.71945
0.0654913 1.71881
0.0659448 1.71808
0.0664015 1.71725
0.0668613 1.71631
0.0673243 1.71528
0.0677905 1.71415
0.0682599 1.71291
0.0687326 1.71156
0.0692086 1.71011
0.0696878 1.70855
0.0701704 1.70689
0.0706563 1.70511
0.0711456 1.70322
0.0716382 1.70122
0.0721343 1.6991
0.0726338 1.69688
0.0731368 1.69453
0.0736432 1.69208
0.0741532 1.6895
0.0746667 1.68681
0.0751837 1.684
0.0757044 1.68108
0.0762286 1.67804
0.0767565 1.67487
0.077288 1.67159
0.0778232 1.6682
0.0783621 1.66468
0.0789047 1.66104
0.0794511 1.65729
0.0800013 1.65342
0.0805553 1.64943
0.0811131 1.64533
0.0816748 1.64111
0.0822403 1.63677
0.0828098 1.63232
0.0833833 1.62775
0.0839607 1.62307
0.0845421 1.61828
0.0851275 1.61337
0.085717 1.60836
0.0863106 1.60323
0.0869082 1.598
0.0875101 1.59267
0.088116 1.58722
0.0887262 1.58168
0.0893406 1.57603
0.0899593 1.57029
0.0905822 1.56444
0.0912095 1.5585
0.0918411 1.55247
0.092477 1.54634
0.0931174 1.54012
0.0937622 1.53382
0.0944115 1.52743
0.0950653 1.52095
0.0957236 1.5144
0.0963864 1.50776
0.0970539 1.50105
0.097726 1.49426
0.0984027 1.48741
0.0990841 1.48048
0.0997702 1.47348
0.100461 1.46642
0.101157 1.4593
0.101857 1.45211
0.102563 1.44487
0.103273 1.43758
0.103988 1.43023
0.104708 1.42283
0.105433 1.41538
0.106163 1.40789
0.106898 1.40035
0.107639 1.39278
0.108384 1.38516
0.109134 1.37751
0.10989 1.36983
0.110651 1.36211
0.111417 1.35436
0.112189 1.34659
0.112966 1.33879
0.113748 1.33097
0.114536 1.32313
0.115329 1.31527
0.116127 1.30739
0.116932 1.2995
0.117741 1.29159
0.118557 1.28367
0.119378 1.27575
0.120204 1.26781
0.121037 1.25987
0.121875 1.25192
0.122719 1.24397
0.123569 1.23602
0.124424 1.22807
0.125286 1.22012
0.126153 1.21217
0.127027 1.20422
0.127907 1.19629
0.128792 1.18836
0.129684 1.18043
0.130582 1.17252
0.131486 1.16462
0.132397 1.15672
0.133314 1.14885
0.134237 1.14098
0.135167 1.13314
0.136103 1.12531
0.137045 1.11749
0.137994 1.1097
0.13895 1.10192
0.139912 1.09417
0.140881 1.08644
0.141856 1.07873
0.142838 1.07105
0.143828 1.06339
0.144824 1.05576
0.145826 1.04815
0.146836 1.04057
0.147853 1.03302
0.148877 1.0255
0.149908 1.01801
0.150946 1.01055
0.151991 1.00312
0.153044 0.995718
0.154103 0.98835
0.155171 0.981015
0.156245 0.973712
0.157327 0.966442
0.158416 0.959206
0.159513 0.952002
0.160618 0.944832
0.16173 0.937696
0.16285 0.930592
0.163978 0.923523
0.165113 0.916486
0.166257 0.909483
0.167408 0.902513
0.168567 0.895576
0.169735 0.888671
0.17091 0.881799
0.172093 0.874958
0.173285 0.868149
0.174485 0.861371
0.175693 0.854624
0.17691 0.847907
0.178135 0.841221
0.179369 0.834563
0.180611 0.827935
0.181861 0.821335
0.183121 0.814763
0.184389 0.808218
0.185666 0.8017
0.186951 0.795209
0.188246 0.788744
0.189549 0.782305
0.190862 0.775891
0.192184 0.769501
0.193514 0.763136
0.194854 0.756794
0.196204 0.750476
0.197562 0.744181
0.19893 0.737909
0.200308 0.731659
0.201695 0.725431
0.203092 0.719224
0.204498 0.713039
0.205914 0.706876
0.20734 0.700733
0.208776 0.694611
0.210222 0.688509
0.211677 0.682428
0.213143 0.676368
0.214619 0.670327
0.216105 0.664306
0.217602 0.658305
0.219109 0.652324
0.220626 0.646363
0.222154 0.640422
0.223692 0.6345
0.225241 0.628598
0.226801 0.622716
0.228371 0.616854
0.229953 0.611012
0.231545 0.60519
0.233148 0.599388
0.234763 0.593607
0.236389 0.587845
0.238025 0.582105
0.239674 0.576384
0.241333 0.570685
0.243005 0.565007
0.244687 0.55935
0.246382 0.553714
0.248088 0.548099
0.249806 0.542507
0.251536 0.536936
0.253277 0.531388
0.255031 0.525862
0.256797 0.520359
0.258576 0.514879
0.260366 0.509422
0.262169 0.503988
0.263984 0.498578
0.265813 0.493191
0.267653 0.487829
0.269507 0.482492
0.271373 0.477179
0.273252 0.471891
0.275144 0.466628
0.27705 0.461391
0.278968 0.45618
0.2809 0.450994
0.282845 0.445835
0.284804 0.440703
0.286776 0.435597
0.288762 0.430518
0.290761 0.425467
0.292775 0.420444
0.294802 0.415448
0.296843 0.410481
0.298899 0.405543
0.300969 0.400633
0.303053 0.395752
0.305151 0.3909
0.307265 0.386078
0.309392 0.381286
0.311535 0.376524
0.313692 0.371793
0.315864 0.367092
0.318052 0.362422
0.320254 0.357783
0.322472 0.353176
0.324705 0.348601
0.326953 0.344057
0.329217 0.339546
0.331497 0.335068
0.333792 0.330622
0.336104 0.32621
0.338431 0.321831
0.340775 0.317486
0.343135 0.313175
0.345511 0.308898
0.347903 0.304656
0.350312 0.300448
0.352738 0.296276
0.355181 0.29214
0.35764 0.288039
0.360117 0.283975
0.362611 0.279947
0.365122 0.275956
0.36765 0.272002
0.370196 0.268086
0.372759 0.264208
0.375341 0.260368
0.37794 0.256567
0.380557 0.252805
0.383192 0.249082
0.385846 0.2454
0.388518 0.241758
0.391208 0.238157
0.393917 0.234597
0.396645 0.23108
0.399391 0.227605
0.402157 0.224173
0.404942 0.220784
0.407746 0.21744
0.410569 0.214141
0.413413 0.210887
0.416275 0.207679
0.419158 0.204518
0.42206 0.201404
0.424983 0.198339
0.427926 0.195323
0.430889 0.192356
0.433873 0.189441
0.436877 0.186577
0.439903 0.183765
0.442949 0.181006
0.446016 0.178302
0.449105 0.175653
0.452215 0.17306
0.455346 0.170524
0.458499 0.168046
0.461674 0.165627
0.464871 0.163267
0.46809 0.160969
0.471332 0.158732
0.474596 0.156558
0.477882 0.154447
0.481191 0.1524
0.484523 0.150418
0.487879 0.148501
0.491257 0.14665
0.494659 0.144864
0.498084 0.143145
0.501533 0.141492
0.505006 0.139905
0.508503 0.138382
0.512024 0.136924
0.51557 0.13553
0.51914 0.134197
0.522735 0.132925
0.526355 0.13171
0.53 0.130551
0.53367 0.129444
0.537365 0.128386
0.541087 0.127373
0.544833 0.1264
0.548606 0.125462
0.552405 0.124553
0.55623 0.123668
0.560082 0.122797
0.563961 0.121935
0.567866 0.121071
0.571798 0.120196
0.575758 0.119298
0.579745 0.118364
0.583759 0.117381
0.587802 0.116333
0.591872 0.1152
0.595971 0.113962
0.600097 0.112596
0.604253 0.111074
0.608437 0.109368
0.61265 0.107443
0.616893 0.105264
0.621165 0.102793
0.625466 0.0999899
0.629797 0.0968174
0.634158 0.0932419
0.63855 0.0892379
0.642972 0.0847935
0.647424 0.0799145
0.651907 0.0746298
0.656422 0.0689942
0.660967 0.063089
0.665544 0.0570186
0.670153 0.0509041
0.674793 0.0448731
0.679466 0.0390484
0.684171 0.0335375
0.688909 0.0284246
0.693679 0.023766
0.698483 0.0195898
0.70332 0.0158992
0.70819 0.0126769
0.713094 0.00989128
0.718032 0.00750178
0.723004 0.00546389
0.728011 0.00373267
0.733052 0.00226527
0.738128 0.00102253
0.74324 -3.031e-05
0.748386 -0.000923354
0.753569 -0.00168221
0.758787 -0.00232835
0.764041 -0.00287955
0.769332 -0.00335043
0.77466 -0.00375287
0.780024 -0.00409652
0.785425 -0.00438918
0.790864 -0.00463711
0.796341 -0.00484536
0.801855 -0.00501799
0.807408 -0.00515827
0.812999 -0.00526886
0.818629 -0.00535194
0.824297 -0.00540927
0.830005 -0.00544236
0.835753 -0.00545246
0.84154 -0.00544064
0.847368 -0.00540786
0.853236 -0.00535495
0.859144 -0.00528267
0.865093 -0.00519172
0.871084 -0.00508278
0.877116 -0.00495645
0.88319 -0.00481335
0.889305 -0.00465406
0.895464 -0.00447916
0.901664 -0.00428919
0.907908 -0.00408473
0.914195 -0.00386631
0.920526 -0.00363449
0.9269 -0.00338981
0.933319 -0.00313279
0.939782 -0.00286398
0.946289 -0.00258391
0.952842 -0.00229309
0.95944 -0.00199207
0.966084 -0.00168134
0.972774 -0.00136143
0.97951 -0.00103284
0.986293 -0.000696076
0.993123 -0.000351633
