1e-08 1.4844136 0.84366053 -2.5768151 13.751494 1.5089297 1.7088624
1.1748975549395302e-08 1.481854 0.8394409 -2.5598624 13.634949 1.5054839 1.7012923
1.3803842646028838e-08 1.479237 0.8351501 -2.5424001 13.51663 1.5019606 1.6935941
1.6218100973589297e-08 1.4765632 0.8307871 -2.5244048 13.396516 1.4983617 1.6857651
1.9054607179632482e-08 1.4738315 0.8263509 -2.5058625 13.274589 1.4946814 1.6778038
2.2387211385683378e-08 1.4710399 0.8218403 -2.4867513 13.150832 1.4909211 1.6697088
2.6302679918953814e-08 1.4681879 0.8172542 -2.4670532 13.025223 1.4870765 1.6614789
3.090295432513592e-08 1.4652733 0.8125915 -2.4467506 12.897757 1.4831495 1.6531113
3.6307805477010175e-08 1.4622959 0.8078514 -2.4258194 12.76842 1.4791353 1.6446059
4.265795188015925e-08 1.4592537 0.8030325 -2.404236 12.637199 1.4750327 1.6359595
5.011872336272725e-08 1.4561452 0.798134 -2.3819854 12.504074 1.4708407 1.6271722
5.8884365535558836e-08 1.4529701 0.7931553 -2.3590386 12.369056 1.4665564 1.6182419
6.918309709189362e-08 1.4497254 0.7880954 -2.335374 12.2321205 1.4621801 1.6091673
8.128305161640995e-08 1.446411 0.782953 -2.3109665 12.093276 1.457708 1.5999478
9.549925860214369e-08 1.4430258 0.7777277 -2.2857926 11.952511 1.4531385 1.5905808
1.122018454301963e-07 1.4395684 0.77241844 -2.259827 11.8098345 1.448471 1.5810667
1.3182567385564074e-07 1.4360361 0.7670249 -2.2330415 11.665237 1.443702 1.5714042
1.5488166189124826e-07 1.4324282 0.76154596 -2.2054164 11.518714 1.4388309 1.5615919
1.8197008586099824e-07 1.4287431 0.7559809 -2.1769166 11.370291 1.4338548 1.5516288
2.1379620895022324e-07 1.4249797 0.7503297 -2.1475217 11.2199545 1.4287727 1.5415142
2.5118864315095823e-07 1.4211354 0.7445913 -2.1172013 11.067719 1.4235818 1.531248
2.95120922666639e-07 1.4172097 0.7387653 -2.0859292 10.913598 1.4182807 1.5208286
3.4673685045253164e-07 1.4132004 0.73285115 -2.053677 10.7576 1.4128665 1.5102565
4.0738027780411303e-07 1.4091048 0.7268485 -2.020422 10.599742 1.4073384 1.4995304
4.78630092322638e-07 1.4049238 0.7207568 -1.9861312 10.440032 1.4016933 1.4886504
5.62341325190349e-07 1.4006523 0.71457565 -1.9507831 10.278501 1.3959286 1.4776167
6.606934480075964e-07 1.3962902 0.7083047 -1.9143479 10.115157 1.3900427 1.4664283
7.762471166286927e-07 1.3918349 0.7019431 -1.876805 9.950025 1.3840331 1.4550859
9.120108393559096e-07 1.3872851 0.6954909 -1.8381271 9.78313 1.3778967 1.4435887
1.071519305237607e-06 1.382637 0.68894684 -1.7982883 9.614496 1.3716325 1.4319382
1.2589254117941661e-06 1.3778896 0.6823104 -1.757271 9.444157 1.3652369 1.4201337
1.479108388168207e-06 1.3730397 0.6755808 -1.7150517 9.272144 1.3587065 1.4081763
1.7378008287493763e-06 1.3680855 0.6687564 -1.6716104 9.098488 1.3520396 1.3960656
2.0417379446695316e-06 1.3630233 0.6618355 -1.6269324 8.923219 1.3452336 1.3838017
2.3988329190194948e-06 1.3578514 0.6548161 -1.5809978 8.746389 1.3382838 1.3713853
2.818382931264455e-06 1.3525649 0.64769477 -1.5337955 8.568032 1.3311892 1.3588169
3.3113112148259145e-06 1.3471626 0.64046806 -1.4853156 8.38819 1.3239447 1.3460957
3.890451449942805e-06 1.3416393 0.6331305 -1.4355469 8.206916 1.3165476 1.333222
4.570881896148752e-06 1.3359915 0.6256757 -1.3844861 8.024257 1.3089932 1.320194
5.370317963702533e-06 1.330216 0.6180946 -1.3321334 7.8402586 1.3012785 1.3070107
6.309573444801943e-06 1.3243066 0.61037624 -1.2784894 7.654975 1.2933977 1.2936686
7.413102413009177e-06 1.3182604 0.60250604 -1.2235618 7.468453 1.2853471 1.2801644
8.709635899560814e-06 1.3120703 0.5944662 -1.1673625 7.280755 1.2771201 1.266493
1.0232929922807536e-05 1.3057309 0.5862336 -1.109909 7.0919228 1.2687117 1.2526459
1.2022644346174132e-05 1.2992355 0.57778007 -1.0512289 6.9020047 1.260115 1.2386143
1.4125375446227555e-05 1.292576 0.5690712 -0.99135333 6.711044 1.2513223 1.2243855
1.6595869074375632e-05 1.2857448 0.56006473 -0.9303161 6.519089 1.2423254 1.2099445
1.9498445997580493e-05 1.2787328 0.55071163 -0.8681718 6.326151 1.2331151 1.1952733
2.290867652767775e-05 1.2715285 0.5409556 -0.80497473 6.1322684 1.2236826 1.1803513
2.691534803926914e-05 1.2641233 0.5307341 -0.7407848 5.9374623 1.2140157 1.1651567
3.1622776601683795e-05 1.2565057 0.5199822 -0.67568 5.741747 1.2041047 1.1496688
3.715352290971728e-05 1.248664 0.5086355 -0.60973513 5.545151 1.1939384 1.1338692
4.3651583224016654e-05 1.2405895 0.49664053 -0.5430325 5.3477325 1.1835083 1.1177487
5.128613839913659e-05 1.2322743 0.48396143 -0.47565126 5.1495767 1.1728078 1.1013108
6.0255958607435806e-05 1.2237141 0.47059408 -0.40766594 4.950844 1.1618344 1.084577
7.079457843841388e-05 1.2149122 0.45657527 -0.33913893 4.7517734 1.1505919 1.067592
8.317637711026709e-05 1.2058741 0.4419931 -0.27011088 4.552734 1.1390939 1.050426
9.772372209558111e-05 1.1966184 0.42698622 -0.20060642 4.3541737 1.1273592 1.0331707
0.0001148153621496884 1.1871691 0.4117366 -0.13062909 4.1566815 1.1154197 1.0159324
0.0001348962882591656 1.1775578 0.3964497 -0.060160246 3.9609194 1.1033126 0.9988179
0.00015848931924611142 1.1678208 0.3813296 0.0108189825 3.767569 1.0910847 0.9819214
0.00018620871366628695 1.1580001 0.36655042 0.082322374 3.5773072 1.0787829 0.96531075
0.00021877616239495564 1.1481339 0.352237 0.15434608 3.3907506 1.0664548 0.94902164
0.0002570395782768865 1.1382608 0.33845583 0.22686072 3.2084281 1.0541462 0.9330574
0.0003019951720402019 1.1284157 0.32521912 0.29978934 3.0308046 1.0418986 0.9173958
0.000354813389233576 1.1186285 0.31249955 0.37302417 2.858234 1.0297468 0.90199655
0.0004168693834703355 1.1089287 0.3002476 0.44641542 2.691004 1.0177251 0.8868139
0.0004897788193684466 1.0993432 0.28840956 0.51978254 2.5293796 1.0058647 0.8718005
0.0005754399373371578 1.0898995 0.27694035 0.59292156 2.373531 0.9941963 0.85691607
0.0006760829753919819 1.0806289 0.26581106 0.66560894 2.2236185 0.98275524 0.84212583
0.0007943282347242822 1.0715681 0.25501218 0.737608 2.0796952 0.97158015 0.8274003
0.0009332543007969925 1.0627625 0.24455205 0.8086827 1.941758 0.9607176 0.812715
0.0010964781961431873 1.0542637 0.23445305 0.87859523 1.8096621 0.95022297 0.79804456
0.001288249551693135 1.0461392 0.2247461 0.9471175 1.6831814 0.9401627 0.78336376
0.0015135612484362103 1.0384673 0.21546493 1.0140358 1.5619134 0.93061703 0.7686417
0.0017782794100389264 1.0313451 0.20664115 1.0791669 1.445358 0.92168176 0.75384074
0.0020892961308540407 1.0248897 0.19829965 1.1423554 1.332891 0.9134691 0.73891705
0.0024547089156850338 1.019238 0.19045597 1.203489 1.2238289 0.90611273 0.7238145
0.0028840315031266116 1.0145535 0.1831145 1.2625111 1.11748 0.8997682 0.70847154
0.0033884415613920273 1.0110255 0.17626718 1.3194257 1.0132295 0.89461416 0.6928152
0.003981071705534978 1.0088731 0.16989335 1.3743111 0.9106257 0.89085543 0.6767648
0.004677351412871991 1.0083436 0.16395842 1.4273227 0.8094696 0.88872373 0.66023177
0.005495408738576248 1.0097177 0.15841308 1.4787052 0.7099205 0.8884764 0.64311993
0.006456542290346563 1.0133017 0.15319267 1.5287769 0.612563 0.8903972 0.6253295
0.0075857757502918515 1.0194304 0.14821637 1.5779265 0.51846 0.8947912 0.6067554
0.008912509381337459 1.0284531 0.14338936 1.6265768 0.42918178 0.9019779 0.5872923
0.010471285480509006 1.0407245 0.13860433 1.675122 0.3467673 0.91227776 0.56683606
0.012302687708123837 1.0565795 0.13374601 1.7238524 0.27359384 0.92599565 0.54528934
0.01445439770745928 1.0763037 0.12869866 1.7728072 0.21209905 0.9433881 0.52256364
0.01698243652461746 1.100092 0.123354934 1.8216193 0.16417836 0.96462995 0.4985869
0.01995262314968883 1.1279914 0.11762652 1.869306 0.13010947 0.9897585 0.47331074
0.023442288153199275 1.1598389 0.111455224 1.9140877 0.107523255 1.0186201 0.4467216
0.02754228703338169 1.1951956 0.104820155 1.9532325 0.09199569 1.0508039 0.41885698
0.032359365692962876 1.2332857 0.09774287 1.9830031 0.079568826 1.0855792 0.38982227
0.0380189396320562 1.2729545 0.09028722 1.9987711 0.06862318 1.1218576 0.35980892
0.04466835921509635 1.3126621 0.082557164 1.9953157 0.059675183 1.1581805 0.32910424
0.052480746024977334 1.3505304 0.07469008 1.9673756 0.05371911 1.1927581 0.2980899
0.061659500186148346 1.3844364 0.06684884 1.910401 0.05038816 1.2235665 0.26723033
0.07244359600749906 1.412165 0.05921288 1.821501 0.047714897 1.2484919 0.23706765
0.08511380382023777 1.4315689 0.051974952 1.7003813 0.043724757 1.2654889 0.20823841
0.1 1.4406894 0.04534111 1.5501416 0.037921954 1.272709 0.18153419
0.1 1.4406894 0.04534111 1.5501416 0.037921954 1.272709 0.18153419
0.101 1.4408747 0.04495622 1.5400465 0.037526786 1.2727969 0.17997704
0.10200000000000001 1.4410126 0.044578314 1.5299692 0.037136354 1.2728406 0.17844738
0.10300000000000001 1.4411042 0.044207152 1.5199099 0.036746297 1.2728413 0.1769447
0.10400000000000001 1.4411504 0.043842766 1.5098741 0.0363629 1.2727997 0.17546871
0.10500000000000001 1.4411519 0.043484956 1.4998609 0.035983063 1.2727168 0.17401892
0.10600000000000001 1.4411098 0.043133616 1.4898729 0.035607785 1.2725936 0.17259523
0.10700000000000001 1.4410244 0.042788684 1.479913 0.035235222 1.2724308 0.17119707
0.10800000000000001 1.440897 0.042450022 1.4699854 0.03487187 1.2722287 0.16982417
0.10900000000000001 1.4407291 0.04211757 1.460089 0.034513853 1.2719891 0.16847627
0.11 1.4405208 0.041791245 1.4502273 0.034162667 1.2717125 0.1671529
0.111 1.4402728 0.041470848 1.4403998 0.033817325 1.271399 0.16585398
0.112 1.4399862 0.04115638 1.4306107 0.033479944 1.2710494 0.16457897
0.113 1.4396623 0.04084776 1.4208614 0.033151336 1.2706654 0.16332777
0.114 1.4393002 0.04054479 1.4111531 0.03283061 1.2702473 0.16210002
0.115 1.4389015 0.040247526 1.4014851 0.0325185 1.2697955 0.16089542
0.116 1.438467 0.0399558 1.3918617 0.032214787 1.2693102 0.15971357
0.117 1.437998 0.03966956 1.3822818 0.031919472 1.2687935 0.15855433
0.11800000000000001 1.4374937 0.039388727 1.3727496 0.031635117 1.268244 0.15741745
0.11900000000000001 1.436956 0.0391132 1.3632648 0.031360768 1.2676642 0.15630262
0.12000000000000001 1.4363849 0.038842957 1.3538278 0.031094227 1.267054 0.15520957
0.12100000000000001 1.4357817 0.03857781 1.3444389 0.030837053 1.2664135 0.15413813
0.122 1.4351454 0.03831785 1.3351029 0.030591745 1.2657442 0.15308787
0.123 1.4344782 0.0380629 1.3258171 0.030356219 1.2650455 0.15205863
0.124 1.4337801 0.037812866 1.3165828 0.030129394 1.2643187 0.15105025
0.125 1.4330513 0.03756781 1.3074015 0.029913861 1.2635641 0.15006238
0.126 1.4322921 0.03732756 1.2982763 0.029709231 1.2627828 0.14909473
0.127 1.4315046 0.037092067 1.2892036 0.029512879 1.2619752 0.14814723
0.128 1.4306874 0.036861297 1.280187 0.029328272 1.2611395 0.14721958
0.129 1.4298418 0.03663519 1.2712266 0.02915289 1.2602798 0.14631143
0.13 1.4289685 0.036413684 1.262323 0.028989308 1.2593936 0.14542267
0.131 1.4280673 0.036196705 1.2534761 0.028833158 1.2584833 0.1445531
0.132 1.4271395 0.035984166 1.2446865 0.028686479 1.257548 0.14370233
0.133 1.4261844 0.0357761 1.2359558 0.028551735 1.2565888 0.1428703
0.134 1.4252032 0.035572402 1.2272836 0.028425299 1.2556064 0.14205673
0.135 1.4241961 0.03537296 1.2186697 0.02830634 1.2546 0.14126141
0.136 1.4231642 0.03517788 1.210116 0.028197592 1.2535709 0.14048404
0.137 1.4221059 0.034986954 1.2016199 0.028097937 1.2525191 0.13972448
0.138 1.4210232 0.03480022 1.1931853 0.028005905 1.2514457 0.13898252
0.139 1.4199171 0.0346176 1.1848111 0.027920626 1.2503504 0.13825786
0.14 1.4187862 0.034439065 1.1764963 0.027846178 1.2492337 0.13755035
0.14100000000000001 1.4176314 0.034264524 1.1682432 0.02777518 1.2480953 0.13685979
0.14200000000000002 1.4164535 0.034093957 1.1600498 0.02771285 1.2469361 0.13618593
0.14300000000000002 1.4152521 0.033927336 1.151917 0.027658084 1.2457564 0.13552858
0.14400000000000002 1.4140288 0.033764653 1.1438462 0.027609507 1.2445573 0.13488746
0.14500000000000002 1.4127823 0.03360575 1.1358353 0.027565552 1.2433379 0.13426237
0.14600000000000002 1.4115131 0.033450656 1.127885 0.027528139 1.2420985 0.13365321
0.14700000000000002 1.4102236 0.03329936 1.1199969 0.027495991 1.2408398 0.1330596
0.14800000000000002 1.4089111 0.033151705 1.1121691 0.027468542 1.2395627 0.13248143
0.14900000000000002 1.4075774 0.033007775 1.1044031 0.02744723 1.2382668 0.13191853
0.15000000000000002 1.4062228 0.032867458 1.0966979 0.027427549 1.2369515 0.13137054
0.15100000000000002 1.4048482 0.03273069 1.0890533 0.027412515 1.235618 0.13083744
0.15200000000000002 1.4034514 0.03259752 1.0814686 0.027399698 1.2342666 0.13031885
0.153 1.4020354 0.032467835 1.0739462 0.02739333 1.2328982 0.1298146
0.154 1.4005983 0.0323416 1.0664825 0.027389344 1.2315121 0.12932448
0.155 1.399142 0.032218803 1.0590804 0.027385855 1.2301078 0.1288483
0.156 1.3976656 0.03209936 1.0517386 0.027384121 1.2286866 0.12838589
0.157 1.3961701 0.031983256 1.0444555 0.027385067 1.2272485 0.12793691
0.158 1.3946545 0.031870443 1.0372344 0.027388629 1.2257935 0.12750132
0.159 1.3931203 0.031760857 1.0300705 0.02739171 1.2243227 0.12707877
0.16 1.3915673 0.031654492 1.022967 0.027395586 1.2228352 0.1266691
0.161 1.3899956 0.031551313 1.0159229 0.027401479 1.2213312 0.12627208
0.162 1.3884053 0.03145124 1.0089369 0.027406776 1.2198116 0.12588754
0.163 1.3867967 0.031354256 1.0020096 0.027411435 1.2182771 0.12551525
0.164 1.3851693 0.031260315 0.9951407 0.027417202 1.2167253 0.12515494
0.165 1.3835247 0.031169381 0.9883304 0.027421543 1.215159 0.12480649
0.166 1.381862 0.031081377 0.9815768 0.02742729 1.2135776 0.1244696
0.167 1.3801817 0.030996302 0.9748808 0.027429648 1.2119809 0.12414418
0.168 1.3784837 0.030914111 0.96824217 0.027430737 1.2103696 0.12382995
0.169 1.3767686 0.030834734 0.96165955 0.027431164 1.2087427 0.12352666
0.17 1.3750358 0.030758139 0.9551335 0.027432147 1.2071018 0.12323425
0.171 1.3732858 0.030684274 0.9486633 0.027429208 1.2054462 0.12295233
0.17200000000000001 1.3715194 0.030613132 0.94224906 0.0274249 1.2037765 0.12268083
0.173 1.3697364 0.030544592 0.9358896 0.027419157 1.2020924 0.122419454
0.174 1.367936 0.030478647 0.9295849 0.027409362 1.2003944 0.12216801
0.175 1.36612 0.030415284 0.92333466 0.027398216 1.1986833 0.1219264
0.176 1.3642868 0.030354442 0.9171388 0.02738494 1.1969571 0.121694274
0.177 1.3624375 0.030296098 0.91099596 0.027369317 1.1952181 0.121471524
0.178 1.3605728 0.030240146 0.90490687 0.027350985 1.193465 0.1212579
0.179 1.3586911 0.030186605 0.89887035 0.027328024 1.1916988 0.121053234
0.18 1.3567942 0.030135369 0.8928862 0.027303895 1.1899195 0.12085732
0.181 1.3548813 0.030086404 0.8869541 0.027275793 1.1881268 0.12066996
0.182 1.3529528 0.030039717 0.88107324 0.02724633 1.1863214 0.12049091
0.183 1.3510089 0.029995201 0.8752438 0.027211566 1.1845027 0.120320015
0.184 1.3490493 0.029952835 0.8694642 0.02717473 1.1826714 0.120157175
0.185 1.3470752 0.029912638 0.8637356 0.027133927 1.180827 0.120001994
0.186 1.3450847 0.02987442 0.8580565 0.027091464 1.1789703 0.119854435
0.187 1.3430796 0.02983825 0.8524274 0.02704459 1.1771017 0.11971433
0.188 1.3410594 0.02980403 0.8468464 0.026993955 1.1752195 0.11958131
0.189 1.339025 0.029771745 0.841315 0.026940346 1.173326 0.11945539
0.19 1.336975 0.029741343 0.8358302 0.026882702 1.17142 0.11933622
0.191 1.3349108 0.029712742 0.830393 0.026821718 1.1695023 0.11922375
0.192 1.3328315 0.029685933 0.8250033 0.026758196 1.1675719 0.11911773
0.193 1.3307389 0.029660873 0.8196599 0.02669135 1.16563 0.11901802
0.194 1.3286308 0.029637469 0.8143638 0.0266197 1.1636766 0.11892439
0.195 1.3265088 0.029615767 0.80911285 0.02654537 1.1617109 0.11883668
0.196 1.3243723 0.029595595 0.8039063 0.026468674 1.159734 0.11875473
0.197 1.3222218 0.02957702 0.7987451 0.026387157 1.157745 0.11867841
0.198 1.3200581 0.029559957 0.7936286 0.026303388 1.1557454 0.11860743
0.199 1.3178798 0.029544361 0.7885558 0.026215052 1.1537342 0.1185417
0.2 1.3156877 0.02953016 0.78352684 0.026123561 1.1517113 0.11848111
0.201 1.3134819 0.029517343 0.7785406 0.026028642 1.1496779 0.118425384
0.202 1.3112627 0.029505888 0.7735967 0.025931383 1.1476333 0.1183744
0.203 1.3090296 0.029495684 0.7686942 0.0258318 1.1455774 0.11832805
0.20400000000000001 1.3067834 0.029486746 0.76383495 0.025728043 1.1435101 0.11828612
0.20500000000000002 1.3045238 0.029479014 0.7590167 0.025621489 1.1414328 0.11824842
0.20600000000000002 1.3022511 0.02947243 0.75423825 0.025511963 1.1393448 0.11821486
0.20700000000000002 1.2999649 0.029466959 0.74950016 0.025399622 1.137246 0.11818525
0.20800000000000002 1.2976658 0.0294626 0.7448027 0.025284767 1.1351361 0.118159525
0.20900000000000002 1.2953533 0.029459234 0.7401445 0.025166072 1.1330163 0.11813743
0.21000000000000002 1.2930284 0.029456869 0.73552454 0.025047014 1.1308861 0.118118905
0.21100000000000002 1.2906907 0.029455459 0.7309437 0.024922898 1.1287452 0.118103735
0.21200000000000002 1.2883402 0.029455006 0.726402 0.024797395 1.1265943 0.11809176
0.21300000000000002 1.2859769 0.029455395 0.7218965 0.024668913 1.124433 0.11808299
0.21400000000000002 1.2836008 0.02945664 0.717429 0.024538545 1.1222616 0.11807715
0.21500000000000002 1.2812129 0.029458683 0.71299803 0.024406515 1.1200802 0.118074134
0.21600000000000003 1.2788117 0.029461475 0.7086032 0.024271885 1.1178888 0.11807383
0.21700000000000003 1.2763991 0.02946498 0.7042455 0.024135133 1.1156875 0.118076116
0.21800000000000003 1.2739737 0.029469177 0.6999222 0.023997104 1.1134768 0.118080825
0.21900000000000003 1.2715364 0.029474078 0.6956346 0.023855934 1.1112561 0.11808784
0.22 1.2690871 0.02947949 0.6913814 0.023714188 1.1090258 0.11809714
0.221 1.2666256 0.029485568 0.687163 0.0235707 1.1067855 0.11810844
0.222 1.264152 0.029492158 0.6829788 0.023425344 1.1045363 0.11812172
0.223 1.2616676 0.029499304 0.6788276 0.023279436 1.1022778 0.11813689
0.224 1.25917 0.029506898 0.6747089 0.023131767 1.1000091 0.11815376
0.225 1.2566621 0.02951497 0.6706248 0.022982365 1.0977314 0.11817224
0.226 1.2541422 0.029523386 0.66657156 0.022833271 1.0954455 0.11819224
0.227 1.2516117 0.02953224 0.6625506 0.022682192 1.0931493 0.11821361
0.228 1.2490689 0.029541427 0.6585609 0.02253143 1.0908442 0.11823634
0.229 1.2465147 0.029550929 0.65460277 0.022378564 1.0885311 0.118260235
0.23 1.2439497 0.029560726 0.6506758 0.02222607 1.086208 0.11828525
0.231 1.241373 0.029570824 0.6467783 0.022073094 1.0838766 0.11831121
0.232 1.2387865 0.029581148 0.64291227 0.02191866 1.0815363 0.118338056
0.233 1.236188 0.029591635 0.6390745 0.02176492 1.0791872 0.11836578
0.234 1.2335786 0.029602354 0.63526714 0.02161115 1.0768298 0.11839421
0.23500000000000001 1.2309593 0.029613186 0.6314881 0.021458155 1.0744638 0.11842321
0.23600000000000002 1.2283283 0.029624147 0.62773764 0.021304073 1.0720891 0.11845276
0.23700000000000002 1.2256879 0.029635232 0.6240158 0.021150153 1.0697064 0.118482724
0.23800000000000002 1.2230364 0.029646398 0.6203218 0.020997379 1.0673152 0.11851311
0.23900000000000002 1.2203743 0.029657582 0.6166554 0.020844728 1.0649155 0.118543774
0.24000000000000002 1.2177024 0.029668823 0.61301583 0.02069248 1.0625082 0.11857458
0.24100000000000002 1.2150198 0.029680068 0.60940397 0.020540204 1.0600922 0.11860552
0.24200000000000002 1.2123278 0.029691279 0.6058178 0.020390263 1.0576687 0.11863651
0.24300000000000002 1.2096251 0.029702498 0.6022587 0.020240482 1.0552373 0.11866741
0.24400000000000002 1.2069128 0.029713605 0.59872407 0.020092264 1.0527978 0.11869826
0.245 1.20419 0.029724607 0.5952163 0.019944124 1.0503501 0.11872892
0.246 1.2014585 0.029735552 0.5917332 0.019797646 1.0478951 0.118759304
0.247 1.198717 0.029746382 0.5882754 0.019652937 1.0454328 0.118789345
0.248 1.1959652 0.029757027 0.58484256 0.019508794 1.0429626 0.11881902
0.249 1.1932043 0.029767537 0.5814333 0.019367123 1.0404854 0.11884819
0.25 1.1904337 0.02977785 0.57804877 0.019225864 1.0379999 0.11887693
0.251 1.1876544 0.029787991 0.57468677 0.019087985 1.0355078 0.11890506
0.252 1.1848661 0.029797884 0.5713494 0.018950671 1.033008 0.1189325
0.253 1.182068 0.02980758 0.56803447 0.018814953 1.0305017 0.11895928
0.254 1.179261 0.029817017 0.56474286 0.018682167 1.0279871 0.1189853
0.255 1.1764452 0.029826196 0.56147397 0.01855064 1.0254669 0.1190105
0.256 1.1736202 0.029835066 0.5582268 0.018421007 1.0229384 0.11903481
0.257 1.1707865 0.029843684 0.555002 0.018293524 1.0204036 0.11905822
0.258 1.1679448 0.029851949 0.5517991 0.018168809 1.0178627 0.11908066
0.259 1.1650935 0.02985993 0.5486176 0.018045919 1.0153145 0.11910203
0.26 1.1622348 0.029867563 0.54545677 0.017926035 1.0127591 0.11912235
0.261 1.1593668 0.029874837 0.5423173 0.017807357 1.0101978 0.11914155
0.262 1.1564913 0.029881753 0.53919816 0.017691439 1.0076301 0.11915962
0.263 1.1536071 0.029888278 0.53609985 0.01757771 1.0050554 0.11917645
0.264 1.1507148 0.029894438 0.533022 0.017466823 1.0024749 0.11919201
0.265 1.1478144 0.029900234 0.52996325 0.017358668 0.9998881 0.11920628
0.266 1.144907 0.029905558 0.5269248 0.017252436 0.9972946 0.11921922
0.267 1.1419908 0.02991048 0.52390575 0.017148752 0.9946961 0.11923079
0.268 1.1390672 0.029915003 0.52090573 0.01704848 0.9920904 0.11924098
0.269 1.1361355 0.029919075 0.51792496 0.016949918 0.989479 0.119249605
0.27 1.1331975 0.02992268 0.51496226 0.016853882 0.9868618 0.11925684
0.271 1.1302505 0.029925816 0.5120184 0.016761078 0.9842388 0.11926255
0.272 1.1272972 0.029928537 0.5090933 0.016670017 0.9816105 0.11926665
0.273 1.124336 0.02993076 0.5061861 0.016581971 0.97897613 0.11926914
0.274 1.1213677 0.029932503 0.5032968 0.016496083 0.9763361 0.11927009
0.275 1.1183931 0.029933749 0.5004251 0.016413031 0.97369117 0.11926931
0.276 1.115411 0.029934473 0.49757066 0.016331878 0.9710404 0.11926689
0.277 1.1124223 0.029934723 0.4947337 0.016253354 0.96838486 0.11926277
0.278 1.1094269 0.029934438 0.4919133 0.016177533 0.96572345 0.11925685
0.279 1.106424 0.029933661 0.48910952 0.016104095 0.9630569 0.11924923
0.28 1.1034149 0.029932352 0.4863233 0.016032655 0.9603857 0.119239785
0.281 1.1003994 0.029930487 0.48355293 0.015963841 0.95770925 0.11922855
0.28200000000000003 1.0973779 0.029928124 0.4807991 0.015897235 0.95502734 0.119215466
0.28300000000000003 1.0943496 0.0299252 0.47806153 0.015832542 0.95234114 0.11920049
0.28400000000000003 1.0913157 0.029921751 0.47533965 0.01576999 0.94965076 0.11918359
0.28500000000000003 1.0882753 0.029917754 0.47263336 0.0157095 0.9469548 0.119164824
0.28600000000000003 1.0852293 0.029913152 0.4699425 0.015650902 0.94425404 0.11914416
0.28700000000000003 1.0821767 0.029908027 0.4672673 0.015593917 0.94154954 0.11912157
0.28800000000000003 1.0791185 0.029902318 0.46460706 0.01553965 0.93883985 0.11909694
0.28900000000000003 1.076055 0.029896054 0.46196175 0.015486576 0.93612623 0.11907036
0.29000000000000004 1.0729852 0.029889245 0.459331 0.015435209 0.93340796 0.11904177
0.29100000000000004 1.0699105 0.029881837 0.45671585 0.015385819 0.9306857 0.11901118
0.29200000000000004 1.0668303 0.029873881 0.45411497 0.015337797 0.92795926 0.11897858
0.29300000000000004 1.0637448 0.0298653 0.45152804 0.015291293 0.925229 0.118943885
0.29400000000000004 1.0606536 0.02985616 0.4489556 0.015245598 0.9224947 0.118907176
0.29500000000000004 1.0575571 0.029846432 0.44639713 0.015202064 0.91975594 0.11886834
0.29600000000000004 1.0544567 0.029836128 0.44385222 0.015159249 0.9170142 0.118827485
0.29700000000000004 1.0513512 0.029825214 0.44132102 0.015117747 0.9142681 0.11878447
0.29800000000000004 1.0482397 0.029813744 0.4388039 0.015077199 0.9115185 0.11873935
0.29900000000000004 1.0451243 0.02980167 0.4362999 0.015038025 0.908765 0.11869213
0.30000000000000004 1.0420041 0.029789014 0.43380925 0.014999387 0.9060085 0.11864278
0.30100000000000005 1.03888 0.029775726 0.4313325 0.014962031 0.90324837 0.118591286
0.30200000000000005 1.0357504 0.029761855 0.42886806 0.01492517 0.9004851 0.11853758
0.30300000000000005 1.032617 0.029747412 0.42641675 0.014888841 0.89771825 0.11848179
0.30400000000000005 1.029479 0.029732373 0.42397803 0.014853115 0.8949483 0.118423775
0.30500000000000005 1.0263373 0.029716704 0.42155257 0.014818575 0.89217526 0.11836369
0.30600000000000005 1.0231918 0.029700475 0.41913912 0.014783794 0.88939947 0.11830129
0.30700000000000005 1.0200413 0.02968364 0.4167383 0.014750116 0.88662016 0.11823679
0.30800000000000005 1.0168871 0.029666187 0.4143496 0.014716198 0.8838379 0.11817009
0.309 1.01373 0.02964815 0.41197297 0.0146824485 0.88105315 0.11810118
0.31 1.0105687 0.02962952 0.40960842 0.014649399 0.87826586 0.11803003
0.311 1.0074037 0.02961028 0.4072559 0.01461616 0.8754757 0.11795677
0.312 1.0042356 0.029590469 0.40491542 0.014583164 0.87268275 0.11788125
0.313 1.001064 0.029570062 0.40258652 0.014550132 0.8698877 0.117803514
0.314 0.9978889 0.029549047 0.400269 0.014517062 0.86708987 0.11772358
0.315 0.99471074 0.029527431 0.39796296 0.014483805 0.8642901 0.117641404
0.316 0.99152946 0.029505234 0.39566857 0.014449799 0.8614877 0.117557004
0.317 0.9883448 0.029482424 0.3933856 0.014416545 0.8586833 0.11747045
0.318 0.98515767 0.029459061 0.3911138 0.014382657 0.85587716 0.11738165
0.319 0.98196733 0.02943509 0.3888528 0.014348967 0.85306853 0.11729061
0.32 0.97877467 0.02941055 0.38660288 0.014313988 0.85025793 0.11719731
0.321 0.9755788 0.029385403 0.3843642 0.0142796915 0.84744585 0.1171019
0.322 0.972381 0.029359695 0.3821355 0.01424417 0.8446315 0.11700419
0.323 0.96918046 0.029333381 0.37991872 0.014208483 0.84181535 0.11690427
0.324 0.9659778 0.029306488 0.37771147 0.014172338 0.83899784 0.116802186
0.325 0.9627725 0.029279018 0.37551507 0.014135458 0.8361788 0.11669786
0.326 0.9595653 0.029250985 0.37332958 0.014098089 0.8333584 0.11659132
0.327 0.95635605 0.029222388 0.37115416 0.0140597755 0.83053637 0.11648257
0.328 0.9531449 0.029193211 0.3689888 0.014021807 0.8277127 0.116371624
0.329 0.9499313 0.02916346 0.36683363 0.013982264 0.8248878 0.11625851
0.33 0.9467163 0.029133143 0.36468917 0.01394281 0.82206243 0.11614318
0.331 0.94349974 0.029102277 0.36255407 0.013902138 0.81923556 0.11602566
0.332 0.94028085 0.029070811 0.3604293 0.013861816 0.81640726 0.115905926
0.333 0.93706155 0.029038826 0.35831428 0.01381908 0.8135782 0.115784064
0.334 0.9338395 0.029006267 0.3562091 0.013777147 0.81074846 0.115660004
0.335 0.9306173 0.028973175 0.3541137 0.013733697 0.80791783 0.11553377
0.336 0.92739326 0.028939517 0.3520282 0.013690236 0.80508655 0.115405336
0.337 0.9241676 0.028905306 0.34995177 0.013645853 0.80225444 0.115274824
0.338 0.9209417 0.02887056 0.34788552 0.0136002265 0.7994218 0.115142144
0.339 0.917714 0.028835256 0.3458284 0.013554464 0.7965885 0.11500725
0.33999999999999997 0.91448635 0.028799443 0.3437806 0.013508038 0.79375494 0.11487026
0.34099999999999997 0.91125727 0.028763065 0.34174228 0.013460864 0.79092103 0.11473115
0.34199999999999997 0.9080278 0.028726164 0.33971334 0.013412233 0.78808653 0.114589915
0.34299999999999997 0.90479714 0.028688742 0.33769318 0.013364488 0.7852523 0.11444656
0.344 0.9015661 0.028650802 0.33568278 0.013315092 0.78241736 0.11430107
0.345 0.89833516 0.028612316 0.33368108 0.013265034 0.7795822 0.11415349
0.346 0.89510304 0.028573334 0.33168846 0.013214408 0.77674776 0.114003904
0.347 0.8918708 0.028533816 0.3297051 0.013163464 0.7739126 0.11385211
0.348 0.88863885 0.028493801 0.32773024 0.013111631 0.7710782 0.11369833
0.349 0.8854063 0.028453281 0.32576433 0.013059845 0.76824343 0.11354247
0.35 0.88217396 0.028412238 0.32380787 0.013006633 0.7654094 0.11338455
0.351 0.87894124 0.028370688 0.32185942 0.012953621 0.76257575 0.11322458
0.352 0.87570935 0.028328678 0.31992003 0.0129000675 0.7597421 0.11306256
0.353 0.8724772 0.028286152 0.3179891 0.012845682 0.7569088 0.11289855
0.354 0.86924547 0.028243111 0.31606686 0.0127904825 0.7540768 0.11273254
0.355 0.8660138 0.028199628 0.31415334 0.012735359 0.75124484 0.11256449
0.356 0.86278325 0.028155629 0.3122486 0.012680396 0.7484136 0.112394474
0.357 0.8595527 0.028111158 0.31035176 0.012624421 0.7455833 0.1122224
0.358 0.8563227 0.028066231 0.30846375 0.012568685 0.7427539 0.112048425
0.359 0.8530941 0.028020812 0.3065838 0.012512484 0.7399252 0.11187245
0.36 0.84986556 0.027974915 0.30471238 0.012456072 0.73709726 0.11169459
0.361 0.8466384 0.027928572 0.30284914 0.01239915 0.7342708 0.11151478
0.362 0.84341156 0.027881764 0.3009943 0.012341872 0.7314448 0.11133301
0.363 0.84018666 0.02783448 0.2991476 0.012285266 0.72862023 0.11114936
0.364 0.8369622 0.027786763 0.2973093 0.01222803 0.7257971 0.11096375
0.365 0.8337389 0.027738608 0.2954788 0.012170374 0.7229753 0.1107763
0.366 0.8305174 0.027689973 0.2936567 0.0121136885 0.72015506 0.11058698
0.367 0.82729673 0.027640926 0.29184246 0.012056311 0.7173355 0.11039577
0.368 0.82407767 0.027591426 0.29003632 0.011999141 0.7145175 0.11020268
0.369 0.82085997 0.027541488 0.28823787 0.011941759 0.7117017 0.11000777
0.37 0.81764454 0.027491113 0.28644812 0.011884956 0.70888674 0.10981108
0.371 0.81442994 0.02744033 0.28466558 0.011828138 0.70607406 0.109612525
0.372 0.81121725 0.027389128 0.28289136 0.01177135 0.70326304 0.10941217
0.373 0.80800694 0.027337477 0.28112483 0.011715253 0.7004536 0.10921007
0.374 0.8047979 0.02728543 0.2793662 0.011659451 0.6976462 0.10900618
0.375 0.80159074 0.027232967 0.27761507 0.011603444 0.69484055 0.10880053
0.376 0.7983861 0.027180117 0.2758719 0.011548014 0.69203717 0.10859309
0.377 0.79518306 0.027126843 0.27413657 0.011492895 0.68923575 0.108383946
0.378 0.7919823 0.02707316 0.27240902 0.011438065 0.68643624 0.108173124
0.379 0.78878427 0.027019098 0.27068895 0.011383747 0.683639 0.107960515
0.38 0.7855881 0.02696463 0.26897648 0.011330609 0.6808441 0.107746266
0.381 0.78239447 0.02690978 0.26727185 0.011277414 0.67805165 0.107530326
0.382 0.77920336 0.026854567 0.26557446 0.011224872 0.67526144 0.10731273
0.383 0.7760149 0.026798934 0.2638849 0.011172665 0.67247355 0.107093476
0.384 0.7728285 0.026742956 0.2622027 0.011121677 0.66968834 0.10687255
0.385 0.76964533 0.026686586 0.26052815 0.011071143 0.6669052 0.10665006
0.386 0.766465 0.02662986 0.2588611 0.011020785 0.6641249 0.106425956
0.387 0.7632872 0.026572745 0.25720125 0.010971955 0.6613473 0.106200226
0.388 0.76011235 0.02651528 0.255549 0.010923417 0.6585725 0.10597294
0.389 0.75694084 0.026457466 0.2539042 0.010875637 0.6558009 0.105744086
0.39 0.7537719 0.02639928 0.2522668 0.010828806 0.65303123 0.10551366
0.391 0.75060624 0.026340768 0.2506366 0.01078267 0.65026504 0.105281726
0.392 0.74744344 0.026281888 0.24901392 0.010737132 0.6475014 0.10504824
0.393 0.74428433 0.026222667 0.2473985 0.010692845 0.64474136 0.10481329
0.394 0.7411284 0.026163107 0.24579044 0.010649389 0.6419839 0.10457682
0.395 0.7379758 0.026103212 0.24418943 0.010606349 0.6392295 0.104338914
0.396 0.73482686 0.026042994 0.24259599 0.010564759 0.6364787 0.10409948
0.397 0.7316809 0.025982438 0.24100971 0.010523832 0.63373065 0.1038587
0.398 0.7285388 0.025921553 0.2394305 0.010484063 0.63098633 0.10361642
0.399 0.7254003 0.025860349 0.2378585 0.010445164 0.62824506 0.10337271
0.4 0.7222652 0.025798839 0.23629372 0.010407295 0.6255071 0.10312763
0.401 0.71913445 0.025736995 0.23473637 0.010370282 0.62277305 0.102881186
0.402 0.7160072 0.025674865 0.23318563 0.010334222 0.6200419 0.10263333
0.403 0.71288383 0.025612392 0.23164235 0.010298891 0.61731464 0.10238418
0.404 0.70976436 0.025549656 0.23010615 0.010264953 0.61459076 0.102133624
0.405 0.706649 0.025486588 0.22857675 0.010231829 0.6118706 0.10188176
0.406 0.7035376 0.025423244 0.22705466 0.0101996185 0.60915434 0.101628624
0.40700000000000003 0.70043033 0.025359586 0.22553971 0.01016868 0.60644174 0.10137413
0.40800000000000003 0.69732726 0.025295656 0.22403155 0.010138412 0.6037328 0.10111841
0.40900000000000003 0.69422877 0.025231417 0.22253056 0.0101093175 0.60102785 0.10086142
0.41000000000000003 0.6911343 0.02516692 0.2210365 0.010080768 0.5983269 0.10060319
0.41100000000000003 0.6880438 0.02510213 0.21954949 0.010053751 0.5956297 0.10034368
0.41200000000000003 0.6849585 0.025037061 0.21806945 0.01002755 0.5929368 0.10008301
0.41300000000000003 0.6818771 0.02497174 0.21659613 0.010002148 0.59024775 0.099821135
0.41400000000000003 0.6788004 0.024906134 0.21512997 0.009977862 0.5875627 0.09955804
0.41500000000000004 0.675728 0.02484026 0.21367066 0.00995414 0.584882 0.099293806
0.41600000000000004 0.6726609 0.024774136 0.21221817 0.009931662 0.5822055 0.09902839
0.41700000000000004 0.669598 0.024707723 0.21077259 0.009909753 0.5795332 0.09876187
0.41800000000000004 0.6665401 0.024641087 0.2093342 0.009889103 0.57686514 0.098494194
0.41900000000000004 0.66348696 0.024574168 0.20790228 0.009868777 0.5742014 0.09822542
0.42000000000000004 0.6604386 0.024507035 0.20647743 0.009849602 0.5715422 0.09795556
0.42100000000000004 0.657395 0.024439624 0.20505923 0.009831087 0.56888735 0.09768464
0.42200000000000004 0.6543565 0.024371982 0.20364796 0.009813507 0.56623703 0.09741262
0.42300000000000004 0.6513236 0.024304096 0.20224331 0.009797031 0.5635912 0.09713956
0.42400000000000004 0.64829504 0.024235995 0.20084573 0.009780659 0.5609499 0.09686549
0.42500000000000004 0.64527196 0.024167627 0.19945486 0.009765039 0.55831325 0.09659041
0.42600000000000005 0.6422541 0.02409906 0.19807059 0.009750543 0.55568117 0.096314274
0.42700000000000005 0.6392411 0.024030248 0.19669315 0.009736477 0.553054 0.09603721
0.42800000000000005 0.6362337 0.02396121 0.19532245 0.009723016 0.5504314 0.09575916
0.42900000000000005 0.633232 0.023891974 0.19395842 0.009710265 0.5478136 0.095480174
0.43000000000000005 0.630235 0.023822483 0.1926011 0.009698084 0.54520077 0.09520022
0.43100000000000005 0.6272439 0.023752807 0.1912505 0.00968651 0.54259294 0.09491936
0.43200000000000005 0.62425786 0.023682911 0.18990663 0.009675082 0.5399895 0.09463756
0.43300000000000005 0.6212778 0.023612829 0.18856938 0.009664548 0.5373913 0.094354905
0.43400000000000005 0.6183031 0.023542501 0.18723862 0.009654481 0.5347983 0.09407137
0.43500000000000005 0.6153339 0.023471987 0.18591484 0.009644781 0.53221005 0.09378693
0.43600000000000005 0.6123704 0.02340128 0.18459728 0.009635475 0.5296269 0.09350167
0.43700000000000006 0.60941285 0.023330374 0.18328674 0.009626553 0.5270492 0.093215585
0.43800000000000006 0.6064611 0.023259271 0.18198241 0.009618105 0.5244764 0.09292867
0.43900000000000006 0.603515 0.02318799 0.18068494 0.009609924 0.52190876 0.09264096
0.44000000000000006 0.60057473 0.023116507 0.17939408 0.00960178 0.51934636 0.09235246
0.44100000000000006 0.5976405 0.023044862 0.17810963 0.009594283 0.51678944 0.092063166
0.44200000000000006 0.594712 0.022973023 0.17683165 0.009586842 0.5142376 0.09177313
0.44300000000000006 0.5917898 0.022900997 0.17556036 0.009579637 0.5116911 0.09148235
0.44400000000000006 0.5888734 0.022828812 0.17429571 0.009572518 0.5091501 0.09119087
0.44500000000000006 0.5859632 0.022756457 0.1730374 0.009565815 0.5066147 0.09089861
0.44600000000000006 0.5830591 0.022683924 0.1717856 0.00955911 0.50408447 0.090605736
0.44700000000000006 0.58016115 0.022611225 0.17054027 0.009552769 0.5015599 0.09031214
0.44800000000000006 0.5772693 0.022538368 0.16930148 0.009546013 0.49904075 0.09001786
0.44900000000000007 0.57438385 0.022465345 0.16806915 0.009539629 0.49652717 0.089722924
0.45000000000000007 0.5715045 0.022392169 0.1668431 0.009533318 0.49401933 0.08942736
0.45100000000000007 0.5686316 0.022318833 0.16562365 0.0095267445 0.49151692 0.08913119
0.45199999999999996 0.56576526 0.02224536 0.16441056 0.009520342 0.48902026 0.08883436
0.45299999999999996 0.56290495 0.02217173 0.16320391 0.009513986 0.48652932 0.08853698
0.45399999999999996 0.56005144 0.022097949 0.16200376 0.0095075285 0.48404443 0.08823899
0.45499999999999996 0.5572042 0.02202404 0.16081002 0.009500491 0.48156497 0.08794044
0.45599999999999996 0.5543634 0.021949986 0.1596225 0.009494041 0.4790913 0.08764137
0.45699999999999996 0.5515293 0.02187578 0.15844132 0.00948713 0.4766235 0.087341726
0.45799999999999996 0.5487017 0.021801468 0.15726656 0.0094802845 0.47416154 0.08704154
0.45899999999999996 0.5458812 0.02172701 0.15609817 0.009472949 0.4717057 0.08674087
0.45999999999999996 0.5430667 0.02165243 0.15493593 0.009465615 0.46925545 0.08643967
0.46099999999999997 0.54025936 0.021577723 0.15378016 0.009457943 0.46681124 0.08613804
0.46199999999999997 0.53745854 0.021502892 0.15263057 0.009450434 0.46437338 0.0858359
0.46299999999999997 0.53466445 0.021427948 0.15148742 0.009442157 0.4619412 0.085533306
0.46399999999999997 0.5318773 0.021352878 0.15035045 0.009433883 0.45951533 0.085230276
0.46499999999999997 0.529097 0.021277696 0.14921975 0.009425364 0.45709532 0.08492681
0.46599999999999997 0.52632356 0.021202406 0.14809524 0.009416412 0.45468155 0.08462295
0.46699999999999997 0.5235569 0.021126999 0.14697708 0.009407219 0.4522737 0.08431865
0.46799999999999997 0.52079725 0.021051515 0.14586496 0.009397887 0.44987246 0.08401401
0.469 0.5180449 0.020975912 0.14475922 0.00938799 0.44747692 0.08370897
0.47 0.51529914 0.020900203 0.14365952 0.009377859 0.4450878 0.08340354
0.471 0.5125606 0.020824399 0.14256608 0.009367418 0.4427049 0.083097816
0.472 0.50982887 0.020748513 0.14147878 0.009356593 0.44032863 0.08279173
0.473 0.5071047 0.020672528 0.14039764 0.00934511 0.43795803 0.08248532
0.474 0.50438744 0.020596465 0.1393226 0.0093337605 0.43559423 0.082178615
0.475 0.50167733 0.020520302 0.13825355 0.009321734 0.4332366 0.081871584
0.476 0.49897406 0.02044407 0.13719086 0.009309515 0.4308853 0.08156429
0.477 0.4962786 0.020367745 0.13613409 0.009296526 0.42854044 0.08125675
0.478 0.49359015 0.020291347 0.13508357 0.009283339 0.42620212 0.080948934
0.479 0.49090874 0.02021489 0.13403897 0.009269791 0.42387038 0.08064086
0.48 0.48823482 0.020138346 0.13300034 0.009255794 0.4215447 0.08033257
0.481 0.4855685 0.020061737 0.13196781 0.009241418 0.4192256 0.08002405
0.482 0.48290944 0.019985072 0.13094135 0.009226603 0.4169132 0.07971533
0.483 0.48025736 0.01990833 0.12992094 0.009211117 0.41460755 0.07940639
0.484 0.47761306 0.019831538 0.12890634 0.009195702 0.41230804 0.07909729
0.485 0.47497612 0.019754678 0.12789795 0.009179432 0.41001546 0.07878806
0.486 0.4723467 0.019677773 0.12689525 0.009162937 0.40772933 0.078478605
0.487 0.4697245 0.019600814 0.12589867 0.009145963 0.4054498 0.07816905
0.488 0.46711007 0.019523818 0.124907956 0.00912859 0.40317687 0.07785932
0.489 0.46450308 0.019446762 0.123923175 0.009110609 0.4009109 0.077549525
0.49 0.46190393 0.019369656 0.12294429 0.009092475 0.3986514 0.077239536
0.491 0.4593119 0.019292515 0.12197127 0.009073739 0.39639872 0.07692953
0.492 0.45672792 0.019215344 0.12100408 0.0090547 0.39415282 0.07661937
0.493 0.45415133 0.019138124 0.12004266 0.009035311 0.39191347 0.076309204
0.494 0.4515825 0.019060893 0.11908719 0.009015514 0.3896808 0.07599889
0.495 0.44902107 0.018983625 0.11813759 0.008994856 0.3874553 0.07568861
0.496 0.44646752 0.018906312 0.11719369 0.008974435 0.38523632 0.07537827
0.497 0.44392177 0.018828979 0.11625564 0.0089532435 0.3830244 0.07506786
0.498 0.44138375 0.018751634 0.11532334 0.008931638 0.38081908 0.07475744
0.499 0.43885326 0.018674256 0.11439669 0.008909914 0.37862092 0.074447036
0.5 0.4363307 0.018596882 0.11347577 0.008887652 0.37642953 0.07413662
0.501 0.4338158 0.018519472 0.112560675 0.008865174 0.37424496 0.073826194
0.502 0.43130895 0.018442065 0.11165124 0.008842192 0.37206733 0.073515825
0.503 0.42881 0.018364642 0.11074751 0.00881887 0.36989662 0.0732055
0.504 0.42631868 0.018287228 0.10984945 0.0087951515 0.36773282 0.0728952
0.505 0.4238354 0.018209796 0.108956985 0.008771192 0.36557594 0.07258494
0.506 0.42135978 0.018132353 0.10807022 0.0087468205 0.36342612 0.07227477
0.507 0.4188922 0.018054923 0.10718892 0.0087224 0.3612834 0.07196468
0.508 0.41643268 0.017977485 0.10631333 0.00869742 0.35914758 0.07165469
0.509 0.41398087 0.017900072 0.105443284 0.008672238 0.35701874 0.071344756
0.51 0.41153708 0.01782265 0.10457876 0.0086470125 0.3548969 0.071034975
0.511 0.4091014 0.017745262 0.10371988 0.0086211255 0.35278222 0.07072528
0.512 0.40667352 0.017667867 0.1028664 0.008595301 0.35067442 0.070415735
0.513 0.40425378 0.017590499 0.102018565 0.008569278 0.34857395 0.07010631
0.514 0.4018421 0.017513134 0.10117605 0.008542861 0.34648016 0.06979704
0.515 0.39943832 0.017435811 0.10033912 0.008516254 0.344394 0.06948791
0.516 0.39704266 0.017358502 0.09950759 0.008489657 0.34231457 0.06917896
0.517 0.39465505 0.017281218 0.09868154 0.008462531 0.34024248 0.06887019
0.518 0.3922754 0.017203968 0.097860835 0.008435375 0.3381773 0.068561606
0.519 0.38990408 0.017126746 0.0970456 0.008408246 0.33611938 0.068253204
0.52 0.38754073 0.017049553 0.09623567 0.008380858 0.33406857 0.067944996
0.521 0.38518536 0.016972393 0.09543112 0.008353326 0.33202508 0.06763705
0.522 0.38283834 0.016895268 0.09463191 0.008325958 0.32998857 0.06732926
0.523 0.38049936 0.016818203 0.09383803 0.00829822 0.3279594 0.06702173
0.524 0.3781685 0.016741162 0.09304946 0.008270536 0.32593727 0.06671444
0.525 0.37584582 0.016664168 0.092266075 0.008242716 0.32392237 0.06640742
0.526 0.37353137 0.016587224 0.091488 0.008214884 0.32191464 0.06610061
0.527 0.37122515 0.01651032 0.09071517 0.008187057 0.3199142 0.0657941
0.528 0.3689271 0.016433474 0.08994759 0.008159271 0.31792092 0.06548785
0.529 0.366637 0.01635669 0.08918511 0.008131556 0.31593502 0.06518189
0.53 0.36435536 0.01627995 0.08842786 0.008103779 0.31395626 0.06487621
0.531 0.36208186 0.016203262 0.08767591 0.008075958 0.31198475 0.064570844
0.532 0.3598166 0.016126651 0.08692896 0.008048422 0.31002048 0.06426579
0.533 0.35755965 0.016050084 0.086187154 0.008020924 0.3080636 0.06396103
0.534 0.3553108 0.015973594 0.085450426 0.007993405 0.30611375 0.06365659
0.535 0.3530702 0.015897162 0.08471886 0.007966044 0.30417132 0.06335251
0.536 0.35083812 0.015820801 0.08399228 0.007938825 0.30223635 0.063048735
0.537 0.34861416 0.015744507 0.08327071 0.007911967 0.3003084 0.062745325
0.538 0.34639835 0.015668284 0.08255419 0.00788505 0.29838783 0.062442273
0.539 0.34419078 0.015592147 0.0818427 0.007858452 0.29647452 0.062139563
0.54 0.34199187 0.015516072 0.08113619 0.007831871 0.29456863 0.061837234
0.541 0.339801 0.015440083 0.08043464 0.0078056846 0.29266983 0.06153529
0.542 0.3376184 0.015364168 0.07973795 0.007779707 0.29077852 0.061233718
0.543 0.33544412 0.015288335 0.07904624 0.0077540255 0.28889456 0.060932554
0.544 0.33327824 0.015212592 0.07835943 0.007728458 0.28701773 0.060631756
0.545 0.3311208 0.015136924 0.07767746 0.0077033187 0.28514838 0.060331374
0.546 0.32897142 0.015061351 0.07700038 0.007678422 0.28328642 0.06003141
0.547 0.32683045 0.014985872 0.0763281 0.007653838 0.28143162 0.059731867
0.548 0.32469767 0.014910468 0.07566064 0.007629683 0.27958435 0.05943275
0.549 0.32257357 0.014835171 0.07499799 0.0076058144 0.27774417 0.059134062
0.55 0.32045755 0.014759973 0.074340105 0.00758232 0.2759114 0.058835812
0.551 0.31834987 0.014684853 0.07368696 0.0075592413 0.274086 0.058538012
0.552 0.3162506 0.014609841 0.07303857 0.0075364965 0.27226803 0.058240663
0.553 0.3141597 0.014534929 0.07239483 0.0075142346 0.2704573 0.05794377
0.554 0.31207708 0.014460124 0.07175582 0.007492346 0.268654 0.057647333
0.555 0.31000286 0.014385419 0.07112146 0.007470848 0.26685798 0.057351373
0.556 0.3079369 0.014310812 0.07049176 0.007449829 0.26506928 0.05705588
0.557 0.30587935 0.014236312 0.06986664 0.007429312 0.26328805 0.056760892
0.558 0.30383024 0.014161933 0.06924618 0.007409301 0.26151398 0.056466375
0.559 0.30178943 0.014087656 0.06863024 0.007389693 0.25974753 0.056172363
0.56 0.29975706 0.0140134925 0.06801881 0.0073706177 0.25798813 0.055878848
0.561 0.29773286 0.013939442 0.06741197 0.0073520336 0.25623628 0.055585828
0.562 0.2957171 0.013865508 0.066809595 0.0073339827 0.25449166 0.055293337
0.5630000000000001 0.2937097 0.013791685 0.06621178 0.0073164087 0.25275445 0.05500136
0.5640000000000001 0.2917107 0.013717995 0.065618426 0.0072993366 0.25102448 0.05470989
0.5650000000000001 0.28972006 0.01364442 0.06502952 0.0072828243 0.24930193 0.05441897
0.5660000000000001 0.28773767 0.013570955 0.06444495 0.0072670192 0.24758673 0.054128565
0.5670000000000001 0.2857637 0.013497619 0.06386486 0.007251576 0.2458789 0.053838708
0.5680000000000001 0.28379813 0.013424421 0.063289136 0.0072367573 0.24417838 0.05354939
0.5690000000000001 0.2818408 0.013351334 0.06271775 0.0072225654 0.24248523 0.053260628
0.5700000000000001 0.27989194 0.013278382 0.062150717 0.007208832 0.24079947 0.052972406
0.5710000000000001 0.2779513 0.013205562 0.061588008 0.0071957507 0.23912077 0.05268475
0.5720000000000001 0.27601904 0.013132882 0.061029572 0.007183183 0.23744959 0.052397653
0.5730000000000001 0.27409527 0.013060316 0.06047538 0.0071712504 0.23578584 0.052111153
0.5740000000000001 0.27217966 0.0129879 0.059925497 0.0071597854 0.23412918 0.051825207
0.5750000000000001 0.27027255 0.012915609 0.05937979 0.0071490575 0.23248012 0.051539842
0.5760000000000001 0.2683736 0.012843465 0.058838263 0.0071388115 0.2308382 0.051255044
0.5770000000000001 0.26648307 0.012771458 0.05830095 0.00712919 0.22920355 0.050970856
0.5780000000000001 0.264601 0.012699596 0.057767805 0.0071201813 0.22757635 0.050687246
0.5790000000000001 0.26272696 0.012627868 0.05723873 0.007111632 0.22595635 0.05040422
0.58 0.26086143 0.012556296 0.05671381 0.0071037556 0.2243437 0.050121836
0.581 0.25900432 0.012484866 0.056193016 0.007096518 0.22273831 0.04984002
0.582 0.2571553 0.012413575 0.055676263 0.007089748 0.22114022 0.049558803
0.583 0.25531465 0.012342439 0.05516353 0.007083564 0.21954934 0.04927823
0.584 0.25348237 0.012271459 0.054654844 0.0070779556 0.2179659 0.048998263
0.585 0.25165835 0.012200629 0.054150123 0.007072965 0.21638964 0.048718926
0.586 0.24984266 0.012129957 0.053649433 0.0070684087 0.21482068 0.0484402
0.587 0.24803515 0.012059431 0.053152673 0.0070644706 0.21325895 0.0481621
0.588 0.24623601 0.0119890645 0.052659832 0.0070611085 0.21170458 0.04788464
0.589 0.24444525 0.011918858 0.052170858 0.007058152 0.21015735 0.04760784
0.59 0.24266267 0.011848817 0.05168584 0.007055834 0.20861743 0.047331654
0.591 0.24088821 0.011778931 0.05120467 0.007053994 0.20708473 0.04705612
0.592 0.23912218 0.011709209 0.050727338 0.0070526926 0.20555918 0.046781223
0.593 0.23736438 0.011639656 0.05025383 0.0070518297 0.20404091 0.046506986
0.594 0.23561485 0.011570269 0.049784113 0.007051482 0.2025299 0.046233397
0.595 0.23387346 0.011501044 0.04931815 0.007051622 0.20102607 0.045960482
0.596 0.23214014 0.011431997 0.048855986 0.007052187 0.19952944 0.045688212
0.597 0.23041539 0.01136311 0.048397552 0.007053282 0.1980401 0.045416616
0.598 0.22869867 0.011294401 0.04794276 0.0070546577 0.19655775 0.04514567
0.599 0.22699022 0.0112258615 0.047491677 0.0070566004 0.19508275 0.044875428
0.6 0.22528994 0.011157505 0.04704428 0.007058926 0.19361494 0.04460583
0.601 0.22359781 0.011089319 0.04660051 0.0070616757 0.19215414 0.044336937
0.602 0.22191401 0.011021312 0.046160366 0.007064753 0.19070062 0.0440687
0.603 0.22023822 0.010953485 0.045723777 0.0070682657 0.18925421 0.043801162
0.604 0.21857075 0.010885836 0.045290757 0.0070720194 0.18781488 0.043534324
0.605 0.21691132 0.010818376 0.044861373 0.007076275 0.18638274 0.043268155
0.606 0.21526004 0.010751089 0.044435404 0.0070806807 0.18495765 0.043002684
0.607 0.21361697 0.010683986 0.04401294 0.007085481 0.18353982 0.042737912
0.608 0.21198197 0.010617081 0.043594047 0.0070906924 0.18212897 0.042473834
0.609 0.21035506 0.010550355 0.043178577 0.007096026 0.18072525 0.04221046
0.61 0.20873635 0.0104838135 0.0427665 0.0071016653 0.17932859 0.0419478
0.611 0.20712566 0.01041747 0.042357877 0.007107569 0.17793909 0.04168584
0.612 0.2055231 0.010351317 0.041952632 0.0071137166 0.17655645 0.041424576
0.613 0.20392856 0.010285348 0.04155076 0.007120079 0.17518105 0.041164044
0.614 0.20234218 0.010219576 0.04115227 0.0071267 0.17381264 0.04090422
0.615 0.20076376 0.010153999 0.04075705 0.007133479 0.17245123 0.040645115
0.616 0.19919346 0.010088611 0.04036519 0.0071404013 0.17109679 0.040386733
0.617 0.19763109 0.010023425 0.039976537 0.0071474425 0.16974947 0.040129077
0.618 0.19607686 0.009958433 0.0395912 0.0071546854 0.16840903 0.03987214
0.619 0.19453044 0.00989364 0.039209113 0.007162115 0.16707578 0.039615948
0.62 0.19299228 0.009829055 0.038830206 0.0071695456 0.16574925 0.03936046
0.621 0.19146195 0.009764655 0.038454488 0.0071771317 0.16442978 0.039105725
0.622 0.18993974 0.009700466 0.03808192 0.0071847136 0.16311733 0.03885172
0.623 0.18842524 0.009636477 0.037712563 0.007192432 0.16181177 0.038598463
0.624 0.18691888 0.009572686 0.03734627 0.0072001563 0.16051307 0.038345944
0.625 0.1854205 0.009509101 0.036983103 0.0072078863 0.15922125 0.038094155
0.626 0.18392994 0.009445727 0.036623023 0.0072156386 0.15793648 0.037843123
0.627 0.18244731 0.009382552 0.03626603 0.007223441 0.15665855 0.037592836
0.628 0.18097256 0.009319582 0.035912026 0.0072311396 0.15538743 0.037343297
0.629 0.17950565 0.009256821 0.035561077 0.0072389124 0.15412322 0.03709453
0.63 0.17804672 0.009194267 0.035213098 0.0072465716 0.1528658 0.036846507
0.631 0.17659564 0.009131921 0.03486811 0.007254199 0.15161528 0.036599226
0.632 0.1751523 0.009069787 0.034526076 0.007261656 0.15037157 0.036352724
0.633 0.17371689 0.00900786 0.03418697 0.0072691212 0.14913464 0.036106985
0.634 0.17228921 0.008946139 0.03385076 0.0072764494 0.14790456 0.03586201
0.635 0.17086932 0.008884632 0.033517446 0.007283569 0.14668117 0.03561778
0.636 0.16945729 0.008823339 0.033186976 0.007290624 0.14546461 0.03537434
0.637 0.16805303 0.0087622525 0.032859422 0.007297619 0.14425479 0.03513167
0.638 0.1666565 0.008701379 0.03253462 0.007304293 0.1430517 0.034889773
0.639 0.16526769 0.008640726 0.032212682 0.0073108864 0.14185536 0.03464865
0.64 0.16388658 0.008580281 0.0318935 0.007317297 0.14066577 0.034408312
0.641 0.16251326 0.008520049 0.031577058 0.0073234364 0.13948278 0.03416875
0.642 0.16114755 0.008460027 0.031263415 0.007329449 0.13830651 0.033929963
0.643 0.15978953 0.008400223 0.03095242 0.0073350826 0.13713685 0.03369197
0.644 0.1584392 0.008340637 0.030644191 0.007340633 0.13597389 0.033454753
0.645 0.1570965 0.008281258 0.030338615 0.0073458767 0.13481757 0.033218347
0.646 0.15576147 0.008222105 0.030035691 0.007350839 0.13366784 0.0329827
0.647 0.15443395 0.008163163 0.0297354 0.0073555764 0.13252476 0.032747876
0.648 0.15311411 0.008104441 0.02943777 0.007359991 0.13138828 0.03251384
0.649 0.15180181 0.00804593 0.029142689 0.0073640747 0.1302583 0.032280594
0.65 0.15049705 0.007987641 0.028850202 0.007367886 0.12913494 0.032048155
0.651 0.14919986 0.00792957 0.028560296 0.0073714466 0.12801807 0.031816516
0.652 0.14791025 0.00787171 0.028272903 0.007374609 0.12690769 0.03158569
0.653 0.14662808 0.007814073 0.027988013 0.007377437 0.12580393 0.031355653
0.654 0.14535338 0.0077566495 0.027705638 0.0073799365 0.12470663 0.03112644
0.655 0.14408627 0.0076994486 0.027425759 0.0073820883 0.12361574 0.03089803
0.656 0.1428264 0.0076424647 0.027148325 0.007383854 0.12253138 0.030670434
0.657 0.14157416 0.0075857043 0.026873332 0.007385244 0.12145346 0.030443642
0.658 0.14032924 0.0075291544 0.026600765 0.0073863035 0.120381884 0.03021768
0.659 0.13909175 0.0074728336 0.026330555 0.007386864 0.11931681 0.029992538
0.66 0.13786165 0.0074167275 0.026062803 0.0073871682 0.11825813 0.029768214
0.661 0.13663886 0.007360838 0.025797319 0.0073869526 0.11720579 0.029544711
0.662 0.1354235 0.0073051727 0.025534276 0.007386422 0.11615975 0.029322028
0.663 0.13421546 0.0072497264 0.025273483 0.0073854113 0.115120195 0.029100182
0.664 0.1330146 0.0071944976 0.025015026 0.0073839985 0.11408685 0.028879156
0.665 0.13182111 0.007139495 0.024758888 0.007382198 0.11305986 0.028658973
0.666 0.1306349 0.0070847105 0.024504965 0.007379942 0.11203916 0.028439611
0.667 0.12945591 0.0070301434 0.024253303 0.0073771453 0.11102476 0.028221091
0.668 0.12828417 0.006975806 0.024003893 0.0073740343 0.11001652 0.028003393
0.669 0.12711959 0.0069216834 0.023756683 0.0073704207 0.109014645 0.027786551
0.67 0.12596224 0.00686778 0.023511644 0.0073662624 0.1080189 0.027570546
0.671 0.124812044 0.0068141036 0.023268808 0.007361731 0.107029326 0.027355378
0.672 0.12366897 0.006760643 0.023028126 0.0073567536 0.10604601 0.027141064
0.673 0.12253302 0.0067074066 0.022789579 0.0073512476 0.1050689 0.026927587
0.674 0.12140425 0.0066543906 0.022553163 0.007345288 0.10409784 0.026714964
0.675 0.1202825 0.006601604 0.022318846 0.007338847 0.103132926 0.026503192
0.676 0.11916786 0.006549034 0.022086605 0.007331927 0.102174155 0.026292268
0.6769999999999999 0.11806036 0.0064966856 0.021856466 0.0073245466 0.10122151 0.026082207
0.6779999999999999 0.11695971 0.0064445618 0.021628378 0.0073166653 0.10027487 0.025872996
0.6789999999999999 0.11586609 0.006392658 0.021402301 0.0073082484 0.099334344 0.02566464
0.6799999999999999 0.11477948 0.0063409787 0.02117826 0.0072993613 0.09839981 0.025457142
0.6809999999999999 0.11369984 0.00628952 0.020956205 0.007289996 0.09747134 0.025250515
0.6819999999999999 0.11262716 0.0062382896 0.020736134 0.007280074 0.09654888 0.025044743
0.6829999999999999 0.111561395 0.006187277 0.020518044 0.0072696963 0.095632344 0.024839837
0.6839999999999999 0.11050247 0.006136492 0.020301886 0.007258771 0.09472182 0.024635801
0.6849999999999999 0.1094505 0.0060859253 0.020087697 0.0072473576 0.093817204 0.02443263
0.6859999999999999 0.10840536 0.006035586 0.019875415 0.0072354856 0.09291854 0.02423033
0.6869999999999999 0.10736703 0.0059854696 0.019665014 0.0072230278 0.0920258 0.0240289
0.688 0.10633548 0.005935575 0.019456515 0.007210138 0.09113897 0.02382835
0.689 0.105310835 0.005885905 0.019249873 0.007196678 0.09025795 0.023628669
0.69 0.10429291 0.005836457 0.019045135 0.0071827588 0.08938281 0.023429867
0.691 0.10328173 0.0057872375 0.018842196 0.007168288 0.08851349 0.02323194
0.692 0.10227724 0.005738237 0.018641084 0.0071533145 0.08765004 0.0230349
0.693 0.10127951 0.0056894687 0.018441776 0.007137825 0.0867923 0.022838729
0.694 0.10028839 0.005640918 0.01824429 0.007121866 0.08594035 0.02264346
0.695 0.09930395 0.0055925925 0.01804855 0.0071053645 0.08509424 0.02244906
0.696 0.098326206 0.005544492 0.017854594 0.007088369 0.08425375 0.022255557
0.697 0.09735499 0.005496616 0.017662369 0.007070824 0.083419055 0.02206293
0.698 0.09639048 0.0054489663 0.017471898 0.0070527927 0.08259003 0.021871196
0.699 0.095432416 0.0054015396 0.017283142 0.0070342734 0.081766695 0.02168035
0.7 0.09448098 0.005354339 0.017096085 0.0070152627 0.080949 0.02149041
0.701 0.09353604 0.005307362 0.016910711 0.006995706 0.080136955 0.021301351
0.702 0.092597604 0.0052606114 0.016727021 0.006975683 0.07933052 0.021113193
0.703 0.09166569 0.0052140853 0.016544996 0.006955122 0.07852969 0.020925928
0.704 0.09074017 0.0051677823 0.016364615 0.0069340635 0.077734455 0.020739561
0.705 0.08982112 0.0051217056 0.016185876 0.006912548 0.07694476 0.020554086
0.706 0.08890847 0.0050758566 0.016008744 0.006890531 0.076160625 0.020369522
0.707 0.08800219 0.005030228 0.015833238 0.00686802 0.07538201 0.020185858
0.708 0.08710231 0.0049848296 0.015659306 0.0068450044 0.07460888 0.020003093
0.709 0.08620874 0.0049396567 0.015486964 0.0068215374 0.07384124 0.01982123
0.71 0.085321516 0.0048947046 0.015316193 0.0067975656 0.07307908 0.019640274
0.711 0.08444057 0.004849981 0.015146982 0.006773164 0.07232233 0.019460225
0.712 0.083565906 0.0048054806 0.014979305 0.0067482465 0.07157102 0.019281084
0.713 0.082697496 0.004761206 0.0148131475 0.006722859 0.07082512 0.019102845
0.714 0.0818353 0.004717159 0.01464852 0.006697039 0.07008456 0.018925522
0.715 0.080979325 0.0046733352 0.014485379 0.0066707004 0.06934939 0.018749109
0.716 0.080129534 0.004629738 0.014323727 0.0066439305 0.068619564 0.0185736
0.717 0.07928591 0.004586365 0.014163569 0.0066166795 0.06789504 0.018399015
0.718 0.0784484 0.0045432183 0.014004882 0.00658905 0.06717584 0.018225327
0.719 0.077617034 0.004500294 0.013847634 0.0065609296 0.06646192 0.01805257
0.72 0.07679172 0.004457601 0.013691839 0.0065323967 0.065753244 0.017880714
0.721 0.07597247 0.0044151302 0.013537461 0.006503395 0.06504982 0.01770978
0.722 0.0751593 0.0043728864 0.013384517 0.006474004 0.06435163 0.017539762
0.723 0.07435212 0.0043308646 0.013232966 0.0064441566 0.06365859 0.017370665
0.724 0.07355092 0.0042890683 0.013082805 0.006413883 0.06297074 0.01720248
0.725 0.07275571 0.0042475 0.01293405 0.0063832393 0.06228808 0.017035212
0.726 0.07196644 0.004206156 0.012786658 0.006352166 0.06161059 0.01686887
0.727 0.07118309 0.0041650357 0.012640622 0.006320681 0.060938146 0.016703444
0.728 0.07040565 0.0041241418 0.012495937 0.006288805 0.06027083 0.016538939
0.729 0.06963411 0.0040834723 0.012352589 0.0062565575 0.059608612 0.016375355
0.73 0.06886838 0.004043028 0.012210578 0.0062239193 0.058951415 0.01621269
0.731 0.06810849 0.0040028105 0.012069885 0.006190937 0.058299277 0.01605095
0.732 0.06735444 0.0039628157 0.011930482 0.0061575407 0.057652116 0.015890127
0.733 0.06660613 0.0039230483 0.011792391 0.006123802 0.057009984 0.01573023
0.734 0.06586362 0.0038835031 0.011655586 0.006089724 0.056372814 0.015571254
0.735 0.06512679 0.0038441827 0.011520051 0.0060552754 0.05574058 0.015413202
0.736 0.06439572 0.003805088 0.011385777 0.006020503 0.055113338 0.015256073
0.737 0.0636703 0.0037662198 0.011252764 0.0059853857 0.05449096 0.015099871
0.738 0.06295057 0.0037275737 0.01112099 0.0059499713 0.053873435 0.014944587
0.739 0.062236484 0.0036891524 0.010990457 0.005914233 0.05326085 0.014790221
0.74 0.06152801 0.003650956 0.010861143 0.00587818 0.052653093 0.014636792
0.741 0.0608251 0.0036129858 0.010733047 0.0058418256 0.05205015 0.014484275
0.742 0.06012778 0.0035752393 0.010606147 0.005805164 0.05145199 0.014332684
0.743 0.059436012 0.0035377154 0.0104804505 0.005768246 0.050858654 0.014182024
0.744 0.05874974 0.0035004178 0.010355945 0.005731066 0.050270062 0.014032273
0.745 0.05806898 0.0034633446 0.010232599 0.0056935963 0.04968623 0.013883451
0.746 0.057393715 0.0034264948 0.010110433 0.005655885 0.049107105 0.013735552
0.747 0.05672386 0.0033898675 0.00998942 0.0056179287 0.048532687 0.013588575
0.748 0.05605944 0.0033534663 0.009869558 0.005579754 0.04796294 0.013442517
0.749 0.055400427 0.0033172872 0.009750824 0.005541323 0.047397878 0.013297383
0.75 0.054746784 0.003281335 0.009633224 0.005502692 0.046837438 0.013153166
0.751 0.05409851 0.0032456045 0.009516752 0.005463848 0.0462816 0.013009875
0.752 0.05345555 0.0032100982 0.009401376 0.005424812 0.04573037 0.0128675
0.753 0.052817877 0.0031748165 0.009287117 0.0053855903 0.045183714 0.012726042
0.754 0.052185517 0.003139757 0.009173949 0.0053461855 0.044641625 0.012585501
0.755 0.051558394 0.0031049221 0.009061862 0.005306619 0.04410404 0.012445879
0.756 0.05093653 0.00307031 0.00895085 0.005266899 0.043570984 0.012307174
0.757 0.050319858 0.0030359218 0.008840914 0.0052270545 0.043042406 0.012169383
0.758 0.049708366 0.0030017572 0.008732027 0.0051870514 0.04251831 0.012032507
0.759 0.049102046 0.002967814 0.008624197 0.0051469454 0.041998647 0.011896545
0.76 0.048500843 0.0029340973 0.008517407 0.005106736 0.04148343 0.011761494
0.761 0.04790479 0.002900601 0.00841165 0.005066415 0.04097259 0.011627362
0.762 0.047313806 0.002867328 0.008306921 0.005026005 0.040466156 0.011494136
0.763 0.04672789 0.0028342796 0.008203213 0.0049855425 0.03996408 0.01136182
0.764 0.046147022 0.0028014532 0.0081005115 0.0049449974 0.039466333 0.011230413
0.765 0.04557119 0.0027688511 0.0079988055 0.0049044047 0.038972925 0.011099914
0.766 0.045000307 0.002736472 0.007898098 0.004863778 0.03848381 0.010970327
0.767 0.044434424 0.0027043147 0.007798381 0.0048231524 0.03799898 0.01084164
0.768 0.043873463 0.002672383 0.007699638 0.0047824886 0.037518423 0.010713859
0.769 0.043317474 0.0026406748 0.0076018632 0.0047418363 0.037042085 0.010586978
0.77 0.042766366 0.0026091887 0.0075050555 0.004701194 0.036569968 0.010461005
0.771 0.042220127 0.002577927 0.0074092047 0.004660584 0.036102057 0.010335931
0.772 0.041678753 0.0025468904 0.0073142992 0.0046200166 0.035638295 0.010211756
0.773 0.041142195 0.0025160788 0.0072203265 0.0045794854 0.035178732 0.010088484
0.774 0.04061045 0.0024854925 0.007127291 0.0045390334 0.034723267 0.009966103
0.775 0.04008349 0.0024551314 0.0070351837 0.0044986643 0.03427193 0.009844623
0.776 0.039561294 0.0024249973 0.006943995 0.004458385 0.03382468 0.00972404
0.777 0.03904383 0.0023950883 0.006853715 0.0044182213 0.03338151 0.009604349
0.778 0.03853108 0.0023654087 0.006764336 0.0043781637 0.0329424 0.009485548
0.779 0.03802302 0.0023359582 0.0066758543 0.0043382463 0.032507315 0.00936764
0.78 0.03751961 0.002306736 0.006588262 0.0042984793 0.03207624 0.009250621
0.781 0.037020873 0.002277745 0.0065015513 0.004258869 0.031649172 0.009134494
0.782 0.036526747 0.0022489862 0.006415712 0.0042194333 0.031226052 0.009019251
0.783 0.036037203 0.0022204614 0.0063307434 0.0041801888 0.03080691 0.008904897
0.784 0.035552245 0.0021921694 0.006246632 0.0041411445 0.030391682 0.008791429
0.785 0.035071835 0.0021641154 0.006163379 0.004102316 0.02998036 0.008678843
0.786 0.03459593 0.0021363 0.006080966 0.0040637115 0.02957294 0.008567137
0.787 0.03412456 0.0021087236 0.005999393 0.0040253513 0.029169386 0.008456319
0.788 0.033657648 0.0020813912 0.0059186537 0.0039872443 0.028769687 0.008346377
0.789 0.033195186 0.002054301 0.005838733 0.003949387 0.028373804 0.008237317
0.79 0.03273717 0.0020274601 0.005759639 0.003911831 0.027981734 0.008129131
0.791 0.032283545 0.0020008686 0.0056813494 0.0038745445 0.027593464 0.008021819
0.792 0.03183432 0.0019745287 0.005603863 0.0038375538 0.02720894 0.007915388
0.793 0.03138944 0.0019484455 0.0055271746 0.003800887 0.02682818 0.007809832
0.794 0.030948898 0.0019226199 0.0054512774 0.00376454 0.026451146 0.0077051474
0.795 0.03051267 0.0018970579 0.005376157 0.0037285187 0.026077813 0.0076013366
0.796 0.030080734 0.0018717607 0.0053018094 0.003692832 0.025708174 0.0074983956
0.797 0.029653057 0.0018467339 0.005228229 0.0036574965 0.025342207 0.0073963245
0.798 0.029229626 0.0018219798 0.0051554125 0.0036225282 0.02497986 0.007295121
0.799 0.028810406 0.0017975038 0.0050833453 0.003587911 0.024621155 0.007194789
0.8 0.028395368 0.0017733105 0.005012019 0.003553668 0.024266051 0.007095324
0.801 0.027984492 0.001749403 0.0049414337 0.0035197993 0.023914522 0.006996722
0.802 0.027577778 0.0017257865 0.004871572 0.0034863064 0.02356655 0.0068989885
0.803 0.02717517 0.0017024674 0.0048024356 0.003453198 0.02322213 0.006802119
0.8039999999999999 0.02677665 0.0016794475 0.0047340137 0.0034204833 0.022881227 0.006706108
0.8049999999999999 0.026382193 0.0016567333 0.0046662963 0.0033881534 0.022543821 0.006610964
0.8059999999999999 0.025991784 0.0016343284 0.004599278 0.003356215 0.022209879 0.0065166815
0.8069999999999999 0.025605375 0.0016122403 0.004532948 0.0033246607 0.021879395 0.006423257
0.8079999999999999 0.025222968 0.0015904726 0.0044673 0.0032934977 0.02155235 0.0063306936
0.8089999999999999 0.024844527 0.0015690287 0.004402324 0.0032627187 0.021228706 0.0062389877
0.8099999999999999 0.024470018 0.001547915 0.0043380144 0.0032323168 0.020908466 0.00614814
0.8109999999999999 0.024099411 0.001527135 0.0042743618 0.003202301 0.020591574 0.006058147
0.8119999999999999 0.023732705 0.0015066927 0.004211359 0.0031726523 0.02027803 0.00596901
0.813 0.023369864 0.0014865943 0.0041489974 0.0031433653 0.019967804 0.005880725
0.814 0.023010837 0.0014668417 0.00408727 0.0031144354 0.01966088 0.0057932953
0.815 0.022655621 0.0014474373 0.0040261648 0.0030858465 0.019357232 0.005706717
0.816 0.022304194 0.001428387 0.0039656754 0.0030575916 0.01905684 0.005620985
0.817 0.021956516 0.0014096908 0.0039057923 0.003029663 0.018759683 0.005536102
0.818 0.021612566 0.001391351 0.0038465126 0.0030020438 0.018465724 0.005452068
0.819 0.02127231 0.0013733704 0.0037878205 0.0029747128 0.018174957 0.005368878
0.82 0.020935731 0.0013557485 0.0037297138 0.0029476627 0.017887343 0.0052865283
0.821 0.020602796 0.001338485 0.0036721807 0.0029208735 0.017602865 0.005205022
0.822 0.020273479 0.0013215811 0.0036152133 0.0028943329 0.017321503 0.0051243533
0.823 0.01994776 0.0013050338 0.003558807 0.0028680195 0.01704324 0.0050445213
0.824 0.019625606 0.0012888418 0.0035029512 0.00284191 0.01676804 0.0049655233
0.825 0.019306982 0.0012730019 0.0034476381 0.0028159912 0.016495895 0.0048873564
0.826 0.018991882 0.001257511 0.003392862 0.0027902368 0.016226755 0.0048100166
0.827 0.01868026 0.0012423645 0.0033386126 0.002764631 0.015960626 0.004733504
0.828 0.018372102 0.0012275574 0.0032848835 0.0027391496 0.015697474 0.0046578124
0.829 0.01806737 0.0012130835 0.0032316728 0.0027137778 0.015437281 0.0045829387
0.83 0.017766044 0.0011989368 0.0031789646 0.002688479 0.015180008 0.0045088828
0.831 0.017468115 0.0011851097 0.0031267584 0.0026632485 0.01492565 0.004435638
0.832 0.017173523 0.0011715958 0.0030750495 0.0026380569 0.014674174 0.004363203
0.833 0.016882276 0.0011583852 0.003023826 0.0026128825 0.01442557 0.004291572
0.834 0.016594317 0.0011454696 0.0029730848 0.0025877003 0.0141798 0.0042207423
0.835 0.016309649 0.0011328403 0.0029228213 0.0025625029 0.013936847 0.0041507096
0.836 0.016028233 0.0011204884 0.0028730321 0.0025372603 0.0136966985 0.00408147
0.837 0.015750047 0.0011084039 0.0028237074 0.0025119574 0.013459322 0.0040130187
0.838 0.015475074 0.0010965767 0.0027748463 0.0024865721 0.013224714 0.0039453534
0.839 0.015203285 0.0010849979 0.002726443 0.0024610895 0.012992825 0.0038784686
0.84 0.014934649 0.0010736567 0.0026784954 0.0024354942 0.012763662 0.0038123613
0.841 0.014669166 0.0010625446 0.0026309988 0.0024097757 0.012537185 0.0037470255
0.842 0.014406779 0.0010516518 0.00258395 0.0023839115 0.012313392 0.00368246
0.843 0.014147489 0.0010409699 0.0025373455 0.002357894 0.012092249 0.0036186592
0.844 0.013891283 0.0010304893 0.0024911847 0.0023317148 0.011873738 0.0035556208
0.845 0.013638121 0.001020203 0.0024454633 0.0023053617 0.01165785 0.0034933393
0.846 0.013387986 0.0010101027 0.002400182 0.0022788285 0.01144456 0.003431812
0.847 0.013140862 0.0010001812 0.0023553383 0.0022521068 0.011233851 0.003371037
0.848 0.012896733 0.0009904325 0.0023109308 0.0022251965 0.011025705 0.0033110091
0.849 0.012655566 0.0009808496 0.0022669586 0.002198093 0.010820104 0.0032517274
0.85 0.012417355 0.00097142824 0.0022234216 0.0021707928 0.010617025 0.0031931887
0.851 0.0121820755 0.000962163 0.0021803197 0.0021433004 0.010416458 0.0031353894
0.852 0.011949702 0.00095304975 0.0021376521 0.0021156159 0.010218389 0.0030783291
0.853 0.011720222 0.00094408484 0.00209542 0.0020877447 0.0100228 0.003022004
0.854 0.01149361 0.00093526643 0.0020536238 0.0020596923 0.009829663 0.0029664144
0.855 0.011269872 0.00092659076 0.0020122651 0.0020314667 0.009638972 0.0029115577
0.856 0.011048969 0.000918056 0.0019713424 0.0020030744 0.0094507085 0.0028574327
0.857 0.010830883 0.00090966065 0.0019308589 0.001974525 0.0092648575 0.0028040388
0.858 0.010615605 0.0009014039 0.0018908153 0.0019458329 0.0090814065 0.0027513755
0.859 0.010403111 0.00089328503 0.0018512127 0.0019170092 0.008900338 0.0026994413
0.86 0.010193393 0.0008853031 0.0018120543 0.0018880677 0.008721633 0.0026482362
0.861 0.009986425 0.0008774573 0.0017733392 0.0018590228 0.008545286 0.0025977604
0.862 0.009782192 0.0008697483 0.0017350705 0.0018298904 0.008371272 0.0025480133
0.863 0.009580684 0.00086217554 0.0016972492 0.0018006869 0.00819958 0.0024989939
0.864 0.009381877 0.0008547389 0.0016598792 0.0017714304 0.008030196 0.0024507036
0.865 0.009185761 0.0008474378 0.0016229603 0.0017421356 0.0078631025 0.0024031422
0.866 0.0089923125 0.000840272 0.0015864943 0.0017128246 0.007698289 0.0023563101
0.867 0.00880152 0.00083324127 0.0015504826 0.0016835122 0.0075357426 0.0023102053
0.868 0.008613362 0.0008263446 0.0015149275 0.0016542202 0.0073754457 0.0022648312
0.869 0.008427832 0.0008195803 0.0014798327 0.0016249669 0.0072173816 0.0022201848
0.87 0.008244905 0.0008129475 0.0014451961 0.0015957694 0.007061534 0.0021762662
0.871 0.008064572 0.0008064438 0.0014110209 0.0015666474 0.0069078975 0.002133076
0.872 0.0078868065 0.0008000671 0.0013773077 0.0015376186 0.00675645 0.0020906127
0.873 0.0077115963 0.0007938145 0.0013440585 0.0015087025 0.0066071767 0.0020488747
0.874 0.0075389342 0.00078768225 0.0013112744 0.0014799158 0.006460073 0.0020078619
0.875 0.0073687886 0.00078166655 0.0012789565 0.001451277 0.0063151116 0.0019675714
0.876 0.007201149 0.0007757627 0.0012471043 0.0014228002 0.0061722845 0.0019280005
0.877 0.007036006 0.00076996593 0.0012157196 0.0013945029 0.0060315756 0.0018891478
0.878 0.0068733357 0.00076427084 0.0011848019 0.0013664007 0.005892973 0.0018510097
0.879 0.006713118 0.0007586703 0.001154353 0.0013385072 0.0057564597 0.0018135813
0.88 0.006555347 0.00075315783 0.0011243712 0.0013108352 0.0056220186 0.0017768595
0.881 0.006399995 0.0007477263 0.0010948586 0.0012833991 0.0054896353 0.0017408391
0.882 0.0062470515 0.00074236805 0.0010658132 0.0012562099 0.0053592967 0.0017055137
0.883 0.0060964953 0.00073707406 0.0010372351 0.001229277 0.005230991 0.0016708769
0.884 0.005948312 0.00073183625 0.0010091235 0.001202612 0.0051046982 0.001636922
0.885 0.0058024847 0.00072664436 0.0009814779 0.0011762237 0.0049804007 0.001603641
0.886 0.005658994 0.0007214894 0.0009542976 0.0011501185 0.004858091 0.0015710248
0.887 0.005517824 0.0007163617 0.0009275815 0.001124306 0.0047377506 0.0015390646
0.888 0.005378959 0.0007112507 0.00090132776 0.001098789 0.0046193623 0.0015077498
0.889 0.0052423794 0.00070614525 0.00087553554 0.0010735746 0.0045029107 0.0014770691
0.89 0.005108065 0.0007010354 0.0008502031 0.001048667 0.004388384 0.0014470113
0.891 0.004976 0.00069591 0.00082532875 0.0010240682 0.004275763 0.0014175636
0.892 0.004846171 0.0006907582 0.0008009108 0.0009997822 0.004165034 0.0013887124
0.893 0.0047185556 0.0006855688 0.0007769467 0.0009758092 0.0040561818 0.0013604438
0.894 0.0045931353 0.0006803311 0.00075343455 0.0009521516 0.0039491905 0.001332743
0.895 0.0044698976 0.00067503407 0.0007303723 0.00092880864 0.0038440435 0.0013055942
0.896 0.004348819 0.0006696677 0.00070775754 0.0009057813 0.0037407267 0.0012789825
0.897 0.004229884 0.0006642208 0.0006855872 0.0008830669 0.0036392224 0.0012528899
0.898 0.0041130753 0.0006586833 0.0006638588 0.0008606655 0.0035395185 0.0012273001
0.899 0.003998374 0.0006530458 0.0006425698 0.00083857484 0.003441595 0.0012021956
0.9 0.0038857614 0.00064729823 0.0006217176 0.0008167932 0.0033454394 0.0011775583
0.901 0.0037752187 0.0006414323 0.00060129905 0.0007953185 0.0032510362 0.0011533707
0.902 0.0036667313 0.0006354384 0.0005813107 0.0007741471 0.0031583686 0.0011296134
0.903 0.003560278 0.00062930945 0.0005617499 0.0007532767 0.0030674206 0.0011062686
0.904 0.003455842 0.00062303746 0.0005426131 0.0007327047 0.002978177 0.0010833177
0.905 0.0033534055 0.0006166154 0.00052389794 0.0007124279 0.0028906234 0.0010607422
0.906 0.0032529493 0.00061003777 0.0005055999 0.0006924438 0.0028047422 0.001038524
0.907 0.0031544555 0.00060329796 0.0004877158 0.000672749 0.0027205194 0.0010166449
0.908 0.0030579062 0.00059639127 0.0004702426 0.00065334106 0.0026379393 0.0009950867
0.909 0.0029632845 0.00058931403 0.00045317638 0.00063421775 0.0025569869 0.0009738332
0.91 0.0028705702 0.0005820629 0.00043651392 0.00061537634 0.0024776459 0.00095286703
0.911 0.0027797502 0.0005746345 0.00042025113 0.000596815 0.002399904 0.00093217124
0.912 0.0026908002 0.0005670274 0.00040438466 0.0005785317 0.0023237406 0.0009117313
0.913 0.002603704 0.0005592405 0.00038891053 0.0005605249 0.002249144 0.00089153176
0.914 0.0025184455 0.0005512735 0.00037382488 0.0005427938 0.002176099 0.00087155914
0.915 0.0024350036 0.00054312695 0.00035912424 0.0005253371 0.0021045902 0.0008518
0.916 0.0023533648 0.0005348019 0.00034480428 0.0005081546 0.0020346022 0.0008322417
0.917 0.0022735074 0.00052630063 0.00033086157 0.0004912457 0.0019661193 0.00081287365
0.918 0.002195415 0.00051762594 0.0003172913 0.00047461092 0.0018991288 0.0007936848
0.919 0.0021190706 0.0005087818 0.0003040902 0.000458251 0.0018336145 0.0007746665
0.92 0.0020444542 0.00049977197 0.00029125373 0.000442166 0.0017695609 0.0007558101
0.921 0.0019715484 0.00049060205 0.00027877776 0.00042635744 0.0017069541 0.0007371086
0.922 0.0019003361 0.0004812779 0.00026665838 0.0004108268 0.0016457798 0.000718556
0.923 0.0018308 0.00047180598 0.0002548912 0.00039557574 0.001586022 0.0007001475
0.924 0.0017629209 0.00046219362 0.00024347185 0.00038060636 0.0015276665 0.00068187935
0.925 0.0016966822 0.00045244856 0.000232396 0.00036592063 0.0014706996 0.0006637481
0.926 0.0016320642 0.0004425794 0.00022165937 0.00035152066 0.0014151062 0.0006457527
0.927 0.0015690511 0.0004325948 0.00021125723 0.00033740915 0.0013608704 0.0006278918
0.928 0.0015076237 0.00042250467 0.00020118535 0.0003235888 0.0013079799 0.00061016623
0.929 0.001447766 0.0004123193 0.00019143909 0.00031006226 0.001256419 0.00059257704
0.93 0.0013894578 0.0004020485 0.00018201375 0.000296832 0.0012061732 0.0005751263
0.931 0.0013326826 0.0003917037 0.0001729045 0.00028390082 0.0011572285 0.00055781717
0.932 0.0012774217 0.0003812961 0.00016410687 0.00027127154 0.0011095691 0.0005406535
0.9329999999999999 0.0012236579 0.00037083725 0.00015561581 0.0002589467 0.0010631812 0.0005236398
0.9339999999999999 0.001171373 0.00036033892 0.00014742641 0.00024692863 0.0010180507 0.00050678145
0.9349999999999999 0.0011205486 0.00034981343 0.00013953386 0.00023521985 0.0009741624 0.0004900844
0.9359999999999999 0.0010711662 0.00033927299 0.00013193303 0.0002238225 0.00093150197 0.00047355547
0.9369999999999999 0.0010232095 0.0003287302 0.00012461882 0.00021273857 0.0008900549 0.0004572016
0.938 0.0009766588 0.00031819745 0.00011758623 0.00020196968 0.00084980595 0.00044103054
0.939 0.0009314964 0.00030768733 0.00011082982 0.00019151725 0.0008107402 0.00042504992
0.94 0.00088770303 0.00029721257 0.000104344406 0.0001813825 0.00077284354 0.00040926837
0.941 0.0008452613 0.00028678577 9.8124474e-05 0.00017156615 0.00073610037 0.00039369453
0.942 0.00080415275 0.0002764193 9.216493e-05 0.00016206867 0.0007004961 0.00037833693
0.943 0.0007643577 0.00026612577 8.6460095e-05 0.00015289024 0.00066601555 0.00036320477
0.944 0.00072585855 0.0002559173 8.1004415e-05 0.00014403052 0.00063264323 0.00034830708
0.945 0.0006886358 0.00024580577 7.57923e-05 0.00013548875 0.0006003642 0.0003336527
0.946 0.0006526713 0.00023580345 7.081817e-05 0.00012726389 0.0005691632 0.00031925118
0.947 0.00061794533 0.00022592164 6.6076296e-05 0.0001193545 0.00053902424 0.00030511108
0.948 0.0005844394 0.00021617145 6.156087e-05 0.00011175849 0.0005099319 0.00029124125
0.949 0.00055213395 0.00020656409 5.726618e-05 0.00010447353 0.0004818706 0.00027765037
0.95 0.00052100956 0.00019710991 5.318633e-05 9.749684e-05 0.00045482418 0.00026434704
0.951 0.0004910466 0.00018781914 4.931551e-05 9.082525e-05 0.0004287769 0.0002513391
0.952 0.00046222607 0.00017870174 4.5647743e-05 8.445501e-05 0.00040371256 0.00023863453
0.953 0.0004345277 0.00016976669 4.2177184e-05 7.838209e-05 0.00037961468 0.0002262405
0.954 0.00040793148 0.00016102297 3.8897804e-05 7.2602e-05 0.00035646698 0.00021416413
0.955 0.0003824178 0.00015247891 3.5803685e-05 6.710991e-05 0.00033425266 0.00020241202
0.956 0.00035796646 0.00014414238 3.2888787e-05 6.190048e-05 0.0003129552 0.0001909902
0.957 0.00033455665 0.00013602077 3.0147208e-05 5.6968172e-05 0.0002925578 0.00017990428
0.958 0.0003121685 0.00012812064 2.7572873e-05 5.230694e-05 0.00027304306 0.0001691592
0.959 0.00029078108 0.00012044837 2.5159865e-05 4.791046e-05 0.00025439396 0.0001587595
0.96 0.00027037348 0.00011300955 2.2902192e-05 4.377212e-05 0.000236593 0.00014870909
0.961 0.00025092502 0.00010580928 2.0793887e-05 3.9884977e-05 0.00021962267 0.00013901119
0.962 0.0002324145 9.8851946e-05 1.8829032e-05 3.6241785e-05 0.00020346529 0.00012966845
0.963 0.00021482071 9.214152e-05 1.7001741e-05 3.28351e-05 0.00018810292 0.00012068301
0.964 0.00019812224 8.568125e-05 1.5306134e-05 2.9657243e-05 0.00017351743 0.00011205628
0.965 0.00018229749 7.947379e-05 1.3736405e-05 2.6700267e-05 0.00015969071 0.000103788916
0.966 0.00016732482 7.352128e-05 1.22868205e-05 2.3956136e-05 0.00014660417 9.588113e-05
0.967 0.00015318216 6.7825116e-05 1.0951628e-05 2.1416543e-05 0.00013423951 8.833225e-05
0.968 0.00013984772 6.2386156e-05 9.7252105e-06 1.9073157e-05 0.00012257767 8.114107e-05
0.969 0.00012729914 5.720468e-05 8.601998e-06 1.6917487e-05 0.00011159996 7.430573e-05
0.97 0.00011551415 5.2280313e-05 7.5764956e-06 1.4940972e-05 0.00010128721 6.782366e-05
0.971 0.000104470266 4.7612113e-05 6.6432954e-06 1.313499e-05 9.1620095e-05 6.1691586e-05
0.972 9.414459e-05 4.3198514e-05 5.797089e-06 1.1490906e-05 8.257932e-05 5.5905635e-05
0.973 8.45145e-05 3.9037408e-05 5.0326507e-06 1.0000061e-05 7.414521e-05 5.04613e-05
0.974 7.5557e-05 3.512606e-05 4.3448777e-06 8.653841e-06 6.629805e-05 4.5353376e-05
0.975 6.72489e-05 3.1461215e-05 3.728764e-06 7.4436703e-06 5.901794e-05 4.0576037e-05
0.976 5.9566933e-05 2.8039014e-05 3.1794293e-06 6.361038e-06 5.228476e-05 3.6122838e-05
0.977 5.248767e-05 2.4855055e-05 2.6921157e-06 5.3975386e-06 4.6078363e-05 3.1986703e-05
0.978 4.598753e-05 2.190442e-05 2.2621982e-06 4.5448887e-06 4.037828e-05 2.8159977e-05
0.979 4.0042763e-05 1.9181622e-05 1.8851844e-06 3.7949444e-06 3.5164e-05 2.4634375e-05
0.98 3.4629484e-05 1.6680679e-05 1.5567296e-06 3.1397342e-06 3.0414845e-05 2.1401052e-05
0.981 2.9723691e-05 1.439511e-05 1.2726356e-06 2.5714717e-06 2.6109936e-05 1.8450597e-05
0.982 2.530121e-05 1.2317914e-05 1.0288603e-06 2.0825855e-06 2.2228314e-05 1.5773052e-05
0.983 2.133773e-05 1.0441633e-05 8.2152195e-07 1.6657344e-06 1.8748822e-05 1.33579115e-05
0.984 1.7808816e-05 8.758332e-06 6.469062e-07 1.313834e-06 1.5650208e-05 1.1194157e-05
0.985 1.4689898e-05 7.25962e-06 5.014704e-07 1.0200703e-06 1.2911051e-05 9.270253e-06
0.986 1.1956242e-05 5.936673e-06 3.8184996e-07 7.779234e-07 1.0509789e-05 7.5741928e-06
0.987 9.583015e-06 4.7802373e-06 2.8486306e-07 5.8118457e-07 8.424745e-06 6.0934813e-06
0.988 7.545249e-06 3.7806474e-06 2.0751588e-07 4.2397352e-07 6.634098e-06 4.815176e-06
0.989 5.8178393e-06 2.927842e-06 1.4700878e-07 3.007572e-07 5.115904e-06 3.7258926e-06
0.99 4.375561e-06 2.2113709e-06 1.0073976e-07 2.0636494e-07 3.848092e-06 2.8118225e-06
0.991 3.1930617e-06 1.6204194e-06 6.631047e-08 1.3600565e-07 2.8084646e-06 2.0587513e-06
0.992 2.2448742e-06 1.1438146e-06 4.1530434e-08 8.528233e-08 1.974705e-06 1.4520732e-06
0.993 1.5054086e-06 7.700416e-07 2.4421709e-08 5.0207188e-08 1.3243789e-06 9.768085e-07
0.994 9.4896205e-07 4.8725695e-07 1.3223613e-08 2.7215503e-08 8.3493507e-07 6.1762023e-07
0.995 5.497129e-07 2.833019e-07 6.3969092e-09 1.3179325e-08 4.8370975e-07 3.5882846e-07
0.996 2.8172997e-07 1.4571572e-07 2.628204e-09 5.420261e-09 2.4792823e-07 1.8442651e-07
0.997 1.18970846e-07 6.174906e-08 8.340993e-10 1.7218614e-09 1.0470707e-07 7.809663e-08
0.998 3.5284735e-08 1.837601e-08 1.6525374e-10 3.414547e-10 3.1057315e-08 2.3224317e-08
0.999 4.4148223e-09 2.306805e-09 1.0358921e-11 2.1423027e-11 3.886252e-09 2.9133838e-09
1.0 0.0 0.0 0.0 0.0 0.0 0.0
