1e-08 1.4804794 0.8131748 -10.400604 33.54236 1.5323064 1.8202212
1.1748975549395302e-08 1.4782611 0.8090871 -10.335607 33.29321 1.5290756 1.8130693
1.3803842646028838e-08 1.4760021 0.8049347 -10.268989 33.041794 1.5257808 1.8057826
1.6218100973589297e-08 1.4736992 0.80071676 -10.200706 32.788094 1.5224192 1.7983594
1.9054607179632482e-08 1.4713527 0.7964323 -10.130714 32.532097 1.5189906 1.7907966
2.2387211385683378e-08 1.468961 0.79208 -10.058957 32.273724 1.5154918 1.7830921
2.6302679918953814e-08 1.4665232 0.7876587 -9.985409 32.01292 1.5119234 1.775243
3.090295432513592e-08 1.4640386 0.7831672 -9.910005 31.749685 1.5082821 1.7672473
3.6307805477010175e-08 1.4615062 0.7786044 -9.832715 31.48392 1.5045676 1.7591015
4.265795188015925e-08 1.4589237 0.77396894 -9.753481 31.215607 1.500777 1.7508045
5.011872336272725e-08 1.4562917 0.7692597 -9.672253 30.944683 1.4969093 1.7423522
5.8884365535558836e-08 1.4536067 0.7644757 -9.588975 30.671112 1.4929628 1.7337425
6.918309709189362e-08 1.4508705 0.75961566 -9.503615 30.394829 1.4889364 1.7249734
8.128305161640995e-08 1.4480793 0.75467837 -9.416114 30.115799 1.4848267 1.7160412
9.549925860214369e-08 1.4452329 0.74966264 -9.326404 29.833942 1.4806324 1.7069443
1.122018454301963e-07 1.4423304 0.7445675 -9.234448 29.549232 1.4763527 1.6976792
1.3182567385564074e-07 1.4393698 0.7393916 -9.1402 29.26163 1.4719841 1.6882439
1.5488166189124826e-07 1.4363495 0.7341343 -9.043583 28.971048 1.4675267 1.6786357
1.8197008586099824e-07 1.4332697 0.72879404 -8.944556 28.677467 1.4629768 1.6688516
2.1379620895022324e-07 1.4301273 0.7233701 -8.843071 28.38082 1.4583318 1.6588897
2.5118864315095823e-07 1.4269212 0.71786106 -8.739059 28.081072 1.4535917 1.648747
2.95120922666639e-07 1.4236505 0.7122663 -8.632481 27.778162 1.4487523 1.6384213
3.4673685045253164e-07 1.4203128 0.70658493 -8.523272 27.472046 1.4438127 1.6279099
4.0738027780411303e-07 1.416907 0.70081544 -8.411379 27.162672 1.4387711 1.6172099
4.78630092322638e-07 1.4134319 0.6949572 -8.296749 26.850006 1.4336244 1.6063199
5.62341325190349e-07 1.4098853 0.68900925 -8.179337 26.534006 1.4283706 1.5952371
6.606934480075964e-07 1.4062659 0.6829708 -8.059085 26.214607 1.4230064 1.5839592
7.762471166286927e-07 1.4025718 0.67684036 -7.9359474 25.891792 1.417532 1.5724838
9.120108393559096e-07 1.3988014 0.6706175 -7.809873 25.5655 1.4119425 1.5608087
1.071519305237607e-06 1.3949527 0.6643004 -7.680818 25.235683 1.4062366 1.5489321
1.2589254117941661e-06 1.3910244 0.65788823 -7.548746 24.902296 1.4004116 1.5368515
1.479108388168207e-06 1.3870132 0.6513791 -7.4136147 24.565273 1.3944658 1.5245644
1.7378008287493763e-06 1.3829197 0.6447714 -7.2753954 24.224548 1.3883963 1.5120698
2.0417379446695316e-06 1.3787392 0.6380629 -7.1340632 23.880041 1.3821996 1.4993641
2.3988329190194948e-06 1.374472 0.63125074 -6.989596 23.531643 1.3758736 1.4864452
2.818382931264455e-06 1.3701141 0.62433165 -6.8419833 23.17924 1.369417 1.4733114
3.3113112148259145e-06 1.3656644 0.6173006 -6.691227 22.822622 1.3628235 1.4599588
3.890451449942805e-06 1.3611203 0.61015266 -6.53734 22.461578 1.356094 1.4463847
4.570881896148752e-06 1.3564794 0.60288006 -6.380358 22.095814 1.349224 1.4325857
5.370317963702533e-06 1.3517387 0.5954734 -6.220314 21.724916 1.342209 1.4185572
6.309573444801943e-06 1.3468953 0.587921 -6.057283 21.348362 1.335047 1.4042938
7.413102413009177e-06 1.3419458 0.58020777 -5.8913684 20.965479 1.327734 1.3897887
8.709635899560814e-06 1.3368874 0.5723143 -5.722689 20.575373 1.3202648 1.3750347
1.0232929922807536e-05 1.3317149 0.5642173 -5.5514073 20.176893 1.3126353 1.3600217
1.2022644346174132e-05 1.3264251 0.55588657 -5.377737 19.768608 1.3048401 1.3447379
1.4125375446227555e-05 1.3210112 0.5472863 -5.201926 19.348698 1.2968732 1.3291695
1.6595869074375632e-05 1.3154682 0.53837276 -5.02428 18.914927 1.2887284 1.3132999
1.9498445997580493e-05 1.3097898 0.52909505 -4.845161 18.46461 1.2803981 1.2971094
2.290867652767775e-05 1.3039685 0.51939493 -4.6649933 17.994583 1.2718732 1.2805783
2.691534803926914e-05 1.2979981 0.5092078 -4.484249 17.501253 1.2631476 1.2636831
3.1622776601683795e-05 1.2918695 0.49846703 -4.3034525 16.980764 1.2542094 1.246404
3.715352290971728e-05 1.2855762 0.48710835 -4.1231318 16.429155 1.2450529 1.2287252
4.3651583224016654e-05 1.2791128 0.4750785 -3.9438164 15.842871 1.2356706 1.210636
5.128613839913659e-05 1.2724756 0.46234503 -3.7659516 15.219183 1.2260592 1.192141
6.0255958607435806e-05 1.2656661 0.44890878 -3.5898798 14.556957 1.2162185 1.1732635
7.079457843841388e-05 1.2586902 0.43481532 -3.4157403 13.857245 1.2061578 1.1540475
8.317637711026709e-05 1.2515622 0.42016327 -3.243437 13.123987 1.1958905 1.1345592
9.772372209558111e-05 1.2443038 0.40510365 -3.0725765 12.364078 1.1854415 1.1148859
0.0001148153621496884 1.2369436 0.3898309 -2.9024904 11.587348 1.1748444 1.0951269
0.0001348962882591656 1.2295197 0.3745615 -2.7323062 10.805428 1.1641402 1.0753804
0.00015848931924611142 1.2220722 0.3595068 -2.5610082 10.030605 1.1533754 1.0557326
0.00018620871366628695 1.214645 0.34484455 -2.3876243 9.274165 1.1425976 1.0362449
0.00021877616239495564 1.2072808 0.3307 -2.2113113 8.545136 1.1318545 1.0169498
0.0002570395782768865 1.2000182 0.31713694 -2.0315201 7.849413 1.1211892 0.9978522
0.0003019951720402019 1.192893 0.30416492 -1.8480102 7.1897407 1.1106416 0.978935
0.000354813389233576 1.1859347 0.29175323 -1.6609206 6.566211 1.1002408 0.9601696
0.0004168693834703355 1.179169 0.27985135 -1.4707054 5.9771776 1.0900155 0.94152266
0.0004897788193684466 1.1726202 0.26840523 -1.2781036 5.4202013 1.0799894 0.92296493
0.0005754399373371578 1.1663094 0.25737172 -1.0840688 4.8928976 1.0701859 0.90447325
0.0006760829753919819 1.16026 0.24672505 -0.8897188 4.3934836 1.0606275 0.8860333
0.0007943282347242822 1.1544983 0.23645942 -0.6962743 3.921135 1.0513389 0.8676372
0.0009332543007969925 1.149052 0.22658752 -0.5050187 3.4760413 1.0423499 0.8492841
0.0010964781961431873 1.143957 0.21713579 -0.31723577 3.0593853 1.0336941 0.83097523
0.001288249551693135 1.1392534 0.20813847 -0.13421656 2.6731174 1.0254132 0.81271344
0.0015135612484362103 1.1349921 0.19963081 0.04280986 2.3197117 1.0175567 0.79449844
0.0017782794100389264 1.1312342 0.19164409 0.2127142 2.0018063 1.0101829 0.7763266
0.0020892961308540407 1.128051 0.18420044 0.37446263 1.7217525 1.0033629 0.758189
0.0024547089156850338 1.1255292 0.17730999 0.5272019 1.4810406 0.9971792 0.74007
0.0028840315031266116 1.1237692 0.17096977 0.6702524 1.279645 0.9917276 0.7219461
0.0033884415613920273 1.1228899 0.16516224 0.80317426 1.1153398 0.9871202 0.7037867
0.003981071705534978 1.1230259 0.15985581 0.92580384 0.9834293 0.98348284 0.6855532
0.004677351412871991 1.1243322 0.15500404 1.0382582 0.877105 0.98096025 0.66719925
0.005495408738576248 1.1269811 0.15054537 1.1410353 0.7886883 0.979711 0.64866954
0.006456542290346563 1.1311642 0.14640301 1.2349783 0.71117634 0.9799108 0.62990236
0.0075857757502918515 1.1370882 0.14248547 1.321331 0.6395317 0.981748 0.6108264
0.008912509381337459 1.1449699 0.13868877 1.4017024 0.57118773 0.98541975 0.59136343
0.010471285480509006 1.15503 0.13490067 1.477997 0.50578254 0.99112576 0.571428
0.012302687708123837 1.1674757 0.13100742 1.5522392 0.44438773 0.9990542 0.55092925
0.01445439770745928 1.1824833 0.1269027 1.6263608 0.38828117 1.009366 0.52977395
0.01698243652461746 1.200167 0.12249804 1.7017817 0.3378536 1.0221714 0.5078677
0.01995262314968883 1.2205456 0.117731325 1.7789726 0.29210863 1.0374968 0.4851252
0.023442288153199275 1.2434951 0.11257415 1.8569142 0.24918799 1.055248 0.461478
0.02754228703338169 1.2686985 0.1070333 1.932651 0.20764522 1.0751679 0.4368905
0.032359365692962876 1.2956023 0.10114672 2.0009706 0.16762699 1.0967969 0.41138038
0.0380189396320562 1.3233804 0.09497687 2.0544083 0.13135561 1.1194373 0.3850408
0.04466835921509635 1.3509163 0.08860203 2.0837162 0.10277861 1.142141 0.35806045
0.052480746024977334 1.3768272 0.08210893 2.0788233 0.08575965 1.1637179 0.3307332
0.061659500186148346 1.3995225 0.07558918 2.0304706 0.07974702 1.1827832 0.30345964
0.07244359600749906 1.4172989 0.06914115 1.9322913 0.078184135 1.1978279 0.27674037
0.08511380382023777 1.4284562 0.06288283 1.7832049 0.073900126 1.2073162 0.25116915
0.1 1.4313753 0.056972083 1.5895303 0.06326255 1.2097579 0.22742154
0.1 1.4313753 0.056972083 1.5895303 0.06326255 1.2097579 0.22742154
0.101 1.4312508 0.056623057 1.5763993 0.062383424 1.2096457 0.22603159
0.10200000000000001 1.4310898 0.05627964 1.5632923 0.061499387 1.2095023 0.22466521
0.10300000000000001 1.4308946 0.05594173 1.5502045 0.06059389 1.2093289 0.22332177
0.10400000000000001 1.4306636 0.055609234 1.5371484 0.05968082 1.2091248 0.22200106
0.10500000000000001 1.4303994 0.055282097 1.5241296 0.05875769 1.2088914 0.22070271
0.10600000000000001 1.430103 0.05496033 1.511145 0.057823878 1.2086303 0.21942633
0.10700000000000001 1.4297727 0.054643717 1.4982053 0.05688256 1.2083403 0.21817157
0.10800000000000001 1.4294119 0.054332305 1.4853123 0.055933718 1.208022 0.21693811
0.10900000000000001 1.4290197 0.054025993 1.472469 0.054976977 1.2076774 0.2157254
0.11 1.4285954 0.05372468 1.4596823 0.054014355 1.2073059 0.21453342
0.111 1.428142 0.053428378 1.4469557 0.053051293 1.2069085 0.21336168
0.112 1.4276593 0.053136922 1.4342899 0.052085854 1.2064853 0.2122099
0.113 1.4271466 0.052850366 1.4216899 0.051117945 1.2060367 0.21107762
0.114 1.4266067 0.05256862 1.4091593 0.050152443 1.2055633 0.20996477
0.115 1.4260381 0.05229153 1.3966994 0.04918269 1.2050663 0.20887095
0.116 1.4254417 0.05201917 1.3843163 0.048219357 1.2045445 0.20779577
0.117 1.4248192 0.05175139 1.3720092 0.047255654 1.2039996 0.20673907
0.11800000000000001 1.4241697 0.051488172 1.3597836 0.046298258 1.203432 0.20570044
0.11900000000000001 1.423494 0.051229455 1.3476377 0.045341518 1.2028408 0.20467965
0.12000000000000001 1.4227926 0.050975177 1.3355815 0.044396568 1.2022281 0.20367637
0.12100000000000001 1.4220662 0.05072528 1.3236104 0.043459762 1.2015932 0.20269053
0.122 1.4213148 0.05047977 1.3117281 0.042527374 1.2009367 0.2017216
0.123 1.420539 0.050238516 1.299939 0.04160739 1.2002585 0.20076944
0.124 1.4197397 0.05000147 1.2882421 0.040696293 1.1995605 0.19983375
0.125 1.4189162 0.04976859 1.2766405 0.03979871 1.1988419 0.19891432
0.126 1.4180698 0.049539924 1.2651356 0.038911093 1.1981024 0.19801085
0.127 1.4172009 0.04931521 1.2537283 0.03804287 1.1973425 0.19712314
0.128 1.4163083 0.049094606 1.2424227 0.037184875 1.1965638 0.19625098
0.129 1.4153936 0.048877962 1.2312142 0.03634168 1.1957663 0.19539392
0.13 1.4144582 0.048665237 1.2201138 0.035520397 1.1949494 0.19455193
0.131 1.4135002 0.048456356 1.2091111 0.034710746 1.1941134 0.19372474
0.132 1.4125217 0.048251286 1.1982133 0.03392408 1.1932591 0.19291203
0.133 1.4115214 0.04805005 1.1874223 0.033158254 1.1923866 0.19211368
0.134 1.4105009 0.04785249 1.1767383 0.032411758 1.1914966 0.19132942
0.135 1.4094602 0.04765869 1.1661595 0.03168796 1.1905884 0.19055898
0.136 1.4083985 0.047468435 1.1556882 0.030986998 1.1896636 0.18980221
0.137 1.4073178 0.047281764 1.1453257 0.030312061 1.1887206 0.18905887
0.138 1.4062167 0.04709866 1.1350715 0.029660808 1.1877612 0.18832877
0.139 1.4050964 0.04691904 1.1249273 0.02903573 1.1867851 0.18761165
0.14 1.4039581 0.046742823 1.1148928 0.028438918 1.1857927 0.18690735
0.14100000000000001 1.4027997 0.046570025 1.1049656 0.027868165 1.1847832 0.18621565
0.14200000000000002 1.4016228 0.04640057 1.0951514 0.02732559 1.1837581 0.18553635
0.14300000000000002 1.4004276 0.0462344 1.0854435 0.026813855 1.1827172 0.18486932
0.14400000000000002 1.3992137 0.046071462 1.075851 0.026331788 1.1816608 0.18421419
0.14500000000000002 1.3979824 0.04591174 1.0663673 0.02587926 1.1805885 0.18357092
0.14600000000000002 1.3967332 0.04575519 1.0569923 0.02545838 1.179501 0.18293929
0.14700000000000002 1.3954661 0.045601763 1.0477288 0.025067741 1.1783984 0.18231907
0.14800000000000002 1.3941813 0.045451354 1.0385756 0.024707643 1.1772805 0.18171017
0.14900000000000002 1.392879 0.04530397 1.0295324 0.024379559 1.1761479 0.18111224
0.15000000000000002 1.3915604 0.045159597 1.020599 0.024083482 1.1750009 0.1805252
0.15100000000000002 1.3902249 0.045018084 1.0117726 0.023815721 1.1738391 0.17994885
0.15200000000000002 1.3888719 0.04487947 1.0030571 0.023579676 1.172663 0.1793831
0.153 1.3875027 0.0447437 0.994451 0.023376206 1.171473 0.17882763
0.154 1.3861169 0.0446107 0.9859522 0.023196457 1.170269 0.17828241
0.155 1.3847146 0.044480473 0.97756124 0.023049487 1.1690501 0.1777471
0.156 1.3832958 0.044352904 0.9692785 0.022929456 1.1678188 0.17722169
0.157 1.3818617 0.044227995 0.9611027 0.02283379 1.1665725 0.17670588
0.158 1.3804109 0.04410569 0.9530308 0.022765858 1.1653138 0.1761996
0.159 1.3789454 0.043985955 0.94506615 0.022720939 1.1640412 0.17570269
0.16 1.3774637 0.043868713 0.9372077 0.022700295 1.1627553 0.17521492
0.161 1.3759658 0.04375392 0.9294524 0.022700457 1.1614563 0.1747362
0.162 1.3744534 0.04364158 0.9217995 0.022719398 1.1601441 0.1742662
0.163 1.3729248 0.043531597 0.91425145 0.022756672 1.1588196 0.17380507
0.164 1.3713816 0.04342396 0.906803 0.022812521 1.1574816 0.17335239
0.165 1.3698232 0.043318603 0.89945716 0.022882706 1.1561315 0.17290817
0.166 1.3682497 0.04321549 0.8922126 0.022966696 1.1547679 0.17247213
0.167 1.3666617 0.043114565 0.88506675 0.023061572 1.1533918 0.17204425
0.168 1.3650584 0.043015804 0.87802047 0.02317113 1.1520044 0.17162421
0.169 1.3634409 0.042919133 0.8710708 0.02328881 1.1506037 0.17121202
0.17 1.3618088 0.042824555 0.8642187 0.023415528 1.1491907 0.17080745
0.171 1.3601611 0.04273199 0.85746247 0.02354923 1.147766 0.17041032
0.17200000000000001 1.3585002 0.042641357 0.8507998 0.023689441 1.1463292 0.17002068
0.173 1.3568249 0.042552695 0.8442335 0.02383387 1.1448804 0.1696382
0.174 1.3551347 0.042465933 0.83775735 0.023981653 1.143419 0.1692627
0.175 1.3534309 0.04238101 0.83137614 0.024133073 1.1419466 0.16889428
0.176 1.3517126 0.042297874 0.82508534 0.024285108 1.1404624 0.16853254
0.177 1.3499806 0.042216513 0.8188837 0.024439618 1.1389663 0.16817753
0.178 1.3482349 0.042136896 0.81277275 0.024591891 1.1374586 0.16782904
0.179 1.3464754 0.042058915 0.80674976 0.024743795 1.1359389 0.16748694
0.18 1.3447019 0.04198262 0.8008121 0.024895897 1.1344085 0.16715108
0.181 1.3429143 0.041907877 0.7949601 0.025044866 1.1328664 0.16682136
0.182 1.3411132 0.041834705 0.7891932 0.025189482 1.1313131 0.16649769
0.183 1.3392987 0.04176304 0.78351134 0.025330393 1.1297483 0.16617982
0.184 1.3374709 0.041692846 0.7779116 0.025468482 1.1281724 0.16586772
0.185 1.335629 0.041624133 0.77239406 0.025599625 1.1265854 0.16556121
0.186 1.3337741 0.041556768 0.7669557 0.0257299 1.1249876 0.16526027
0.187 1.3319064 0.041490745 0.76159567 0.025850443 1.1233782 0.1649647
0.188 1.3300247 0.041426085 0.756316 0.025966855 1.1217582 0.16467431
0.189 1.3281304 0.0413627 0.7511118 0.026078712 1.1201276 0.16438912
0.19 1.3262227 0.041300505 0.74598515 0.0261815 1.1184856 0.16410892
0.191 1.3243021 0.041239537 0.74093366 0.026276307 1.1168327 0.16383366
0.192 1.3223686 0.041179728 0.7359554 0.026364686 1.1151694 0.16356315
0.193 1.3204218 0.041121062 0.7310499 0.026448488 1.1134961 0.1632973
0.194 1.3184623 0.0410635 0.7262156 0.02652362 1.1118114 0.1630359
0.195 1.3164898 0.041006956 0.72145355 0.026591348 1.1101161 0.16277906
0.196 1.3145049 0.040951442 0.71675915 0.02664988 1.1084105 0.1625265
0.197 1.3125072 0.04089693 0.7121327 0.02670151 1.1066947 0.16227816
0.198 1.3104969 0.040843368 0.7075731 0.02674625 1.1049684 0.16203395
0.199 1.308474 0.040790696 0.7030816 0.026781827 1.1032312 0.16179372
0.2 1.3064382 0.040738963 0.69865525 0.026806107 1.1014845 0.16155738
0.201 1.3043898 0.040688004 0.6942905 0.026829071 1.0997268 0.16132478
0.202 1.3023295 0.040637933 0.6899915 0.02683925 1.0979598 0.16109593
0.203 1.3002561 0.04058862 0.68575245 0.026844963 1.0961819 0.16087061
0.20400000000000001 1.2981713 0.04054007 0.6815739 0.026839033 1.094394 0.16064876
0.20500000000000002 1.2960737 0.04049225 0.67745596 0.026825188 1.0925962 0.16043027
0.20600000000000002 1.293964 0.04044507 0.6733973 0.026805561 1.090788 0.16021515
0.20700000000000002 1.2918423 0.0403986 0.6693951 0.026775079 1.0889707 0.16000308
0.20800000000000002 1.2897084 0.04035277 0.66544914 0.026739946 1.0871428 0.15979417
0.20900000000000002 1.2875618 0.04030752 0.6615586 0.026697207 1.0853056 0.15958819
0.21000000000000002 1.2854046 0.04026282 0.6577233 0.026643878 1.0834581 0.1593851
0.21100000000000002 1.2832344 0.04021869 0.6539409 0.026584428 1.0816013 0.15918484
0.21200000000000002 1.2810525 0.040175095 0.6502115 0.02651851 1.0797337 0.1589872
0.21300000000000002 1.2788585 0.040131975 0.6465332 0.026443822 1.0778574 0.15879227
0.21400000000000002 1.2766535 0.04008934 0.6429046 0.02636288 1.0759712 0.15859975
0.21500000000000002 1.2744366 0.040047105 0.6393264 0.026274828 1.0740756 0.15840973
0.21600000000000003 1.272207 0.040005326 0.63579756 0.026180824 1.0721705 0.15822208
0.21700000000000003 1.2699666 0.039963897 0.6323144 0.026078828 1.0702559 0.1580366
0.21800000000000003 1.2677144 0.039922867 0.62887686 0.02597273 1.0683316 0.15785335
0.21900000000000003 1.2654511 0.03988216 0.625486 0.025858676 1.066398 0.15767215
0.22 1.2631757 0.039841793 0.62213993 0.025738014 1.0644552 0.15749295
0.221 1.2608898 0.039801694 0.6188385 0.025613537 1.0625031 0.15731566
0.222 1.2585919 0.039761867 0.61557895 0.02548083 1.0605417 0.15714018
0.223 1.2562829 0.03972227 0.6123616 0.025343975 1.0585706 0.15696649
0.224 1.2539628 0.039682936 0.6091848 0.025201222 1.0565909 0.15679449
0.225 1.2516316 0.039643783 0.6060476 0.025055539 1.0546027 0.15662406
0.226 1.2492887 0.039604858 0.6029509 0.024903396 1.0526052 0.15645519
0.227 1.2469355 0.03956607 0.59989077 0.024746692 1.0505975 0.15628773
0.228 1.2445706 0.039527413 0.59687006 0.024586152 1.0485823 0.15612164
0.229 1.2421951 0.039488886 0.59388566 0.024420079 1.0465572 0.15595697
0.23 1.2398089 0.03945049 0.5909359 0.024251733 1.0445235 0.15579341
0.231 1.2374119 0.039412156 0.5880226 0.024079688 1.0424811 0.15563107
0.232 1.235004 0.039373927 0.5851412 0.023906395 1.0404305 0.15546969
0.233 1.2325854 0.03933576 0.5822937 0.023727449 1.0383708 0.15530941
0.234 1.2301562 0.03929759 0.5794822 0.023543222 1.0363019 0.15515009
0.23500000000000001 1.2277163 0.039259464 0.57669985 0.023360219 1.0342257 0.15499167
0.23600000000000002 1.2252662 0.039221328 0.573946 0.023174128 1.0321394 0.15483406
0.23700000000000002 1.2228054 0.039183225 0.5712265 0.022984646 1.0300455 0.15467723
0.23800000000000002 1.2203342 0.039145086 0.5685333 0.02279853 1.0279424 0.15452103
0.23900000000000002 1.2178532 0.03910688 0.56587094 0.022604177 1.0258317 0.1543655
0.24000000000000002 1.2153614 0.039068613 0.5632353 0.02241292 1.0237125 0.15421054
0.24100000000000002 1.2128595 0.039030317 0.5606278 0.022218373 1.0215853 0.15405607
0.24200000000000002 1.210348 0.038991936 0.5580476 0.022024337 1.0194492 0.15390213
0.24300000000000002 1.2078254 0.038953424 0.5554924 0.021829909 1.0173059 0.15374847
0.24400000000000002 1.2052935 0.038914844 0.5529631 0.021634223 1.0151536 0.15359522
0.245 1.2027518 0.038876124 0.55045843 0.02143889 1.012993 0.15344228
0.246 1.2002002 0.038837295 0.5479779 0.02124315 1.0108252 0.15328956
0.247 1.1976384 0.038798306 0.5455193 0.021050172 1.0086492 0.1531369
0.248 1.1950667 0.038759187 0.5430841 0.020857275 1.0064648 0.15298444
0.249 1.1924866 0.038719878 0.54067034 0.02066503 1.0042732 0.15283206
0.25 1.1898957 0.03868038 0.53827995 0.020474259 1.0020738 0.1526797
0.251 1.1872959 0.038640715 0.5359085 0.020285249 0.99986696 0.15252729
0.252 1.184687 0.038600884 0.53355926 0.020097777 0.99765146 0.15237486
0.253 1.1820682 0.03856082 0.53122735 0.019914182 0.995429 0.1522222
0.254 1.1794399 0.038520526 0.52891594 0.019730764 0.9931987 0.15206945
0.255 1.1768031 0.03848004 0.5266221 0.01955213 0.99096113 0.15191641
0.256 1.1741562 0.038439352 0.5243474 0.019374385 0.98871607 0.15176319
0.257 1.1715015 0.038398378 0.52209014 0.019200435 0.9864635 0.15160961
0.258 1.1688373 0.038357165 0.5198494 0.019030094 0.9842039 0.15145573
0.259 1.1661633 0.0383157 0.51762414 0.018863667 0.98193645 0.15130146
0.26 1.1634812 0.03827398 0.515415 0.018701117 0.97966224 0.1511467
0.261 1.16079 0.038232002 0.51322424 0.018539315 0.9773808 0.15099148
0.262 1.1580908 0.038189746 0.5110452 0.01838453 0.97509235 0.15083575
0.263 1.1553824 0.03814716 0.50888216 0.018233132 0.97279716 0.15067951
0.264 1.152666 0.03810435 0.50673217 0.018086461 0.9704949 0.15052259
0.265 1.1499403 0.038061243 0.5045972 0.017943546 0.9681857 0.15036514
0.266 1.1472068 0.03801782 0.5024733 0.017805647 0.9658688 0.150207
0.267 1.1444652 0.037974082 0.5003645 0.017672997 0.96354604 0.15004817
0.268 1.1417149 0.03793007 0.49826607 0.01754459 0.9612163 0.1498886
0.269 1.1389563 0.037885703 0.49618065 0.017420126 0.95887953 0.14972825
0.27 1.1361902 0.03784103 0.49410608 0.017301522 0.9565371 0.14956716
0.271 1.1334158 0.037796028 0.49204242 0.017187787 0.9541878 0.14940523
0.272 1.1306326 0.037750725 0.4899909 0.01708008 0.95183206 0.14924239
0.273 1.1278435 0.037705068 0.4879481 0.016976679 0.9494698 0.14907876
0.274 1.1250451 0.037659086 0.48591638 0.016878385 0.94710094 0.14891407
0.275 1.12224 0.03761274 0.4838939 0.016785802 0.94472593 0.1487486
0.276 1.1194263 0.037566114 0.48188072 0.01669756 0.94234556 0.14858201
0.277 1.1166055 0.037519097 0.47987714 0.016614826 0.9399578 0.14841451
0.278 1.1137778 0.037471734 0.47788092 0.016536497 0.937565 0.14824593
0.279 1.1109424 0.037424035 0.47589275 0.016463386 0.9351657 0.1480764
0.28 1.1080996 0.03737596 0.47391254 0.016396137 0.93276095 0.14790574
0.281 1.105249 0.03732753 0.47194055 0.016333437 0.9303498 0.14773397
0.28200000000000003 1.1023924 0.03727878 0.46997592 0.01627459 0.927933 0.14756109
0.28300000000000003 1.0995284 0.037229616 0.46801808 0.016221736 0.92551017 0.14738707
0.28400000000000003 1.0966576 0.03718013 0.46606705 0.016171817 0.92308253 0.14721185
0.28500000000000003 1.0937796 0.03713026 0.46412256 0.01612744 0.9206486 0.14703546
0.28600000000000003 1.0908954 0.037080027 0.4621856 0.016086059 0.9182097 0.14685787
0.28700000000000003 1.0880034 0.037029438 0.4602535 0.016049495 0.915765 0.14667906
0.28800000000000003 1.0851063 0.036978472 0.45832708 0.016017467 0.9133148 0.14649901
0.28900000000000003 1.0822018 0.036927108 0.45640674 0.015988478 0.9108593 0.14631766
0.29000000000000004 1.0792903 0.03687541 0.4544911 0.015962286 0.9083986 0.14613505
0.29100000000000004 1.0763735 0.036823314 0.4525805 0.015940683 0.9059326 0.14595115
0.29200000000000004 1.0734501 0.03677087 0.45067504 0.01592148 0.90346193 0.14576592
0.29300000000000004 1.0705212 0.03671802 0.44877413 0.015907701 0.9009858 0.14557937
0.29400000000000004 1.0675855 0.036664847 0.44687635 0.015892645 0.89850515 0.14539146
0.29500000000000004 1.0646436 0.036611244 0.44498453 0.015882729 0.89601904 0.14520217
0.29600000000000004 1.0616958 0.036557287 0.44309652 0.015873881 0.89352876 0.14501153
0.29700000000000004 1.0587425 0.036502972 0.44121134 0.015868766 0.89103305 0.14481947
0.29800000000000004 1.0557836 0.036448266 0.4393301 0.015864702 0.88853323 0.14462607
0.29900000000000004 1.0528187 0.03639318 0.43745357 0.015861845 0.8860283 0.14443117
0.30000000000000004 1.0498484 0.036337737 0.43557876 0.015861379 0.8835189 0.14423491
0.30100000000000005 1.046873 0.036281887 0.43370828 0.015863016 0.88100505 0.14403711
0.30200000000000005 1.0438915 0.03622568 0.43183982 0.015864853 0.8784871 0.14383796
0.30300000000000005 1.0409052 0.03616908 0.42997438 0.015867501 0.87596434 0.1436373
0.30400000000000005 1.0379137 0.036112133 0.42811236 0.015871648 0.8734379 0.14343517
0.30500000000000005 1.0349171 0.03605481 0.4262527 0.01587729 0.8709069 0.14323157
0.30600000000000005 1.0319146 0.03599709 0.4243953 0.015881622 0.86837184 0.14302652
0.30700000000000005 1.0289083 0.03593902 0.42253986 0.015887495 0.8658329 0.14281991
0.30800000000000005 1.0258967 0.035880566 0.4206874 0.015892241 0.8632897 0.14261183
0.309 1.0228804 0.035821732 0.41883633 0.015898917 0.86074275 0.1424022
0.31 1.0198591 0.035762563 0.41698763 0.015903939 0.85819197 0.14219107
0.311 1.0168337 0.035702992 0.41514084 0.015909864 0.8556374 0.14197843
0.312 1.0138035 0.03564306 0.41329598 0.0159132 0.85307884 0.14176428
0.313 1.0107692 0.03558276 0.41145286 0.015917558 0.85051733 0.14154853
0.314 1.0077299 0.035522107 0.40961057 0.015920786 0.84795177 0.14133123
0.315 1.0046868 0.035461087 0.40776977 0.01592321 0.84538275 0.14111239
0.316 1.0016392 0.035399683 0.4059317 0.015925104 0.8428104 0.14089206
0.317 0.99858814 0.03533795 0.40409374 0.015925398 0.84023476 0.14067012
0.318 0.9955324 0.035275817 0.40225732 0.01592515 0.8376561 0.14044665
0.319 0.99247295 0.035213366 0.40042245 0.0159231 0.8350738 0.14022158
0.32 0.9894102 0.03515052 0.3985889 0.01591911 0.8324884 0.13999502
0.321 0.9863434 0.035087332 0.39675593 0.015914684 0.82990056 0.1397668
0.322 0.9832729 0.035023805 0.3949242 0.015908945 0.82730895 0.13953707
0.323 0.9801991 0.03495989 0.39309415 0.015900945 0.82471436 0.13930574
0.324 0.9771218 0.034895673 0.3912648 0.015890675 0.8221179 0.13907284
0.325 0.974041 0.034831088 0.38943535 0.015880233 0.8195182 0.13883838
0.326 0.970957 0.034766164 0.38760778 0.015866993 0.81691605 0.13860232
0.327 0.96787006 0.03470086 0.3857801 0.015851414 0.81431127 0.13836467
0.328 0.96477985 0.03463525 0.3839544 0.015835468 0.811703 0.13812551
0.329 0.96168625 0.034569263 0.38212863 0.015817106 0.8090933 0.13788478
0.33 0.9585905 0.03450297 0.38030428 0.015797606 0.8064811 0.13764247
0.331 0.955491 0.034436297 0.37848064 0.015775304 0.80386627 0.1373985
0.332 0.9523894 0.034369342 0.37665737 0.015750533 0.8012494 0.13715304
0.333 0.94928485 0.034302015 0.37483495 0.015724724 0.7986301 0.13690604
0.334 0.9461777 0.03423437 0.3730135 0.015696788 0.7960085 0.13665745
0.335 0.94306856 0.03416639 0.37119278 0.015666833 0.7933856 0.13640732
0.336 0.93995667 0.034098096 0.3693723 0.01563459 0.79076016 0.13615552
0.337 0.93684256 0.03402947 0.36755264 0.015602404 0.7881334 0.13590229
0.338 0.9337257 0.033960517 0.36573377 0.015566427 0.7855039 0.13564746
0.339 0.93060726 0.033891235 0.36391586 0.015529604 0.78287315 0.13539107
0.33999999999999997 0.92748666 0.033821627 0.362098 0.015489682 0.78024095 0.13513319
0.34099999999999997 0.924364 0.033751734 0.3602821 0.015449526 0.7776067 0.13487373
0.34199999999999997 0.9212397 0.033681512 0.35846612 0.015406703 0.7749711 0.1346127
0.34299999999999997 0.9181133 0.03361098 0.35665053 0.015362586 0.7723343 0.13435021
0.344 0.91498524 0.03354013 0.35483688 0.015316506 0.7696957 0.1340862
0.345 0.91185564 0.03346898 0.35302284 0.015269079 0.76705617 0.13382061
0.346 0.90872455 0.033397533 0.3512098 0.01522017 0.7644147 0.13355355
0.347 0.9055917 0.03332579 0.3493984 0.015169687 0.7617725 0.13328493
0.348 0.9024583 0.033253744 0.3475873 0.015117583 0.7591293 0.1330148
0.349 0.8993228 0.033181384 0.34577662 0.0150640495 0.7564849 0.13274328
0.35 0.8961865 0.033108737 0.34396672 0.0150098195 0.7538396 0.1324702
0.351 0.8930488 0.033035792 0.34215948 0.014955006 0.75119364 0.1321956
0.352 0.8899096 0.03296256 0.3403518 0.014897529 0.7485462 0.13191958
0.353 0.8867707 0.032889057 0.33854538 0.01483985 0.74589825 0.13164215
0.354 0.88363004 0.032815255 0.33674037 0.014780738 0.74324995 0.13136314
0.355 0.8804889 0.03274117 0.33493587 0.014721554 0.7406006 0.13108271
0.356 0.877347 0.03266681 0.33313313 0.014660613 0.7379506 0.13080092
0.357 0.87420446 0.032592166 0.33133107 0.014600083 0.7353005 0.13051763
0.358 0.87106156 0.03251725 0.3295308 0.014537533 0.73264945 0.13023293
0.359 0.867918 0.032442078 0.3277308 0.014475223 0.72999865 0.12994675
0.36 0.8647743 0.03236662 0.32593313 0.014412258 0.7273473 0.1296592
0.361 0.8616297 0.03229089 0.32413554 0.014348843 0.7246956 0.12937026
0.362 0.8584854 0.032214895 0.32234097 0.014285712 0.7220438 0.12907995
0.363 0.85534084 0.032138657 0.32054698 0.014222347 0.7193919 0.12878819
0.364 0.8521962 0.03206213 0.31875485 0.014159319 0.7167401 0.12849511
0.365 0.84905195 0.031985376 0.31696403 0.014095981 0.714088 0.12820065
0.366 0.8459077 0.03190836 0.31517518 0.01403254 0.71143657 0.12790482
0.367 0.84276336 0.031831086 0.3133874 0.013969384 0.7087847 0.12760767
0.368 0.839619 0.031753566 0.3116015 0.013907174 0.7061334 0.12730919
0.369 0.8364753 0.031675816 0.30981696 0.013844929 0.70348233 0.12700932
0.37 0.83333206 0.03159778 0.30803546 0.013783265 0.70083153 0.1267082
0.371 0.8301893 0.031519536 0.30625498 0.013722325 0.6981814 0.12640575
0.372 0.82704735 0.031441044 0.30447665 0.013662381 0.6955315 0.126102
0.373 0.82390606 0.03136231 0.30270073 0.013603316 0.69288266 0.12579696
0.374 0.8207651 0.031283375 0.30092663 0.013544971 0.69023395 0.12549068
0.375 0.8176257 0.031204177 0.299154 0.013487715 0.68758625 0.1251831
0.376 0.8144861 0.03112474 0.2973844 0.013431187 0.684939 0.12487432
0.377 0.8113484 0.031045113 0.29561666 0.013377048 0.68229276 0.12456425
0.378 0.8082115 0.030965235 0.29385105 0.013323139 0.67964745 0.124253005
0.379 0.8050757 0.030885136 0.29208842 0.013271435 0.6770032 0.12394051
0.38 0.80194056 0.030804822 0.29032788 0.013220393 0.67435956 0.123626806
0.381 0.7988075 0.030724334 0.2885696 0.01317114 0.6717172 0.12331196
0.382 0.79567516 0.030643577 0.2868148 0.013123443 0.66907626 0.122995876
0.383 0.7925444 0.030562628 0.28506154 0.01307816 0.66643614 0.12267857
0.384 0.78941524 0.03048147 0.28331172 0.013033536 0.66379744 0.12236023
0.385 0.7862877 0.030400109 0.28156435 0.012992322 0.6611601 0.1220407
0.386 0.7831618 0.030318554 0.27981994 0.012951942 0.6585236 0.12171999
0.387 0.7800376 0.030236803 0.27807802 0.012913012 0.6558891 0.1213982
0.388 0.7769151 0.030154847 0.27634007 0.012876916 0.65325624 0.12107531
0.389 0.7737944 0.030072676 0.2746042 0.012842711 0.65062463 0.12075132
0.39 0.770676 0.029990304 0.27287143 0.012810936 0.6479945 0.120426275
0.391 0.7675592 0.029907793 0.2711427 0.012780506 0.6453664 0.12010006
0.392 0.76444465 0.029825073 0.26941645 0.012753078 0.6427399 0.119772874
0.393 0.7613319 0.029742146 0.26769388 0.012727131 0.6401151 0.119444616
0.394 0.75822175 0.029659048 0.265974 0.012704076 0.6374923 0.119115345
0.395 0.7551139 0.029575784 0.2642581 0.012682614 0.6348714 0.118785016
0.396 0.7520078 0.02949232 0.2625456 0.012663852 0.6322525 0.11845367
0.397 0.74890465 0.029408712 0.26083732 0.012646754 0.6296354 0.11812138
0.398 0.745804 0.029324898 0.25913194 0.012632059 0.6270207 0.117788106
0.399 0.7427057 0.02924092 0.25743 0.012620168 0.62440795 0.117453866
0.4 0.73961 0.029156782 0.25573236 0.01260971 0.62179774 0.11711864
0.401 0.7365172 0.02907249 0.25403908 0.012601859 0.61918956 0.11678247
0.402 0.7334274 0.028988022 0.25234854 0.0125958165 0.61658365 0.1164454
0.403 0.73033994 0.02890339 0.25066245 0.012592499 0.6139802 0.11610739
0.404 0.7272555 0.028818602 0.24898075 0.012591264 0.6113791 0.11576854
0.405 0.7241739 0.028733658 0.24730287 0.0125920195 0.6087806 0.115428746
0.406 0.7210954 0.028648565 0.24562836 0.012594592 0.60618436 0.115088105
0.40700000000000003 0.71802026 0.028563317 0.24395919 0.012599313 0.6035911 0.11474653
0.40800000000000003 0.7149479 0.028477916 0.24229382 0.012605602 0.6010001 0.11440421
0.40900000000000003 0.71187896 0.028392388 0.24063317 0.012614088 0.5984123 0.114061
0.41000000000000003 0.70881283 0.028306698 0.23897667 0.012624321 0.59582675 0.11371696
0.41100000000000003 0.70575035 0.02822088 0.23732445 0.012637104 0.5932443 0.11337213
0.41200000000000003 0.7026915 0.028134905 0.2356771 0.012650638 0.5906645 0.11302654
0.41300000000000003 0.6996359 0.028048793 0.2340343 0.012666293 0.5880879 0.11268014
0.41400000000000003 0.69658387 0.027962554 0.23239565 0.01268383 0.5855142 0.11233297
0.41500000000000004 0.6935355 0.027876185 0.23076248 0.012702558 0.5829436 0.111985065
0.41600000000000004 0.69049066 0.027789688 0.22913359 0.012722287 0.58037597 0.1116364
0.41700000000000004 0.68744946 0.027703067 0.22750974 0.012744143 0.57781136 0.11128701
0.41800000000000004 0.6844122 0.027616313 0.22589144 0.012766769 0.57525015 0.1109369
0.41900000000000004 0.6813786 0.02752944 0.22427736 0.012790271 0.57269174 0.11058613
0.42000000000000004 0.67834884 0.027442424 0.22266808 0.012816128 0.5701372 0.11023468
0.42100000000000004 0.6753235 0.027355313 0.22106445 0.012841825 0.5675857 0.10988253
0.42200000000000004 0.6723017 0.027268069 0.21946578 0.012870198 0.56503755 0.10952975
0.42300000000000004 0.6692842 0.02718073 0.21787241 0.012897327 0.56249297 0.109176286
0.42400000000000004 0.6662707 0.027093276 0.2162837 0.012927076 0.55995166 0.10882222
0.42500000000000004 0.6632613 0.027005713 0.21470113 0.012956842 0.5574138 0.10846759
0.42600000000000005 0.66025615 0.026918028 0.21312305 0.012987632 0.5548798 0.10811226
0.42700000000000005 0.6572555 0.026830245 0.21155113 0.01301832 0.5523493 0.10775641
0.42800000000000005 0.65425867 0.026742365 0.20998448 0.01304998 0.54982257 0.107399955
0.42900000000000005 0.651267 0.026654378 0.2084237 0.013081751 0.54729944 0.107043
0.43000000000000005 0.6482793 0.026566293 0.20686807 0.013113953 0.5447801 0.106685445
0.43100000000000005 0.64529616 0.026478129 0.20531827 0.013147291 0.54226464 0.10632734
0.43200000000000005 0.6423177 0.026389834 0.20377399 0.013179842 0.53975284 0.10596876
0.43300000000000005 0.63934374 0.026301479 0.20223568 0.013212616 0.5372452 0.105609685
0.43400000000000005 0.63637483 0.026213024 0.20070294 0.013245859 0.5347413 0.10525008
0.43500000000000005 0.63341016 0.026124477 0.19917618 0.013278954 0.5322415 0.10489004
0.43600000000000005 0.63045037 0.026035843 0.19765517 0.013312323 0.5297458 0.10452949
0.43700000000000006 0.6274956 0.025947133 0.19614035 0.013344643 0.5272543 0.10416853
0.43800000000000006 0.6245454 0.025858348 0.19463079 0.013377407 0.52476656 0.103807084
0.43900000000000006 0.6216005 0.025769465 0.19312789 0.013410226 0.5222833 0.10344523
0.44000000000000006 0.61866057 0.025680529 0.19163106 0.013441881 0.519804 0.10308301
0.44100000000000006 0.6157252 0.025591495 0.19014037 0.013473506 0.5173293 0.102720365
0.44200000000000006 0.6127954 0.02550241 0.18865584 0.013504101 0.51485866 0.10235734
0.44300000000000006 0.60987043 0.025413238 0.18717718 0.013535078 0.51239234 0.10199396
0.44400000000000006 0.6069507 0.025324006 0.18570541 0.013564455 0.50993043 0.1016302
0.44500000000000006 0.6040364 0.025234714 0.18423918 0.013594331 0.5074729 0.10126611
0.44600000000000006 0.6011273 0.025145337 0.1827801 0.013621794 0.5050199 0.10090171
0.44700000000000006 0.5982233 0.025055919 0.18132703 0.013650047 0.5025715 0.100536965
0.44800000000000006 0.59532505 0.024966437 0.17987992 0.013677003 0.5001277 0.100171946
0.44900000000000007 0.5924319 0.024876887 0.17844005 0.01370255 0.497688 0.09980663
0.45000000000000007 0.58954436 0.02478729 0.17700635 0.013728069 0.49525353 0.09944102
0.45100000000000007 0.5866625 0.024697645 0.17557925 0.013752008 0.49282345 0.09907515
0.45199999999999996 0.58378583 0.02460794 0.1741583 0.0137756225 0.49039823 0.09870905
0.45299999999999996 0.580915 0.024518179 0.17274429 0.013797799 0.48797756 0.09834273
0.45399999999999996 0.57804996 0.024428379 0.171337 0.013818741 0.4855618 0.09797615
0.45499999999999996 0.57519025 0.024338542 0.16993618 0.013838924 0.48315117 0.09760937
0.45599999999999996 0.57233673 0.024248663 0.16854224 0.013857542 0.48074466 0.09724239
0.45699999999999996 0.5694887 0.024158737 0.16715495 0.013874634 0.47834373 0.09687526
0.45799999999999996 0.56664634 0.024068777 0.16577432 0.013890892 0.47594738 0.09650792
0.45899999999999996 0.56381017 0.023978772 0.1644006 0.013906363 0.47355613 0.096140444
0.45999999999999996 0.56097966 0.023888743 0.16303383 0.013919597 0.47116995 0.09577281
0.46099999999999997 0.5581553 0.023798672 0.16167389 0.013932056 0.46878856 0.095405035
0.46199999999999997 0.5553368 0.023708582 0.16032083 0.01394329 0.46641243 0.095037155
0.46299999999999997 0.5525243 0.023618465 0.15897457 0.013953464 0.4640414 0.09466917
0.46399999999999997 0.54971814 0.023528315 0.15763524 0.013961227 0.46167564 0.09430107
0.46499999999999997 0.546918 0.023438143 0.15630285 0.013968567 0.45931494 0.09393289
0.46599999999999997 0.5441238 0.023347946 0.15497774 0.013973907 0.45695934 0.093564644
0.46699999999999997 0.541336 0.023257747 0.15365931 0.0139776375 0.454609 0.093196355
0.46799999999999997 0.5385544 0.023167519 0.15234819 0.013980515 0.4522643 0.092828
0.469 0.53577906 0.023077285 0.15104403 0.01398159 0.4499248 0.09245961
0.47 0.53300995 0.022987021 0.14974698 0.013980776 0.4475901 0.092091225
0.471 0.5302475 0.022896769 0.14845692 0.013979167 0.44526142 0.091722816
0.472 0.527491 0.022806488 0.14717433 0.013975786 0.44293815 0.09135442
0.473 0.52474123 0.022716211 0.14589863 0.013970508 0.44062015 0.09098602
0.474 0.52199787 0.022625923 0.14463004 0.0139641855 0.4383076 0.090617664
0.475 0.51926064 0.022535643 0.14336888 0.013955673 0.43600062 0.09024933
0.476 0.5165306 0.022445362 0.14211485 0.013946605 0.43369907 0.08988105
0.477 0.5138069 0.022355068 0.14086789 0.013935327 0.43140334 0.08951284
0.478 0.5110894 0.022264797 0.13962817 0.013922664 0.42911276 0.08914472
0.479 0.50837886 0.02217453 0.13839588 0.013908403 0.42682835 0.088776626
0.48 0.50567496 0.022084272 0.13717085 0.013892245 0.42454928 0.08840867
0.481 0.5029778 0.021994028 0.13595302 0.013875194 0.4222761 0.08804083
0.482 0.5002873 0.02190379 0.13474242 0.013856315 0.4200085 0.08767311
0.483 0.49760348 0.021813551 0.13353929 0.0138354115 0.41774654 0.08730547
0.484 0.49492687 0.02172335 0.13234334 0.013813865 0.41549054 0.086938016
0.485 0.49225658 0.021633169 0.13115469 0.013790395 0.41324013 0.08657072
0.486 0.48959354 0.021543015 0.12997334 0.013765456 0.41099587 0.086203545
0.487 0.48693728 0.02145288 0.12879965 0.01373838 0.40875742 0.0858366
0.488 0.48428774 0.021362763 0.12763298 0.013710679 0.40652457 0.08546981
0.489 0.48164546 0.021272685 0.12647367 0.013680993 0.40429795 0.085103214
0.49 0.47900996 0.021182623 0.12532185 0.013649784 0.40207723 0.084736824
0.491 0.4763815 0.021092614 0.12417755 0.013617294 0.3998624 0.084370695
0.492 0.47376025 0.02100262 0.123040445 0.013583307 0.39765337 0.08400474
0.493 0.47114605 0.020912666 0.12191039 0.013548098 0.3954503 0.08363904
0.494 0.46853882 0.020822765 0.12078825 0.0135111185 0.39325365 0.08327355
0.495 0.46593875 0.02073289 0.1196732 0.013473108 0.39106295 0.08290841
0.496 0.46334583 0.020643074 0.1185655 0.01343334 0.3888783 0.08254348
0.497 0.46076033 0.020553289 0.117465764 0.013391892 0.38669962 0.08217882
0.498 0.4581817 0.020463552 0.11637302 0.0133495005 0.38452712 0.08181446
0.499 0.45561045 0.02037387 0.115287684 0.013305841 0.382361 0.081450395
0.5 0.45304668 0.020284247 0.11420948 0.01326098 0.38020074 0.08108665
0.501 0.45049 0.020194666 0.113138795 0.013214446 0.37804684 0.08072324
0.502 0.44794074 0.020105146 0.11207573 0.013166479 0.37589917 0.08036014
0.503 0.44539872 0.020015685 0.111019835 0.013118291 0.37375748 0.07999738
0.504 0.44286412 0.019926282 0.10997147 0.013067931 0.37162235 0.079634964
0.505 0.4403366 0.019836951 0.10893035 0.013016764 0.36949363 0.07927288
0.506 0.43781704 0.019747665 0.107896775 0.012964006 0.36737087 0.07891119
0.507 0.4353046 0.019658457 0.10687054 0.012910261 0.36525473 0.0785499
0.508 0.4327999 0.019569317 0.105851464 0.01285564 0.36314473 0.07818894
0.509 0.43030223 0.019480253 0.10484006 0.012799822 0.36104104 0.0778284
0.51 0.42781213 0.019391252 0.10383565 0.012743212 0.35894403 0.077468306
0.511 0.42533004 0.019302333 0.10283863 0.012685573 0.35685307 0.07710859
0.512 0.4228553 0.019213483 0.10184923 0.012626697 0.35476884 0.07674926
0.513 0.4203881 0.019124722 0.1008671 0.01256667 0.35269073 0.07639041
0.514 0.41792843 0.01903603 0.09989223 0.012505921 0.35061926 0.07603197
0.515 0.41547626 0.018947426 0.09892463 0.012444286 0.34855425 0.07567397
0.516 0.41303197 0.018858902 0.09796417 0.012382154 0.34649563 0.07531645
0.517 0.4105951 0.01877047 0.09701124 0.012318664 0.34444374 0.074959375
0.518 0.40816617 0.018682137 0.09606562 0.0122545315 0.34239826 0.07460279
0.519 0.40574482 0.018593881 0.09512714 0.012190047 0.3403593 0.07424665
0.52 0.40333113 0.018505724 0.09419578 0.01212476 0.33832687 0.07389103
0.521 0.4009251 0.018417658 0.0932718 0.012058693 0.33630103 0.07353592
0.522 0.39852703 0.01832969 0.09235493 0.011992125 0.33428168 0.07318129
0.523 0.3961365 0.01824181 0.09144549 0.011924746 0.3322691 0.072827145
0.524 0.39375383 0.018154038 0.090543166 0.011857071 0.33026308 0.072473556
0.525 0.39137915 0.018066369 0.08964802 0.011788951 0.32826364 0.07212049
0.526 0.38901216 0.017978804 0.08876011 0.011720146 0.3262708 0.07176795
0.527 0.3866529 0.017891342 0.08787918 0.01165118 0.32428473 0.07141596
0.528 0.3843016 0.017803993 0.08700558 0.011581988 0.32230538 0.07106452
0.529 0.3819582 0.017716745 0.086138636 0.011512471 0.32033244 0.07071364
0.53 0.37962264 0.01762962 0.085279375 0.01144251 0.31836644 0.07036331
0.531 0.37729487 0.017542599 0.08442708 0.011372191 0.31640714 0.070013575
0.532 0.37497512 0.017455699 0.083581515 0.011302299 0.3144545 0.06966441
0.533 0.3726631 0.017368915 0.08274349 0.011231698 0.31250858 0.069315836
0.534 0.37035948 0.017282238 0.081911996 0.01116157 0.31056958 0.06896784
0.535 0.36806363 0.017195703 0.08108791 0.011090991 0.3086371 0.06862043
0.536 0.3657755 0.017109267 0.08027056 0.011020764 0.3067114 0.068273656
0.537 0.3634955 0.017022962 0.07946023 0.01095059 0.30479258 0.067927465
0.538 0.36122355 0.01693678 0.07865688 0.010880691 0.30288064 0.067581914
0.539 0.35895944 0.016850736 0.077860504 0.0108108325 0.3009753 0.06723699
0.54 0.35670352 0.016764805 0.07707101 0.010741265 0.2990768 0.06689273
0.541 0.35445547 0.01667902 0.07628846 0.010672109 0.29718536 0.06654904
0.542 0.35221568 0.016593345 0.07551248 0.010603542 0.29530054 0.06620603
0.543 0.34998378 0.01650782 0.07474353 0.010535386 0.29342255 0.065863684
0.544 0.34775993 0.01642243 0.07398142 0.010467522 0.2915515 0.06552198
0.545 0.34554422 0.01633717 0.07322602 0.010400304 0.28968722 0.06518093
0.546 0.34333643 0.016252052 0.072477564 0.010333569 0.28782997 0.064840555
0.547 0.34113702 0.016167061 0.07173572 0.010267556 0.28597936 0.06450085
0.548 0.3389456 0.016082233 0.07100059 0.010202239 0.28413576 0.06416186
0.549 0.336762 0.015997533 0.07027212 0.010137918 0.28229904 0.06382351
0.55 0.33458683 0.015912976 0.069550306 0.010074278 0.28046924 0.06348589
0.551 0.3324198 0.015828568 0.06883535 0.010011412 0.27864632 0.06314893
0.552 0.3302608 0.015744314 0.06812682 0.009949569 0.2768303 0.06281269
0.553 0.32810992 0.01566019 0.06742474 0.0098891165 0.27502123 0.062477168
0.554 0.32596725 0.015576232 0.06672961 0.009829124 0.2732189 0.06214235
0.555 0.3238327 0.015492421 0.06604073 0.009770605 0.27142364 0.061808262
0.556 0.32170627 0.015408755 0.06535837 0.009713242 0.26963535 0.061474886
0.557 0.3195881 0.015325254 0.06468259 0.00965712 0.2678539 0.061142236
0.558 0.317478 0.015241909 0.06401338 0.009602071 0.26607946 0.06081032
0.559 0.31537625 0.015158715 0.06335031 0.009548605 0.26431197 0.060479138
0.56 0.31328258 0.015075672 0.06269377 0.009496289 0.26255143 0.060148716
0.561 0.3111971 0.014992801 0.062043678 0.009445454 0.26079786 0.059819024
0.562 0.30911985 0.014910089 0.061399724 0.009396133 0.2590513 0.059490096
0.5630000000000001 0.30705082 0.014827542 0.06076232 0.009348335 0.25731164 0.059161935
0.5640000000000001 0.30499002 0.014745158 0.060131144 0.00930199 0.2555789 0.0588345
0.5650000000000001 0.3029374 0.014662934 0.05950603 0.009257411 0.25385314 0.058507856
0.5660000000000001 0.30089295 0.014580882 0.05888723 0.009214537 0.2521345 0.05818198
0.5670000000000001 0.29885677 0.014498996 0.058274616 0.009173151 0.25042278 0.057856873
0.5680000000000001 0.29682866 0.01441729 0.057668205 0.009133551 0.24871805 0.05753257
0.5690000000000001 0.29480895 0.0143357385 0.057067994 0.009095735 0.2470203 0.057209034
0.5700000000000001 0.29279748 0.014254368 0.05647376 0.009059723 0.24532935 0.056886252
0.5710000000000001 0.29079434 0.01417317 0.05588558 0.009025527 0.24364558 0.05656429
0.5720000000000001 0.28879926 0.01409215 0.055303495 0.008992975 0.24196878 0.05624312
0.5730000000000001 0.28681248 0.014011305 0.054727342 0.008962438 0.2402989 0.055922754
0.5740000000000001 0.2848338 0.0139306355 0.05415722 0.008933873 0.23863603 0.055603176
0.5750000000000001 0.2828635 0.013850153 0.053593073 0.008907085 0.23698018 0.05528442
0.5760000000000001 0.28090143 0.013769839 0.053034715 0.008882296 0.23533146 0.054966487
0.5770000000000001 0.27894762 0.013689723 0.05248227 0.00885949 0.23368958 0.05464935
0.5780000000000001 0.27700198 0.013609778 0.051935643 0.0088385735 0.23205471 0.054333
0.5790000000000001 0.27506468 0.013530022 0.051394876 0.008819654 0.23042691 0.054017507
0.58 0.27313563 0.013450453 0.05085974 0.008802644 0.22880599 0.053702828
0.581 0.27121472 0.013371072 0.050330516 0.008787504 0.22719212 0.053388976
0.582 0.26930213 0.013291876 0.04980684 0.008774456 0.22558528 0.05307595
0.583 0.26739776 0.013212881 0.04928894 0.008763507 0.2239855 0.052763782
0.584 0.26550168 0.0131340735 0.04877661 0.008754302 0.22239256 0.05245241
0.585 0.26361388 0.013055452 0.048269875 0.008747059 0.22080661 0.05214192
0.586 0.2617343 0.0129770385 0.047768738 0.008741901 0.21922779 0.051832248
0.587 0.2598629 0.012898819 0.047272995 0.008738574 0.21765591 0.05152343
0.588 0.25799984 0.012820791 0.04678275 0.008737028 0.21609107 0.051215444
0.589 0.256145 0.012742973 0.046298075 0.0087374775 0.2145332 0.05090832
0.59 0.2542984 0.012665352 0.045818716 0.008739835 0.2129822 0.050602045
0.591 0.25245997 0.012587932 0.045344938 0.008743942 0.21143831 0.050296646
0.592 0.25062984 0.012510715 0.04487625 0.008749829 0.20990129 0.0499921
0.593 0.24880783 0.012433702 0.04441297 0.008757656 0.20837122 0.0496884
0.594 0.2469942 0.012356901 0.043954834 0.008767001 0.20684822 0.04938559
0.595 0.24518868 0.012280308 0.043502137 0.008778067 0.20533223 0.049083613
0.596 0.2433916 0.0122039225 0.043054517 0.008790973 0.20382307 0.04878253
0.597 0.24160244 0.012127756 0.042612012 0.008805406 0.20232096 0.04848231
0.598 0.23982163 0.012051789 0.042174585 0.008821489 0.20082588 0.048182964
0.599 0.23804902 0.011976044 0.04174242 0.008838893 0.19933766 0.047884505
0.6 0.23628464 0.011900516 0.04131513 0.008857996 0.19785644 0.04758693
0.601 0.23452857 0.0118252 0.040893037 0.0088785095 0.19638209 0.04729023
0.602 0.23278052 0.011750102 0.040475663 0.008900337 0.1949147 0.04699441
0.603 0.23104076 0.011675235 0.04006325 0.0089236675 0.19345433 0.04669945
0.604 0.2293092 0.011600578 0.039655812 0.00894827 0.19200082 0.046405416
0.605 0.2275857 0.01152615 0.039253246 0.008974064 0.19055428 0.046112258
0.606 0.22587056 0.011451945 0.03885539 0.009001126 0.18911456 0.045819987
0.607 0.22416353 0.011377962 0.03846231 0.009029384 0.1876819 0.045528628
0.608 0.22246465 0.011304206 0.038074035 0.009058664 0.18625607 0.045238152
0.609 0.2207739 0.011230681 0.03769047 0.009089162 0.18483715 0.04494859
0.61 0.21909131 0.011157389 0.037311334 0.009120413 0.18342519 0.0446599
0.611 0.21741691 0.01108432 0.036937125 0.00915283 0.18202002 0.04437212
0.612 0.21575053 0.011011482 0.036567215 0.009185989 0.18062176 0.044085257
0.613 0.21409243 0.010938883 0.03620194 0.009220066 0.17923042 0.04379929
0.614 0.21244241 0.010866517 0.03584119 0.009254983 0.1778459 0.043514226
0.615 0.2108005 0.010794384 0.035484806 0.009290561 0.1764683 0.043230094
0.616 0.20916677 0.010722494 0.03513294 0.009326915 0.17509754 0.042946856
0.617 0.20754114 0.010650836 0.03478534 0.009363835 0.17373362 0.04266451
0.618 0.2059235 0.010579418 0.034442104 0.009401368 0.17237645 0.04238311
0.619 0.20431402 0.010508241 0.03410321 0.009439467 0.17102627 0.042102605
0.62 0.20271257 0.010437311 0.033768535 0.009477971 0.16968277 0.041823026
0.621 0.20111929 0.010366611 0.033438027 0.009516878 0.16834626 0.041544374
0.622 0.19953397 0.010296164 0.0331117 0.009556258 0.16701648 0.041266635
0.623 0.19795668 0.010225957 0.032789543 0.009595913 0.16569345 0.040989812
0.624 0.1963875 0.010155995 0.032471474 0.009635955 0.16437724 0.040713925
0.625 0.19482629 0.010086283 0.0321574 0.009676205 0.16306776 0.040438946
0.626 0.19327319 0.010016817 0.031847306 0.009716619 0.16176517 0.040164914
0.627 0.19172803 0.0099475905 0.031541243 0.009757132 0.16046923 0.039891794
0.628 0.19019091 0.009878624 0.031239195 0.009797919 0.1591801 0.039619602
0.629 0.18866168 0.009809908 0.030940915 0.009838619 0.15789767 0.039348356
0.63 0.18714075 0.009741438 0.030646477 0.00987931 0.15662207 0.03907805
0.631 0.1856274 0.00967322 0.030355828 0.009919988 0.15535311 0.038808648
0.632 0.1841222 0.00960525 0.030068973 0.009960604 0.1540909 0.03854021
0.633 0.18262486 0.009537537 0.02978586 0.010001187 0.15283535 0.038272686
0.634 0.18113562 0.009470076 0.029506467 0.010041617 0.15158646 0.038006112
0.635 0.17965415 0.009402871 0.02923061 0.010081754 0.1503444 0.03774047
0.636 0.17818068 0.00933592 0.028958438 0.010121716 0.14910887 0.037475772
0.637 0.17671509 0.009269221 0.028689818 0.0101614995 0.14788 0.037212018
0.638 0.1752573 0.009202778 0.028424678 0.010200911 0.14665788 0.036949195
0.639 0.17380744 0.009136597 0.028163005 0.010239931 0.14544234 0.03668734
0.64 0.17236549 0.009070677 0.02790482 0.0102787195 0.14423345 0.036426418
0.641 0.17093134 0.009005004 0.027649997 0.010316945 0.14303117 0.036166437
0.642 0.16950502 0.008939596 0.027398588 0.010354845 0.14183544 0.035907414
0.643 0.16808654 0.00887444 0.027150456 0.010392247 0.14064632 0.03564933
0.644 0.16667588 0.008809549 0.026905626 0.010429201 0.13946377 0.035392202
0.645 0.16527303 0.008744913 0.026664007 0.010465587 0.13828787 0.035136025
0.646 0.16387792 0.008680539 0.02642569 0.010501449 0.13711841 0.034880795
0.647 0.16249062 0.008616424 0.026190437 0.010536682 0.13595554 0.03462654
0.648 0.16111101 0.008552571 0.02595829 0.0105713345 0.13479923 0.034373224
0.649 0.1597392 0.008488976 0.025729269 0.010605414 0.13364936 0.03412087
0.65 0.15837504 0.0084256455 0.02550327 0.010638715 0.13250603 0.033869464
0.651 0.15701857 0.0083625745 0.025280317 0.010671451 0.13136916 0.033619024
0.652 0.15566988 0.008299761 0.025060337 0.010703478 0.13023879 0.03336955
0.653 0.15432887 0.008237216 0.024843156 0.010734535 0.1291149 0.03312103
0.654 0.1529955 0.008174932 0.024628963 0.010765155 0.12799743 0.032873478
0.655 0.15166974 0.0081129065 0.02441762 0.01079478 0.12688637 0.032626882
0.656 0.15035166 0.00805114 0.02420905 0.010823755 0.12578176 0.03238125
0.657 0.14904124 0.007989644 0.024003288 0.010851781 0.12468358 0.032136597
0.658 0.14773834 0.007928408 0.02380023 0.010879075 0.12359178 0.03189291
0.659 0.14644301 0.007867434 0.023599874 0.010905506 0.12250635 0.03165019
0.66 0.14515524 0.007806724 0.023402205 0.010931047 0.121427245 0.03140842
0.661 0.14387509 0.0077462774 0.023207095 0.010955732 0.12035454 0.031167634
0.662 0.14260243 0.0076860944 0.023014644 0.010979437 0.11928816 0.030927824
0.663 0.14133732 0.0076261754 0.02282467 0.011002301 0.11822807 0.030688988
0.664 0.14007963 0.0075665116 0.022637233 0.011024235 0.117174305 0.03045111
0.665 0.13882951 0.00750712 0.022452306 0.011045214 0.11612685 0.030214222
0.666 0.13758679 0.0074479864 0.022269791 0.011065296 0.11508567 0.029978294
0.667 0.13635156 0.007389121 0.02208966 0.011084265 0.11405069 0.02974337
0.668 0.13512371 0.0073305187 0.021911854 0.011102317 0.113022014 0.029509397
0.669 0.13390335 0.007272175 0.021736423 0.011119361 0.111999504 0.029276412
0.67 0.1326903 0.0072140964 0.021563265 0.011135444 0.11098324 0.02904441
0.671 0.13148464 0.0071562845 0.021392398 0.011150534 0.10997319 0.028813377
0.672 0.13028638 0.007098734 0.021223703 0.011164507 0.10896931 0.02858334
0.673 0.12909542 0.007041446 0.021057203 0.011177464 0.10797155 0.028354282
0.674 0.1279118 0.0069844285 0.020892877 0.011189454 0.10697997 0.028126197
0.675 0.12673543 0.0069276663 0.020730674 0.011200338 0.105994545 0.027899109
0.676 0.1255664 0.006871168 0.020570528 0.011210119 0.10501521 0.027673002
0.6769999999999999 0.12440455 0.006814936 0.020412436 0.011218944 0.104042016 0.02744788
0.6779999999999999 0.12325009 0.006758965 0.020256344 0.011226599 0.10307494 0.027223743
0.6789999999999999 0.122102715 0.006703261 0.02010229 0.011233227 0.10211381 0.027000593
0.6799999999999999 0.12096258 0.0066478173 0.019950133 0.011238721 0.101158805 0.026778445
0.6809999999999999 0.119829655 0.0065926337 0.019799903 0.011243176 0.10020983 0.026557272
0.6819999999999999 0.11870387 0.0065377206 0.019651545 0.011246496 0.099266864 0.026337093
0.6829999999999999 0.11758522 0.0064830687 0.019505104 0.0112487925 0.09832989 0.026117897
0.6839999999999999 0.11647375 0.0064286753 0.019360438 0.011249937 0.09739889 0.025899714
0.6849999999999999 0.11536932 0.006374548 0.01921749 0.0112499 0.096473925 0.025682509
0.6859999999999999 0.11427201 0.0063206824 0.019076424 0.0112489 0.09555484 0.0254663
0.6869999999999999 0.1131817 0.006267082 0.018936975 0.01124669 0.09464171 0.025251085
0.688 0.11209855 0.0062137432 0.018799296 0.011243414 0.0937345 0.02503687
0.689 0.111022346 0.0061606653 0.018663255 0.011238996 0.09283316 0.02482365
0.69 0.10995315 0.006107848 0.018528873 0.011233484 0.091937706 0.024611423
0.691 0.10889093 0.006055298 0.01839602 0.011226746 0.091048166 0.024400193
0.692 0.10783571 0.0060030036 0.018264823 0.011219022 0.09016448 0.024189964
0.693 0.10678739 0.005950976 0.01813517 0.011210145 0.089286536 0.023980731
0.694 0.10574602 0.00589921 0.01800703 0.011200143 0.08841447 0.023772499
0.695 0.10471146 0.0058477055 0.01788035 0.011189044 0.087548174 0.023565266
0.696 0.10368388 0.0057964604 0.017755138 0.011176789 0.086687684 0.02335904
0.697 0.10266317 0.005745481 0.017631412 0.011163511 0.08583293 0.023153806
0.698 0.10164929 0.00569476 0.017509062 0.011149035 0.08498392 0.022949573
0.699 0.100642115 0.0056442977 0.017388096 0.011133453 0.0841406 0.02274635
0.7 0.0996418 0.005594099 0.017268468 0.0111167645 0.08330303 0.022544123
0.701 0.098648265 0.0055441624 0.017150203 0.01109901 0.08247112 0.022342905
0.702 0.097661465 0.0054944837 0.017033227 0.011080126 0.081644885 0.022142684
0.703 0.09668137 0.0054450696 0.016917557 0.011060175 0.0808243 0.021943472
0.704 0.09570801 0.005395912 0.016803082 0.0110391015 0.08000937 0.021745265
0.705 0.09474124 0.0053470163 0.016689856 0.011016891 0.079200014 0.021548059
0.706 0.0937813 0.00529838 0.016577838 0.010993615 0.07839624 0.021351868
0.707 0.09282787 0.0052500037 0.016467059 0.010969361 0.07759806 0.021156669
0.708 0.09188107 0.005201886 0.016357396 0.010944001 0.07680545 0.020962482
0.709 0.0909409 0.005154028 0.016248837 0.010917469 0.07601838 0.020769304
0.71 0.09000729 0.0051064296 0.016141431 0.010889967 0.07523686 0.020577127
0.711 0.08908023 0.0050590895 0.01603511 0.010861389 0.07446079 0.020385966
0.712 0.0881597 0.0050120074 0.01592982 0.010831744 0.07369022 0.02019581
0.713 0.087245665 0.0049651843 0.015825624 0.010801082 0.072925076 0.020006653
0.714 0.08633811 0.0049186195 0.015722383 0.010769314 0.07216546 0.01981851
0.715 0.08543703 0.0048723132 0.015620202 0.010736598 0.0714112 0.019631373
0.716 0.08454236 0.004826264 0.015519009 0.010702842 0.070662364 0.019445244
0.717 0.08365413 0.0047804713 0.015418742 0.010668062 0.06991891 0.019260125
0.718 0.08277228 0.0047349385 0.015319412 0.010632288 0.06918085 0.01907601
0.719 0.0818968 0.0046896585 0.015221038 0.010595517 0.06844813 0.018892908
0.72 0.08102766 0.00464464 0.01512355 0.010557796 0.067720704 0.01871081
0.721 0.08016482 0.004599874 0.015026959 0.0105191 0.06699865 0.018529722
0.722 0.079308316 0.0045553655 0.014931193 0.010479404 0.0662819 0.018349651
0.723 0.07845808 0.004511113 0.014836283 0.0104387775 0.06557038 0.018170577
0.724 0.07761408 0.004467116 0.01474222 0.010397239 0.06486409 0.017992511
0.725 0.07677632 0.0044233734 0.014648978 0.010354752 0.06416307 0.017815461
0.726 0.075944774 0.0043798853 0.014556503 0.010311351 0.06346729 0.017639417
0.727 0.07511938 0.004336654 0.014464797 0.010267053 0.062776655 0.01746438
0.728 0.07430018 0.0042936765 0.0143738305 0.010221828 0.06209122 0.017290344
0.729 0.0734871 0.004250952 0.014283603 0.010175755 0.06141096 0.017117327
0.73 0.07268018 0.004208482 0.014194141 0.010128844 0.060735807 0.016945306
0.731 0.07187931 0.004166266 0.014105365 0.010081097 0.06006577 0.016774299
0.732 0.071084514 0.0041243024 0.014017288 0.010032492 0.05940083 0.016604297
0.733 0.07029573 0.0040825885 0.013929853 0.009983065 0.058741 0.016435301
0.734 0.06951299 0.00404113 0.013843117 0.0099328635 0.058086216 0.016267313
0.735 0.06873625 0.003999925 0.0137570035 0.009881872 0.057436485 0.01610033
0.736 0.067965455 0.003958971 0.013671491 0.009830075 0.056791726 0.015934354
0.737 0.0672007 0.003918266 0.013586626 0.009777567 0.056151986 0.015769377
0.738 0.066441774 0.003877815 0.01350234 0.00972432 0.05551723 0.015605409
0.739 0.06568877 0.0038376166 0.013418658 0.009670382 0.054887448 0.015442443
0.74 0.06494163 0.0037976655 0.013335536 0.009615704 0.054262575 0.015280478
0.741 0.06420038 0.0037579646 0.013252985 0.009560402 0.05364262 0.015119523
0.742 0.06346495 0.003718514 0.013170942 0.009504415 0.053027567 0.01495956
0.743 0.06273532 0.0036793132 0.013089444 0.00944781 0.05241741 0.014800603
0.744 0.062011488 0.0036403635 0.013008469 0.009390593 0.051812124 0.014642644
0.745 0.061293405 0.0036016607 0.01292798 0.0093327705 0.051211637 0.01448569
0.746 0.06058107 0.0035632064 0.012847989 0.009274375 0.050615966 0.014329727
0.747 0.059874404 0.0035250017 0.012768449 0.009215425 0.050025105 0.014174765
0.748 0.059173465 0.0034870438 0.012689401 0.009155975 0.049438994 0.014020801
0.749 0.058478173 0.003449335 0.012610787 0.009096002 0.04885767 0.013867829
0.75 0.05778853 0.003411873 0.012532623 0.009035564 0.04828108 0.013715858
0.751 0.057104476 0.0033746576 0.012454843 0.008974648 0.0477092 0.013564879
0.752 0.056426045 0.0033376901 0.01237752 0.008913352 0.047142014 0.013414888
0.753 0.05575314 0.0033009686 0.012300587 0.008851619 0.046579484 0.013265892
0.754 0.055085786 0.0032644921 0.012224026 0.008789498 0.04602164 0.013117883
0.755 0.054423995 0.0032282625 0.012147849 0.008727025 0.045468386 0.012970868
0.756 0.05376764 0.0031922793 0.012072027 0.008664226 0.04491975 0.01282484
0.757 0.053116802 0.0031565402 0.011996571 0.008601154 0.044375718 0.01267979
0.758 0.05247139 0.003121048 0.01192146 0.008537786 0.043836255 0.012535738
0.759 0.051831365 0.0030857988 0.01184666 0.008474156 0.043301333 0.012392661
0.76 0.051196773 0.003050795 0.011772209 0.008410332 0.042770933 0.012250566
0.761 0.050567556 0.0030160346 0.011698053 0.00834634 0.042245045 0.012109452
0.762 0.04994369 0.0029815196 0.011624202 0.008282161 0.041723642 0.0119693205
0.763 0.049325153 0.0029472485 0.011550647 0.008217863 0.041206714 0.011830165
0.764 0.048711896 0.002913221 0.011477366 0.008153467 0.04069422 0.011691984
0.765 0.048103917 0.0028794352 0.011404342 0.008088991 0.040186174 0.0115547795
0.766 0.0475012 0.0028458943 0.011331588 0.008024474 0.03968248 0.011418547
0.767 0.04690369 0.0028125981 0.0112591 0.007959982 0.03918321 0.011283282
0.768 0.046311397 0.0027795434 0.01118683 0.007895485 0.038688306 0.01114899
0.769 0.045724295 0.0027467324 0.011114808 0.007831044 0.03819772 0.011015668
0.77 0.045142345 0.0027141648 0.011042991 0.007766692 0.03771144 0.010883302
0.771 0.044565517 0.0026818402 0.010971416 0.007702477 0.037229475 0.010751907
0.772 0.043993797 0.0026497582 0.010900032 0.007638392 0.036751796 0.010621472
0.773 0.043427143 0.0026179207 0.010828855 0.0075745066 0.036278367 0.010491997
0.774 0.042865563 0.0025863284 0.010757862 0.0075108437 0.03580919 0.01036348
0.775 0.042309012 0.002554977 0.010687053 0.007447439 0.035344217 0.0102359215
0.776 0.041757505 0.002523872 0.010616429 0.007384325 0.03488343 0.010109316
0.777 0.04121094 0.00249301 0.01054597 0.007321529 0.034426823 0.009983664
0.778 0.040669344 0.0024623952 0.010475664 0.0072591063 0.033974383 0.009858962
0.779 0.040132698 0.0024320257 0.01040552 0.007197062 0.033526056 0.009735209
0.78 0.039600972 0.0024019028 0.010335522 0.0071354494 0.03308186 0.009612402
0.781 0.039074104 0.002372027 0.010265672 0.007074329 0.03264175 0.00949054
0.782 0.038552135 0.0023424004 0.010195949 0.0070137074 0.032205734 0.009369619
0.783 0.03803498 0.0023130227 0.010126347 0.006953625 0.031773742 0.009249643
0.784 0.037522666 0.0022838954 0.010056877 0.0068941163 0.03134579 0.009130605
0.785 0.037015144 0.0022550197 0.009987528 0.0068352497 0.030921847 0.009012505
0.786 0.03651238 0.0022263965 0.009918271 0.0067770253 0.030501893 0.008895342
0.787 0.036014352 0.0021980293 0.009849134 0.0067194933 0.030085912 0.008779113
0.788 0.03552104 0.002169919 0.0097800875 0.0066627124 0.02967387 0.008663817
0.789 0.035032436 0.0021420668 0.009711125 0.006606683 0.029265774 0.008549448
0.79 0.034548484 0.0021144745 0.0096422555 0.006551476 0.028861592 0.008436013
0.791 0.03406918 0.0020871463 0.009573464 0.0064971214 0.028461289 0.008323499
0.792 0.03359451 0.0020600827 0.009504739 0.0064436416 0.028064847 0.008211915
0.793 0.03312444 0.0020332856 0.009436086 0.0063910903 0.027672242 0.008101256
0.794 0.032658935 0.0020067594 0.0093675 0.006339502 0.027283493 0.007991519
0.795 0.032197975 0.001980508 0.009298956 0.006288903 0.026898537 0.0078827
0.796 0.031741522 0.0019545308 0.009230455 0.0062393267 0.026517352 0.0077748057
0.797 0.031289574 0.0019288341 0.009162004 0.0061908225 0.026139954 0.007667828
0.798 0.03084211 0.0019034203 0.009093576 0.0061433977 0.025766296 0.0075617665
0.799 0.030399086 0.0018782931 0.009025189 0.0060971156 0.025396336 0.007456623
0.8 0.029960483 0.0018534554 0.008956812 0.006051977 0.025030104 0.0073523903
0.801 0.029526256 0.0018289114 0.008888452 0.0060080118 0.02466754 0.007249078
0.802 0.029096426 0.001804665 0.008820079 0.0059652403 0.024308637 0.00714667
0.803 0.028670928 0.001780721 0.008751704 0.0059236977 0.023953376 0.0070451763
0.8039999999999999 0.02824973 0.0017570823 0.0086833285 0.0058833966 0.023601715 0.0069445944
0.8049999999999999 0.02783284 0.0017337528 0.008614928 0.0058443476 0.02325366 0.00684492
0.8059999999999999 0.027420212 0.0017107379 0.008546493 0.005806567 0.022909174 0.006746153
0.8069999999999999 0.027011814 0.0016880407 0.008478011 0.005770051 0.022568243 0.0066482914
0.8079999999999999 0.026607642 0.0016656659 0.008409488 0.005734821 0.022230837 0.0065513384
0.8089999999999999 0.026207646 0.0016436167 0.008340899 0.00570087 0.02189694 0.0064552887
0.8099999999999999 0.025811799 0.0016218977 0.0082722455 0.0056681954 0.02156653 0.00636014
0.8109999999999999 0.025420114 0.0016005117 0.008203515 0.0056367856 0.021239571 0.0062658973
0.8119999999999999 0.025032498 0.001579463 0.008134685 0.005606634 0.02091606 0.006172553
0.813 0.024648968 0.0015587537 0.008065767 0.005577725 0.020595962 0.006080111
0.814 0.024269495 0.0015383884 0.007996735 0.005550036 0.020279257 0.0059885653
0.815 0.023894036 0.0015183681 0.007927579 0.0055235405 0.019965926 0.005897918
0.816 0.023522584 0.0014986959 0.007858288 0.0054982067 0.019655941 0.005808164
0.817 0.023155086 0.0014793733 0.007788861 0.0054740114 0.01934928 0.0057193097
0.818 0.022791537 0.0014604016 0.0077192863 0.005450918 0.019045917 0.0056313416
0.819 0.022431891 0.001441781 0.0076495395 0.0054288697 0.018745834 0.005544269
0.82 0.022076136 0.0014235125 0.0075796274 0.005407834 0.018449012 0.005458085
0.821 0.02172423 0.0014055945 0.0075095273 0.005387768 0.018155409 0.0053727883
0.822 0.021376148 0.0013880266 0.007439245 0.005368613 0.017865023 0.005288376
0.823 0.021031864 0.0013708067 0.0073687625 0.005350316 0.017577825 0.0052048466
0.824 0.020691354 0.0013539335 0.007298067 0.005332817 0.01729378 0.0051221973
0.825 0.020354604 0.0013374019 0.0072271586 0.005316068 0.017012874 0.0050404263
0.826 0.02002155 0.0013212097 0.0071560256 0.0053000003 0.016735086 0.004959528
0.827 0.019692192 0.0013053518 0.0070846668 0.005284564 0.016460383 0.004879506
0.828 0.019366493 0.0012898231 0.007013072 0.0052696858 0.016188754 0.0048003504
0.829 0.019044429 0.0012746175 0.006941234 0.0052553117 0.015920172 0.0047220616
0.83 0.01872598 0.0012597289 0.006869159 0.005241371 0.015654605 0.004644635
0.831 0.018411102 0.0012451499 0.0067968313 0.0052278102 0.015392029 0.004568069
0.832 0.018099774 0.0012308744 0.006724264 0.0052145687 0.01513244 0.0044923574
0.833 0.017791972 0.001216892 0.0066514406 0.0052015814 0.014875808 0.0044175005
0.834 0.017487675 0.001203197 0.006578375 0.005188795 0.014622098 0.00434349
0.835 0.017186856 0.0011897789 0.0065050614 0.005176151 0.014371292 0.0042703226
0.836 0.016889483 0.0011766293 0.0064314995 0.0051635997 0.014123381 0.0041979956
0.837 0.01659553 0.0011637397 0.006357701 0.005151083 0.013878345 0.0041265064
0.838 0.016304981 0.0011511002 0.0062836655 0.005138555 0.013636136 0.0040558483
0.839 0.016017793 0.0011387018 0.006209403 0.0051259706 0.013396754 0.0039860173
0.84 0.015733968 0.0011265357 0.0061349142 0.0051132874 0.013160178 0.0039170124
0.841 0.015453471 0.0011145937 0.006060224 0.0051004672 0.012926371 0.0038488253
0.842 0.015176276 0.0011028661 0.005985326 0.005087467 0.012695343 0.003781454
0.843 0.014902353 0.001091345 0.005910235 0.0050742663 0.012467044 0.0037148958
0.844 0.014631686 0.0010800223 0.0058349646 0.005060819 0.01224147 0.0036491451
0.845 0.0143642565 0.0010688909 0.005759535 0.0050471122 0.0120186005 0.003584198
0.846 0.014100041 0.0010579434 0.0056839506 0.0050331145 0.011798411 0.0035200526
0.847 0.0138390185 0.0010471742 0.005608233 0.005018808 0.011580891 0.0034567039
0.848 0.013581166 0.0010365761 0.005532398 0.0050041727 0.011366017 0.0033941488
0.849 0.013326458 0.0010261452 0.005456465 0.0049891965 0.0111537725 0.0033323849
0.85 0.013074875 0.0010158756 0.0053804494 0.004973866 0.010944134 0.0032714093
0.851 0.012826409 0.0010057637 0.0053043715 0.0049581695 0.010737093 0.0032112189
0.852 0.012581029 0.0009958053 0.00522825 0.004942097 0.010532625 0.0031518107
0.853 0.012338715 0.0009859985 0.005152109 0.0049256454 0.010330715 0.0030931837
0.854 0.01209945 0.0009763401 0.005075968 0.0049088052 0.0101313535 0.0030353363
0.855 0.011863219 0.000966829 0.004999851 0.0048915767 0.009934515 0.0029782641
0.856 0.011629999 0.00095746235 0.0049237786 0.004873951 0.009740184 0.002921969
0.857 0.011399766 0.00094824005 0.004847768 0.004855925 0.009548353 0.002866447
0.858 0.011172512 0.0009391616 0.0047718543 0.0048374995 0.0093589965 0.0028116992
0.859 0.010948215 0.00093022606 0.00469605 0.0048186723 0.009172101 0.0027577232
0.86 0.010726852 0.0009214334 0.0046203868 0.004799435 0.008987654 0.0027045181
0.861 0.010508416 0.00091278396 0.0045448737 0.0047797835 0.008805637 0.0026520842
0.862 0.0102928765 0.0009042774 0.0044695516 0.0047597154 0.00862604 0.002600421
0.863 0.010080221 0.000895915 0.004394433 0.0047392217 0.008448839 0.002549527
0.864 0.009870438 0.0008876957 0.004319546 0.004718299 0.008274027 0.0024994034
0.865 0.009663504 0.0008796197 0.0042449106 0.004696933 0.0081015825 0.0024500492
0.866 0.009459396 0.0008716879 0.0041705477 0.004675114 0.007931498 0.0024014649
0.867 0.009258108 0.0008638989 0.004096483 0.004652832 0.007763746 0.0023536473
0.868 0.009059613 0.0008562531 0.004022735 0.004630072 0.0075983307 0.0023065999
0.869 0.008863898 0.00084874936 0.0039493334 0.0046068206 0.0074352208 0.0022603204
0.87 0.0086709475 0.00084138603 0.0038762863 0.0045830556 0.0072744037 0.0022148078
0.871 0.00848074 0.00083416165 0.0038036222 0.0045587546 0.0071158707 0.002170062
0.872 0.00829326 0.00082707393 0.0037313593 0.0045339023 0.0069596013 0.0021260816
0.873 0.008108487 0.00082012085 0.0036595222 0.0045084725 0.006805588 0.002082865
0.874 0.007926407 0.0008132981 0.0035881167 0.0044824383 0.006653806 0.00204041
0.875 0.007747006 0.0008066025 0.003517175 0.0044557755 0.006504247 0.001998716
0.876 0.0075702537 0.0008000294 0.0034467047 0.004428454 0.0063568945 0.0019577793
0.877 0.0073961467 0.00079357415 0.0033767289 0.0044004447 0.0062117307 0.0019175961
0.878 0.0072246566 0.00078723143 0.0033072606 0.0043717213 0.0060687414 0.0018781653
0.879 0.007055769 0.0007809945 0.0032383185 0.0043422445 0.0059279134 0.0018394798
0.88 0.006889471 0.00077485683 0.0031699159 0.004311989 0.005789231 0.0018015373
0.881 0.006725731 0.0007688109 0.0031020648 0.0042809187 0.0056526773 0.0017643304
0.882 0.006564547 0.0007628498 0.0030347863 0.0042490065 0.0055182353 0.0017278548
0.883 0.0064058905 0.0007569642 0.0029680857 0.004216215 0.0053858953 0.0016921031
0.884 0.0062497472 0.00075114565 0.0029019795 0.0041825166 0.005255635 0.0016570673
0.885 0.006096095 0.00074538426 0.0028364817 0.0041478756 0.005127442 0.0016227396
0.886 0.0059449174 0.0007396714 0.002771601 0.004112267 0.0050013 0.0015891101
0.887 0.0057961987 0.0007339964 0.0027073515 0.004075662 0.0048771966 0.0015561711
0.888 0.0056499187 0.0007283488 0.0026437412 0.0040380303 0.0047551095 0.00152391
0.889 0.0055060517 0.0007227183 0.0025807798 0.0039993497 0.004635025 0.0014923158
0.89 0.00536459 0.0007170937 0.0025184795 0.003959594 0.004516932 0.0014613761
0.891 0.0052255113 0.0007114644 0.0024568492 0.0039187456 0.004400807 0.0014310789
0.892 0.0050887894 0.00070581917 0.0023958979 0.0038767841 0.004286639 0.0014014093
0.893 0.004954415 0.00070014666 0.0023356327 0.0038336953 0.004174411 0.0013723526
0.894 0.0048223636 0.0006944361 0.002276064 0.003789465 0.004064107 0.0013438946
0.895 0.0046926173 0.0006886763 0.0022171973 0.0037440863 0.0039557097 0.0013160186
0.896 0.00456516 0.00068285695 0.0021590425 0.003697555 0.003849201 0.001288708
0.897 0.004439967 0.00067696656 0.0021016053 0.0036498613 0.00374457 0.0012619466
0.898 0.0043170205 0.0006709956 0.0020448938 0.0036010114 0.0036417968 0.0012357153
0.899 0.004196306 0.0006649334 0.0019889143 0.0035510093 0.003540865 0.0012099968
0.9 0.004077799 0.0006587709 0.0019336741 0.0034998662 0.0034417615 0.0011847733
0.901 0.0039614835 0.00065249874 0.001879179 0.0034475944 0.0033444676 0.0011600245
0.902 0.0038473383 0.0006461077 0.0018254352 0.0033942075 0.0032489686 0.0011357325
0.903 0.0037353428 0.00063959 0.0017724485 0.0033397293 0.0031552447 0.001111878
0.904 0.0036254812 0.000632938 0.0017202257 0.0032841852 0.0030632853 0.0010884418
0.905 0.0035177362 0.0006261444 0.0016687723 0.0032276034 0.002973069 0.0010654043
0.906 0.0034120784 0.00061920367 0.0016180937 0.0031700188 0.0028845833 0.001042748
0.907 0.0033084988 0.00061210874 0.0015681955 0.0031114668 0.002797811 0.0010204526
0.908 0.0032069718 0.00060485554 0.001519082 0.0030519865 0.0027127361 0.0009985004
0.909 0.0031074816 0.0005974396 0.0014707599 0.002991625 0.002629343 0.0009768733
0.91 0.0030100076 0.0005898575 0.001423235 0.0029304347 0.0025476143 0.00095555384
0.911 0.0029145314 0.00058210635 0.0013765101 0.0028684621 0.0024675368 0.00093452545
0.912 0.0028210324 0.00057418423 0.0013305901 0.002805764 0.0023890932 0.0009137712
0.913 0.0027294934 0.00056608964 0.0012854813 0.0027424004 0.0023122658 0.0008932756
0.914 0.002639892 0.00055782346 0.0012411873 0.0026784346 0.0022370422 0.0008730253
0.915 0.0025522122 0.00054938503 0.0011977127 0.0026139289 0.0021634058 0.00085300516
0.916 0.002466433 0.00054077577 0.0011550619 0.0025489521 0.0020913386 0.00083320285
0.917 0.0023825364 0.00053199806 0.0011132372 0.0024835728 0.0020208284 0.00081360596
0.918 0.0023005023 0.00052305445 0.0010722438 0.0024178643 0.0019518583 0.00079420424
0.919 0.0022203117 0.0005139492 0.0010320854 0.0023519003 0.0018844124 0.00077498786
0.92 0.0021419455 0.0005046858 0.0009927643 0.0022857552 0.0018184754 0.0007559473
0.921 0.0020653852 0.00049526995 0.00095428346 0.0022195051 0.0017540329 0.00073707534
0.922 0.0019906112 0.0004857074 0.00091664627 0.0021532297 0.0016910685 0.0007183655
0.923 0.0019176044 0.00047600464 0.0008798543 0.0020870068 0.0016295682 0.0006998121
0.924 0.0018463464 0.0004661692 0.00084391073 0.0020209167 0.0015695144 0.0006814111
0.925 0.0017768177 0.0004562085 0.0008088154 0.0019550363 0.0015108951 0.000663159
0.926 0.0017089994 0.00044613122 0.0007745705 0.0018894468 0.0014536919 0.00064505346
0.927 0.001642872 0.000435946 0.0007411764 0.0018242244 0.0013978925 0.0006270931
0.928 0.0015784163 0.00042566282 0.00070863415 0.0017594495 0.00134348 0.0006092783
0.929 0.0015156143 0.00041529155 0.00067694305 0.0016951988 0.0012904392 0.0005916098
0.93 0.001454446 0.00040484243 0.0006461023 0.0016315464 0.0012387561 0.0005740889
0.931 0.0013948923 0.00039432666 0.00061611104 0.0015685679 0.0011884152 0.0005567184
0.932 0.001336935 0.00038375505 0.0005869677 0.001506336 0.0011394006 0.0005395017
0.9329999999999999 0.0012805536 0.00037313937 0.0005586698 0.0014449196 0.001091698 0.00052244315
0.9339999999999999 0.0012257298 0.00036249138 0.0005312144 0.0013843883 0.0010452918 0.00050554756
0.9349999999999999 0.0011724442 0.000351823 0.0005045986 0.0013248067 0.0010001666 0.0004888205
0.9359999999999999 0.0011206768 0.00034114651 0.00047881826 0.0012662386 0.00095630786 0.0004722684
0.9369999999999999 0.0010704097 0.00033047434 0.0004538683 0.0012087438 0.0009136998 0.0004558977
0.938 0.001021622 0.00031981876 0.00042974396 0.001152378 0.0008723275 0.00043971592
0.939 0.0009742949 0.0003091922 0.00040643962 0.0010971966 0.00083217496 0.00042373035
0.94 0.0009284085 0.00029860722 0.0003839479 0.0010432482 0.000793227 0.00040794918
0.941 0.0008839434 0.00028807623 0.00036226216 0.0009905804 0.000755468 0.0003923806
0.942 0.0008408803 0.00027761163 0.00034137475 0.00093923655 0.0007188825 0.00037703296
0.943 0.00079919863 0.0002672256 0.00032127684 0.0008892543 0.0006834546 0.00036191498
0.944 0.00075887894 0.00025693013 0.0003019593 0.00084067066 0.00064916885 0.00034703538
0.945 0.00071990106 0.00024673712 0.0002834126 0.0007935162 0.0006160086 0.00033240282
0.946 0.0006822452 0.00023665823 0.0002656262 0.0007478184 0.00058395875 0.0003180261
0.947 0.0006458903 0.0002267049 0.00024858912 0.0007036016 0.00055300276 0.00030391393
0.948 0.0006108166 0.00021688796 0.00023228956 0.0006608839 0.0005231245 0.00029007462
0.949 0.00057700434 0.00020721833 0.00021671521 0.0006196821 0.000494307 0.00027651666
0.95 0.0005444315 0.00019770632 0.00020185327 0.00058000674 0.0004665347 0.00026324805
0.951 0.0005130784 0.00018836194 0.00018769052 0.0005418663 0.00043979028 0.00025027667
0.952 0.00048292414 0.00017919474 0.00017421272 0.0005052641 0.0004140576 0.00023761022
0.953 0.0004539471 0.00017021365 0.00016140525 0.00047019936 0.000389319 0.00022525551
0.954 0.00042612694 0.00016142744 0.00014925325 0.00043666878 0.00036555802 0.00021321933
0.955 0.00039944207 0.00015284427 0.00013774112 0.00040466458 0.00034275712 0.00020150816
0.956 0.0003738712 0.00014447175 0.00012685289 0.00037417567 0.00032089924 0.00019012779
0.957 0.00034939274 0.000136317 0.000116572184 0.0003451874 0.0002999666 0.00017908348
0.958 0.0003259849 0.00012838667 0.00010688198 0.00031768158 0.00027994157 0.00016838014
0.959 0.00030362615 0.00012068672 9.776537e-05 0.0002916375 0.00026080635 0.000158022
0.96 0.00028229438 0.00011322268 8.920456e-05 0.0002670308 0.00024254294 0.00014801291
0.961 0.00026196733 0.00010599947 8.118189e-05 0.00024383428 0.00022513315 0.0001383558
0.962 0.0002426228 9.902124e-05 7.3679206e-05 0.00022201812 0.00020855863 0.00012905322
0.963 0.00022423833 9.2291906e-05 6.6678185e-05 0.00020155005 0.00019280078 0.00012010717
0.964 0.00020679143 8.581453e-05 6.01603e-05 0.00018239534 0.00017784126 0.00011151888
0.965 0.00019025926 7.959161e-05 5.4106884e-05 0.00016451678 0.00016366098 0.00010328898
0.966 0.00017461886 7.3625175e-05 4.849914e-05 0.00014787567 0.00015024093 9.541753e-05
0.967 0.00015984736 6.791649e-05 4.3318152e-05 0.00013243083 0.000137562 8.790373e-05
0.968 0.0001459214 6.246632e-05 3.854501e-05 0.0001181399 0.00012560483 8.074638e-05
0.969 0.00013281766 5.7274792e-05 3.416081e-05 0.000104958934 0.00011434987 7.394347e-05
0.97 0.00012051249 5.234147e-05 3.01466e-05 9.284262e-05 0.000103777464 6.749243e-05
0.971 0.00010898235 4.766528e-05 2.6483609e-05 8.17446e-05 9.386775e-05 6.1389925e-05
0.972 9.820335e-05 4.3244596e-05 2.3153085e-05 7.161774e-05 8.460075e-05 5.5632067e-05
0.973 8.8151486e-05 3.9077207e-05 2.01365e-05 6.241414e-05 7.595621e-05 5.0214272e-05
0.974 7.880257e-05 3.5160298e-05 1.7415497e-05 5.4085394e-05 6.791388e-05 4.5131357e-05
0.975 7.013239e-05 3.1490563e-05 1.497192e-05 4.658286e-05 6.0453254e-05 4.0377483e-05
0.976 6.2116465e-05 2.8064052e-05 1.2787899e-05 3.9857758e-05 5.355361e-05 3.5946206e-05
0.977 5.4730164e-05 2.4876326e-05 1.0845881e-05 3.386137e-05 4.719419e-05 3.183048e-05
0.978 4.7948797e-05 2.1922397e-05 9.128657e-06 2.854527e-05 4.1354e-05 2.8022647e-05
0.979 4.1747462e-05 1.9196726e-05 7.6193746e-06 2.3861472e-05 3.601193e-05 2.4514447e-05
0.98 3.610113e-05 1.66933e-05 6.301621e-06 1.9762609e-05 3.1146697e-05 2.1297084e-05
0.981 3.0984625e-05 1.440558e-05 5.1594297e-06 1.6202133e-05 2.67369e-05 1.8361177e-05
0.982 2.6372643e-05 1.2326537e-05 4.1773137e-06 1.3134441e-05 2.2760938e-05 1.5696816e-05
0.983 2.2239747e-05 1.0448672e-05 3.340325e-06 1.0515092e-05 1.9197147e-05 1.3293533e-05
0.984 1.8560346e-05 8.764026e-06 2.6340551e-06 8.300924e-06 1.6023669e-05 1.1140378e-05
0.985 1.5308728e-05 7.264174e-06 2.044697e-06 6.450225e-06 1.3218506e-05 9.225868e-06
0.986 1.2459051e-05 5.9402714e-06 1.5590576e-06 4.922903e-06 1.075955e-05 7.5380576e-06
0.987 9.985321e-06 4.783038e-06 1.1646024e-06 3.6806039e-06 8.624542e-06 6.0645234e-06
0.988 7.861467e-06 3.7827936e-06 8.494769e-07 2.6868638e-06 6.791111e-06 4.7923854e-06
0.989 6.061245e-06 2.929451e-06 6.0254445e-07 1.9072444e-06 5.2367395e-06 3.7083323e-06
0.99 4.5583124e-06 2.2125491e-06 4.1340846e-07 1.3094574e-06 3.9387983e-06 2.7986298e-06
0.991 3.326197e-06 1.6212579e-06 2.7244607e-07 8.6349473e-07 2.8745324e-06 2.049135e-06
0.992 2.3383166e-06 1.1443898e-06 1.7083316e-07 5.417409e-07 2.021065e-06 1.445323e-06
0.993 1.5679658e-06 7.7041835e-07 1.00572095e-07 3.1908803e-07 1.3554088e-06 9.7229e-07
0.994 9.883295e-07 4.8748905e-07 5.451739e-08 1.7304383e-07 8.5445856e-07 6.1477755e-07
0.995 5.724795e-07 2.834333e-07 2.6401413e-08 8.383231e-08 4.9499806e-07 3.5718543e-07
0.996 2.933786e-07 1.4578164e-07 1.0858671e-08 3.449054e-08 2.5370267e-07 1.8358655e-07
0.997 1.2388169e-07 6.1776326e-08 3.449726e-09 1.0960326e-08 1.0714097e-07 7.774285e-08
0.998 3.6738786e-08 1.8383925e-08 6.84158e-10 2.1741413e-09 3.1777812e-08 2.3119693e-08
0.999 4.596452e-09 2.3077757e-09 4.2928668e-11 1.3644236e-10 3.9762305e-09 2.9003335e-09
1.0 0.0 0.0 0.0 0.0 0.0 0.0
