#x cv
0.594903 0.594837
0.591449 0.591388
0.588004 0.587948
0.58457 0.584519
0.581146 0.581101
0.577732 0.577694
0.57433 0.574299
0.57094 0.570916
0.567553 0.567538
0.564183 0.564176
0.560828 0.560829
0.55749 0.557498
0.554169 0.554184
0.550864 0.550885
0.547574 0.547601
0.5443 0.544332
0.54104 0.541077
0.537796 0.537838
0.534569 0.534614
0.531359 0.531407
0.528163 0.528215
0.524983 0.525037
0.521819 0.521874
0.518681 0.518738
0.515551 0.51561
0.512431 0.51249
0.50932 0.509378
0.50622 0.506277
0.503131 0.503185
0.500054 0.500104
0.496976 0.497023
0.493911 0.493954
0.490866 0.490904
0.48784 0.487871
0.484831 0.484856
0.481841 0.481858
0.478867 0.478876
0.475916 0.475915
0.472988 0.472975
0.470068 0.470044
0.467156 0.467123
0.464252 0.464213
0.461358 0.461313
0.458473 0.458425
0.455599 0.455548
0.452727 0.452678
0.449871 0.449822
0.447029 0.446981
0.444203 0.444155
0.441391 0.441343
0.438595 0.438546
0.435813 0.435763
0.433053 0.43301
0.430306 0.430268
0.42757 0.427534
0.424847 0.424807
0.422137 0.422091
0.41944 0.419386
0.416757 0.416693
0.414091 0.413995
0.41144 0.411311
0.408803 0.408655
0.40618 0.406027
0.403572 0.403425
0.400981 0.400849
0.398406 0.398298
0.395841 0.395782
0.393292 0.393294
0.390768 0.39082
0.38827 0.38836
0.385797 0.385915
0.383349 0.383487
0.380925 0.381076
0.378537 0.378681
0.376176 0.376303
0.37383 0.373945
0.371502 0.371607
0.369191 0.369291
0.366898 0.366995
0.364626 0.364722
0.362353 0.362466
0.360099 0.360232
0.357885 0.358025
0.355709 0.355846
0.353569 0.353692
0.351464 0.351566
0.349392 0.349466
0.347378 0.347395
0.345386 0.34535
0.343406 0.343328
0.341439 0.34133
0.339487 0.339357
0.337552 0.337407
0.335629 0.33548
0.333712 0.333574
0.331824 0.331695
0.329965 0.329845
0.328133 0.328022
0.326328 0.326225
0.32455 0.324455
0.322807 0.322718
0.321087 0.321005
0.319386 0.319312
0.317705 0.317641
0.316044 0.315991
0.314405 0.314364
0.312794 0.312762
0.311206 0.311184
0.309636 0.309627
0.308085 0.308091
0.306556 0.306579
0.30505 0.305092
0.303567 0.303632
0.302112 0.302199
0.300686 0.30079
0.299291 0.299408
0.29793 0.298052
0.296602 0.296727
0.295294 0.295424
0.294031 0.294158
0.292814 0.29293
0.291643 0.291741
0.290517 0.29059
0.289428 0.289466
0.288379 0.288378
0.287376 0.287343
0.286416 0.286357
0.285496 0.285418
0.284599 0.284508
0.283722 0.283623
0.282899 0.282794
0.282118 0.282013
0.281372 0.281269
0.280636 0.280541
0.279911 0.279827
0.279208 0.279133
0.278511 0.278446
0.277806 0.27775
0.277084 0.277026
0.276318 0.276267
0.275493 0.275458
0.274594 0.274583
0.273604 0.273633
0.272515 0.272584
0.271318 0.271413
0.269999 0.270107
0.268554 0.26866
0.26696 0.267055
0.265177 0.265264
0.2632 0.26328
0.261028 0.261103
0.258647 0.258716
0.256047 0.256108
0.253226 0.253276
0.25018 0.250223
0.246908 0.246936
0.243408 0.243413
0.239689 0.239666
0.235731 0.23568
0.231525 0.231451
0.227058 0.226969
0.222357 0.222257
0.217475 0.217368
0.212412 0.212298
0.207139 0.207024
0.201601 0.201495
0.195804 0.195715
0.189768 0.189705
0.183512 0.183482
0.177046 0.177053
0.170373 0.170418
0.163504 0.163586
0.156454 0.156571
0.149245 0.149374
0.141902 0.142023
0.134425 0.134524
0.126836 0.126904
0.119162 0.119195
0.111421 0.111419
0.103657 0.103627
0.0959 0.0958434
0.0882073 0.0881249
0.0805935 0.0805103
0.0731262 0.0730556
0.065833 0.0658055
0.0587598 0.0588132
0.0520229 0.0521252
0.0456891 0.0457876
0.0397798 0.0398428
0.0343167 0.0343239
0.0293015 0.0292679
0.0247436 0.0246874
0.0206559 0.0206087
0.0170218 0.0170169
0.0139031 0.0139135
0.0112622 0.0112576
0.00901744 0.00901397
0.00712495 0.00713285
0.00555191 0.00556219
0.00425424 0.00425946
1.12386 1.12411
1.11386 1.11405
1.10391 1.10405
1.09403 1.09413
1.08421 1.08427
1.07445 1.07448
1.06475 1.06475
1.05512 1.0551
1.04553 1.0455
1.03601 1.03597
1.02656 1.02651
1.01718 1.01712
1.00786 1.0078
0.998614 0.998547
0.989428 0.989361
0.98032 0.980256
0.971282 0.971223
0.962296 0.962241
0.95336 0.953312
0.944479 0.944438
0.93565 0.935616
0.926876 0.926849
0.918156 0.918136
0.909469 0.909459
0.90085 0.900848
0.892299 0.892305
0.883814 0.883827
0.875396 0.875415
0.867042 0.867066
0.858753 0.858781
0.85054 0.850572
0.842388 0.842423
0.834292 0.834329
0.82625 0.826288
0.818263 0.818302
0.810333 0.810372
0.802459 0.802496
0.794637 0.794672
0.786867 0.786899
0.779158 0.779187
0.771512 0.771537
0.763925 0.763947
0.7564 0.756418
0.748935 0.74895
0.741529 0.741541
0.734189 0.734199
0.726904 0.726912
0.719675 0.71968
0.712503 0.712504
0.705387 0.705382
0.698326 0.698317
0.691322 0.691307
0.684373 0.68435
0.677481 0.677449
0.670645 0.670607
0.663865 0.663822
0.657141 0.657094
0.650474 0.650424
0.643863 0.643811
0.637313 0.637255
0.63082 0.630756
0.624379 0.624315
0.617991 0.61793
0.611657 0.611602
0.605377 0.605331
0.599151 0.599117
0.592971 0.592958
0.586842 0.586853
0.580777 0.580808
0.574775 0.57482
0.568835 0.568891
0.562956 0.563019
0.557138 0.557204
0.551384 0.551447
0.54569 0.545746
0.54005 0.5401
0.534464 0.534509
0.52893 0.528971
0.523449 0.523486
0.518022 0.518055
0.51264 0.512674
0.50731 0.507346
0.502039 0.502073
0.496826 0.496856
0.491669 0.491692
0.486568 0.486583
0.481522 0.481527
0.476543 0.476528
0.471613 0.47158
0.466726 0.46668
0.461882 0.461827
0.457084 0.457023
0.452329 0.452266
0.447618 0.447556
0.442947 0.442893
0.438326 0.438278
0.433753 0.433711
0.429229 0.429193
0.424753 0.424722
0.420324 0.420299
0.415952 0.415931
0.411625 0.411608
0.407339 0.407327
0.403096 0.403089
0.398897 0.398896
0.394743 0.394747
0.390635 0.390644
0.386574 0.386588
0.382559 0.382578
0.37859 0.378614
0.374669 0.374698
0.370798 0.370831
0.366972 0.367012
0.363199 0.363244
0.359481 0.359529
0.355819 0.355866
0.352214 0.352258
0.348665 0.348703
0.345155 0.345188
0.341712 0.341737
0.338337 0.338352
0.335026 0.335029
0.331778 0.331768
0.328583 0.328555
0.325443 0.325397
0.322366 0.322308
0.319346 0.319281
0.316379 0.316312
0.31345 0.313385
0.310558 0.310498
0.307719 0.307667
0.304924 0.304883
0.302165 0.302135
0.299423 0.299408
0.296698 0.296698
0.293992 0.294005
0.291293 0.291317
0.288589 0.288623
0.285874 0.285913
0.283124 0.283169
0.280329 0.280378
0.277478 0.277528
0.274568 0.274621
0.271577 0.271631
0.268491 0.26854
0.265302 0.265342
0.262004 0.262031
0.258588 0.258599
0.255045 0.255043
0.251368 0.251356
0.247567 0.247548
0.243607 0.243581
0.239479 0.239448
0.235185 0.235148
0.230725 0.230684
0.226103 0.226059
0.22132 0.221273
0.216379 0.216329
0.211275 0.211226
0.206011 0.205966
0.200587 0.200551
0.195008 0.194983
0.189277 0.189263
0.183397 0.183393
0.177367 0.177375
0.171189 0.171211
0.164872 0.164908
0.158412 0.158462
0.15182 0.151881
0.145101 0.145169
0.13826 0.13833
0.131314 0.131382
0.124271 0.124325
0.117153 0.117184
0.109965 0.109968
0.102724 0.102701
0.0954566 0.0954117
0.0881861 0.088125
0.0809499 0.0808805
0.0737809 0.0737115
0.0667236 0.0666641
0.0598086 0.0597807
0.0530984 0.0531108
0.0466463 0.0467022
0.0405324 0.0406061
0.0348159 0.0348689
0.0295235 0.029543
0.0246797 0.0246628
0.0202934 0.0202658
0.0164067 0.0163856
0.0130345 0.0130313
0.0101763 0.0101753
0.00778427 0.00778167
0.00580549 0.00581016
0.00420032 0.00420284
0.0029159 0.0029123
0.00190979 0.00190183
0.00114253 0.00114111
0.000602693 0.000602785
0.000257271 0.000257176
1.75428 1.75455
1.73482 1.73502
1.71554 1.71568
1.69646 1.69654
1.67756 1.67759
1.65885 1.65884
1.64031 1.64026
1.62194 1.62187
1.60381 1.60372
1.58582 1.58572
1.56797 1.56786
1.55026 1.55013
1.53268 1.53256
1.51524 1.51512
1.49794 1.49782
1.48077 1.48065
1.46373 1.46362
1.44684 1.44674
1.4301 1.43001
1.41351 1.41344
1.39707 1.39701
1.38078 1.38073
1.36463 1.3646
1.34864 1.34862
1.33279 1.33278
1.31708 1.31709
1.30151 1.30153
1.28608 1.28611
1.27079 1.27082
1.25564 1.25568
1.24061 1.24067
1.22573 1.22579
1.21099 1.21105
1.19639 1.19645
1.18192 1.18199
1.1676 1.16767
1.15341 1.15348
1.13936 1.13943
1.12545 1.12552
1.11167 1.11174
1.09802 1.09809
1.0845 1.08456
1.07112 1.07117
1.05786 1.05791
1.04473 1.04478
1.03173 1.03177
1.01885 1.01889
1.00611 1.00614
0.993487 0.993509
0.980993 0.981007
0.968623 0.96863
0.956378 0.956376
0.944257 0.944245
0.93226 0.932238
0.920384 0.920355
0.908629 0.908593
0.896995 0.896953
0.88548 0.885435
0.874085 0.874036
0.862809 0.862757
0.85165 0.851596
0.840609 0.840555
0.829686 0.829633
0.818878 0.818829
0.808187 0.808142
0.797611 0.797572
0.787143 0.787114
0.776786 0.776769
0.766548 0.766541
0.756428 0.756428
0.746424 0.74643
0.736534 0.736545
0.726758 0.726773
0.717098 0.717113
0.707548 0.707562
0.698104 0.698117
0.688764 0.688777
0.679526 0.67954
0.670389 0.670404
0.661355 0.66137
0.652429 0.652447
0.643603 0.643624
0.634872 0.634895
0.626235 0.626258
0.617693 0.617715
0.609246 0.609265
0.600894 0.60091
0.592616 0.592624
0.58444 0.584441
0.57637 0.576366
0.568404 0.568396
0.560539 0.560529
0.552774 0.552762
0.545113 0.545101
0.537563 0.537554
0.530094 0.530088
0.522708 0.522703
0.515403 0.5154
0.508181 0.508178
0.501042 0.501039
0.493983 0.493979
0.487008 0.487004
0.480119 0.480114
0.473314 0.47331
0.466595 0.466591
0.459961 0.459958
0.453419 0.453416
0.446962 0.44696
0.440586 0.440586
0.434292 0.434293
0.428081 0.428083
0.421955 0.421958
0.415902 0.415909
0.409938 0.409947
0.404069 0.40408
0.398296 0.398305
0.392617 0.392624
0.387032 0.387035
0.381521 0.38152
0.376112 0.376106
0.370803 0.370792
0.365589 0.365574
0.360468 0.360449
0.355434 0.355408
0.350485 0.350453
0.345621 0.345588
0.340838 0.340806
0.336131 0.336105
0.331484 0.331466
0.326896 0.326888
0.322391 0.322393
0.317959 0.31797
0.31359 0.31361
0.309273 0.309302
0.304999 0.305037
0.300763 0.300806
0.296554 0.296599
0.292362 0.292406
0.288183 0.288224
0.283993 0.284029
0.279783 0.279811
0.275543 0.275564
0.271272 0.271284
0.26695 0.266953
0.262567 0.26256
0.258114 0.258097
0.253595 0.253566
0.248992 0.248954
0.244295 0.244251
0.239501 0.239454
0.234615 0.234568
0.229622 0.229577
0.224518 0.224477
0.219306 0.21927
0.213986 0.213956
0.20856 0.208537
0.203029 0.203014
0.197398 0.19739
0.191661 0.191662
0.185824 0.185833
0.179888 0.179908
0.173858 0.173886
0.167736 0.16777
0.161528 0.161567
0.155233 0.155275
0.148857 0.148902
0.14241 0.142455
0.135888 0.135931
0.129304 0.129345
0.122666 0.122701
0.115983 0.116008
0.109273 0.109288
0.102543 0.102541
0.0958154 0.0957952
0.0890988 0.0890621
0.0824168 0.0823678
0.0757938 0.0757377
0.0692582 0.0692003
0.0628404 0.062788
0.0565743 0.0565336
0.050495 0.0504741
0.0446385 0.0446468
0.0390558 0.0390888
0.033782 0.0338323
0.0288845 0.0289297
0.0243865 0.0244084
0.0202865 0.020285
0.016603 0.0165877
0.0133444 0.0133304
0.0105281 0.0105213
0.00814193 0.00814155
0.00616472 0.00616404
0.00454421 0.00454627
0.00323873 0.00324129
0.00220998 0.00220891
0.00141619 0.00141291
0.000826408 0.000825705
0.00042053 0.000421012
0.000171242 0.000171306
4.43548e-05 4.43192e-05
2.38668 2.38691
2.35644 2.3566
2.32649 2.32659
2.29684 2.29688
2.26748 2.26747
2.23841 2.23837
2.20963 2.20955
2.18114 2.18104
2.15291 2.15279
2.12498 2.12485
2.09734 2.09721
2.07 2.06986
2.04295 2.04281
2.01619 2.01606
1.98971 1.98958
1.96353 1.96341
1.93763 1.93753
1.912 1.91191
1.88663 1.88655
1.86152 1.86146
1.83667 1.83662
1.81208 1.81204
1.78775 1.78772
1.76366 1.76365
1.73982 1.73983
1.71625 1.71627
1.69293 1.69297
1.66987 1.66992
1.64706 1.64711
1.6245 1.62456
1.60219 1.60226
1.58012 1.5802
1.5583 1.55838
1.53672 1.5368
1.51537 1.51546
1.49426 1.49435
1.47339 1.47348
1.45275 1.45283
1.43233 1.43242
1.41215 1.41223
1.3922 1.39227
1.37247 1.37254
1.35297 1.35304
1.3337 1.33376
1.31465 1.3147
1.29582 1.29587
1.27721 1.27725
1.25882 1.25884
1.24063 1.24065
1.22265 1.22266
1.20488 1.20488
1.18731 1.18731
1.16995 1.16994
1.15279 1.15277
1.13584 1.13581
1.11908 1.11904
1.10253 1.10248
1.08617 1.08612
1.07001 1.06996
1.05404 1.05399
1.03826 1.03821
1.02268 1.02263
1.0073 1.00724
0.992098 0.992046
0.977089 0.977042
0.962269 0.962226
0.947636 0.947599
0.933187 0.933158
0.918918 0.918897
0.904829 0.904813
0.890918 0.890907
0.877182 0.877176
0.863622 0.863621
0.850233 0.850234
0.837012 0.837016
0.823965 0.823971
0.811086 0.811095
0.798374 0.798385
0.785827 0.78584
0.773444 0.77346
0.761227 0.761247
0.749169 0.749192
0.73727 0.737295
0.725526 0.725553
0.713937 0.713964
0.702502 0.702528
0.69122 0.691245
0.680088 0.680109
0.669106 0.669123
0.658271 0.658284
0.647581 0.647591
0.637035 0.637043
0.62663 0.626637
0.616369 0.616374
0.60625 0.606256
0.596268 0.596273
0.586422 0.586426
0.576709 0.576713
0.567131 0.567132
0.557685 0.557685
0.548378 0.548374
0.5392 0.539194
0.530149 0.530141
0.521225 0.521215
0.512428 0.512417
0.503758 0.503747
0.495215 0.495204
0.486799 0.486788
0.478511 0.478501
0.47035 0.47034
0.462317 0.462307
0.454411 0.454402
0.446622 0.446615
0.438962 0.438957
0.431437 0.431433
0.424047 0.424043
0.416788 0.416782
0.409659 0.409652
0.402643 0.402633
0.395761 0.395749
0.389012 0.388998
0.38239 0.382376
0.375893 0.375878
0.369509 0.369493
0.363239 0.363223
0.357088 0.357074
0.351048 0.351038
0.345113 0.34511
0.339272 0.339277
0.33352 0.333534
0.327866 0.327889
0.322304 0.322333
0.316822 0.316856
0.311412 0.311451
0.306066 0.306108
0.300775 0.300817
0.295529 0.295568
0.29032 0.290354
0.285144 0.285171
0.279982 0.28
0.274825 0.274834
0.269666 0.269666
0.264506 0.264495
0.259323 0.259302
0.254106 0.254076
0.248849 0.248812
0.243556 0.243512
0.238212 0.238162
0.232807 0.232756
0.227341 0.227291
0.221817 0.221772
0.216227 0.216188
0.210567 0.210535
0.204841 0.204817
0.199049 0.199035
0.193193 0.193188
0.187274 0.187278
0.181297 0.181311
0.175259 0.175282
0.169164 0.169194
0.163017 0.163055
0.156821 0.156863
0.150579 0.150624
0.144301 0.144346
0.137983 0.138026
0.131633 0.131673
0.125261 0.125297
0.118869 0.118899
0.112471 0.112493
0.106073 0.106086
0.099685 0.0996866
0.0933255 0.0933152
0.0870023 0.0869794
0.0807383 0.0807028
0.0745446 0.0744999
0.0684437 0.0683939
0.0624588 0.0624089
0.0566159 0.0565701
0.0509414 0.0509052
0.0454635 0.0454416
0.0402133 0.0402094
0.0352187 0.0352362
0.0305208 0.0305526
0.0261441 0.0261818
0.0221232 0.0221528
0.0184679 0.0184795
0.015186 0.0151829
0.0122822 0.012272
0.00975121 0.0097432
0.00759505 0.0075915
0.00579285 0.00579273
0.00431628 0.00431661
0.00312282 0.00312468
0.0021765 0.00217793
0.00144387 0.00144327
0.000892573 0.000891357
0.000497291 0.000497512
0.000237718 0.000238118
8.80371e-05 8.8103e-05
1.93441e-05 1.93315e-05
2.9714 2.97158
2.92991 2.93002
2.88889 2.88895
2.84835 2.84835
2.80826 2.80822
2.76863 2.76856
2.72945 2.72935
2.69073 2.69061
2.65245 2.65232
2.61462 2.61449
2.57722 2.57709
2.54027 2.54013
2.50374 2.50361
2.46764 2.46751
2.43196 2.43184
2.3967 2.3966
2.36186 2.36177
2.32743 2.32736
2.29341 2.29335
2.25979 2.25974
2.22656 2.22653
2.19373 2.19372
2.1613 2.1613
2.12925 2.12926
2.09759 2.09761
2.06631 2.06635
2.03541 2.03546
2.00489 2.00495
1.97474 1.9748
1.94496 1.94503
1.91555 1.91563
1.8865 1.88659
1.85781 1.8579
1.82947 1.82956
1.80149 1.80158
1.77385 1.77394
1.74656 1.74665
1.7196 1.71969
1.69299 1.69307
1.66671 1.66679
1.64076 1.64084
1.61515 1.61522
1.58986 1.58993
1.5649 1.56496
1.54027 1.54031
1.51596 1.516
1.49196 1.49199
1.46826 1.46829
1.44488 1.44489
1.42179 1.42179
1.399 1.39899
1.3765 1.37649
1.3543 1.35428
1.33239 1.33236
1.31077 1.31073
1.28944 1.28939
1.26839 1.26834
1.24762 1.24757
1.22714 1.22708
1.20693 1.20688
1.18701 1.18695
1.16734 1.16729
1.14795 1.1479
1.12882 1.12877
1.10994 1.1099
1.09133 1.09129
1.07297 1.07293
1.05486 1.05483
1.037 1.03698
1.0194 1.01939
1.00206 1.00205
0.98496 0.984952
0.968109 0.968105
0.951506 0.951506
0.935143 0.935147
0.919011 0.919019
0.903105 0.903116
0.887422 0.887437
0.87196 0.871978
0.85672 0.85674
0.841697 0.84172
0.826887 0.826914
0.812295 0.812324
0.797916 0.797946
0.783747 0.783778
0.769788 0.769818
0.756037 0.756066
0.742495 0.742521
0.729154 0.729177
0.71601 0.716029
0.703059 0.703076
0.690302 0.690316
0.677735 0.677746
0.665358 0.665367
0.65317 0.653178
0.641167 0.641174
0.629349 0.629353
0.617713 0.617715
0.606258 0.606257
0.594982 0.594979
0.583887 0.58388
0.572968 0.572958
0.562224 0.562212
0.551653 0.551639
0.541255 0.54124
0.531029 0.531013
0.520974 0.520958
0.511088 0.511072
0.50137 0.501354
0.491817 0.491803
0.48243 0.482416
0.473208 0.473195
0.464139 0.464128
0.455234 0.455224
0.446499 0.44649
0.43793 0.437922
0.429525 0.429516
0.421281 0.421272
0.413179 0.413169
0.405242 0.405231
0.397467 0.397456
0.389848 0.389838
0.38238 0.382372
0.375055 0.375048
0.36787 0.367865
0.360825 0.360824
0.353913 0.353916
0.347128 0.347136
0.340456 0.340472
0.333894 0.333918
0.327451 0.327481
0.321118 0.321151
0.314884 0.31492
0.308743 0.30878
0.302685 0.302722
0.296698 0.296732
0.290773 0.290802
0.284903 0.284926
0.279086 0.2791
0.273301 0.273306
0.267539 0.267534
0.261794 0.26178
0.256066 0.256043
0.250338 0.250306
0.2446 0.244562
0.238847 0.238804
0.233083 0.233037
0.227295 0.227247
0.221475 0.221428
0.215622 0.215579
0.20974 0.209704
0.203822 0.203793
0.197865 0.197845
0.191874 0.191862
0.185849 0.185847
0.179791 0.179798
0.173702 0.173718
0.167588 0.167613
0.161445 0.161477
0.15528 0.155317
0.149096 0.149137
0.142897 0.14294
0.136688 0.136731
0.130477 0.130518
0.124264 0.1243
0.118055 0.118086
0.111862 0.111886
0.105686 0.105702
0.0995408 0.0995489
0.0934346 0.0934333
0.0873786 0.0873673
0.0813895 0.0813682
0.0754765 0.0754461
0.06966 0.0696215
0.0639525 0.0639095
0.0583737 0.0583298
0.0529455 0.0529047
0.0476898 0.0476555
0.0426302 0.0426061
0.0377893 0.0377788
0.0331936 0.0331978
0.0288642 0.0288836
0.0248319 0.0248597
0.0211123 0.0211408
0.0177272 0.0177477
0.0146788 0.0146856
0.0119694 0.0119664
0.00959736 0.00959028
0.00755256 0.00754747
0.0058283 0.00582624
0.00440076 0.00440094
0.00324162 0.00324237
0.00231469 0.00231622
0.00158843 0.00158945
0.00103413 0.00103389
0.000624801 0.000624375
0.000338637 0.000338984
0.000156204 0.000156517
5.51835e-05 5.52398e-05
1.13811e-05 1.13764e-05
