#x cv
0.594903 0.593965
0.591449 0.590638
0.588004 0.587314
0.58457 0.583994
0.581146 0.580677
0.577732 0.577364
0.57433 0.574057
0.57094 0.570755
0.567553 0.567453
0.564183 0.564161
0.560828 0.560876
0.55749 0.557602
0.554169 0.554337
0.550864 0.551081
0.547574 0.547835
0.5443 0.544598
0.54104 0.541369
0.537796 0.538152
0.534569 0.534945
0.531359 0.531749
0.528163 0.528564
0.524983 0.525389
0.521819 0.522226
0.518681 0.519085
0.515551 0.515948
0.512431 0.512818
0.50932 0.509693
0.50622 0.506576
0.503131 0.503467
0.500054 0.500367
0.496976 0.497265
0.493911 0.494173
0.490866 0.4911
0.48784 0.488044
0.484831 0.485005
0.481841 0.481983
0.478867 0.478976
0.475916 0.475991
0.472988 0.473026
0.470068 0.470071
0.467156 0.467128
0.464252 0.464196
0.461358 0.461276
0.458473 0.458368
0.455599 0.455473
0.452727 0.452584
0.449871 0.449712
0.447029 0.446856
0.444203 0.444017
0.441391 0.441194
0.438595 0.438387
0.435813 0.435596
0.433053 0.432836
0.430306 0.430088
0.42757 0.42735
0.424847 0.424621
0.422137 0.421905
0.41944 0.419201
0.416757 0.416511
0.414091 0.413817
0.41144 0.411137
0.408803 0.408488
0.40618 0.405867
0.403572 0.403274
0.400981 0.400708
0.398406 0.398168
0.395841 0.395664
0.393292 0.393188
0.390768 0.390726
0.38827 0.388279
0.385797 0.385849
0.383349 0.383434
0.380925 0.381037
0.378537 0.378656
0.376176 0.376292
0.37383 0.373948
0.371502 0.371624
0.369191 0.36932
0.366898 0.367036
0.364626 0.364774
0.362353 0.362529
0.360099 0.360305
0.357885 0.358107
0.355709 0.355934
0.353569 0.353787
0.351464 0.351665
0.349392 0.349568
0.347378 0.3475
0.345386 0.345456
0.343406 0.343434
0.341439 0.341434
0.339487 0.339457
0.337552 0.337502
0.335629 0.33557
0.333712 0.333656
0.331824 0.33177
0.329965 0.329911
0.328133 0.328078
0.326328 0.326271
0.32455 0.324491
0.322807 0.322742
0.321087 0.321017
0.319386 0.319314
0.317705 0.317632
0.316044 0.315973
0.314405 0.314336
0.312794 0.312726
0.311206 0.311139
0.309636 0.309575
0.308085 0.308036
0.306556 0.306521
0.30505 0.305032
0.303567 0.303572
0.302112 0.302139
0.300686 0.300733
0.299291 0.299355
0.29793 0.298005
0.296602 0.296686
0.295294 0.295392
0.294031 0.294134
0.292814 0.292915
0.291643 0.291733
0.290517 0.29059
0.289428 0.289473
0.288379 0.288393
0.287376 0.287363
0.286416 0.286381
0.285496 0.285443
0.284599 0.284533
0.283722 0.283647
0.282899 0.282816
0.282118 0.282032
0.281372 0.281284
0.280636 0.28055
0.279911 0.27983
0.279208 0.279132
0.278511 0.278442
0.277806 0.277744
0.277084 0.277019
0.276318 0.27626
0.275493 0.275453
0.274594 0.27458
0.273604 0.273633
0.272515 0.272588
0.271318 0.271419
0.269999 0.270113
0.268554 0.268665
0.26696 0.267058
0.265177 0.265264
0.2632 0.263276
0.261028 0.261095
0.258647 0.258705
0.256047 0.256093
0.253226 0.253259
0.25018 0.250202
0.246908 0.246915
0.243408 0.243397
0.239689 0.239654
0.235731 0.235677
0.231525 0.231461
0.227058 0.226992
0.222357 0.222296
0.217475 0.21742
0.212412 0.212364
0.207139 0.207099
0.201601 0.201573
0.195804 0.19579
0.189768 0.189769
0.183512 0.183526
0.177046 0.177072
0.170373 0.170407
0.163504 0.163541
0.156454 0.156494
0.149245 0.149272
0.141902 0.141901
0.134425 0.1344
0.126836 0.126795
0.119162 0.119115
0.111421 0.11139
0.103657 0.103657
0.0959 0.0959251
0.0882073 0.0882576
0.0805935 0.0806401
0.0731262 0.0731433
0.065833 0.0658149
0.0587598 0.0587068
0.0520229 0.0519571
0.0456891 0.0456267
0.0397798 0.0397534
0.0343167 0.0343765
0.0293015 0.0293951
0.0247436 0.0247868
0.0206559 0.0206596
0.0170218 0.0170171
0.0139031 0.013899
0.0112622 0.0112605
0.00901744 0.00902298
0.00712495 0.00713911
0.00555191 0.00555773
0.00425424 0.00424465
1.12386 1.12349
1.11386 1.11356
1.10391 1.10368
1.09403 1.09386
1.08421 1.0841
1.07445 1.07439
1.06475 1.06475
1.05512 1.05516
1.04553 1.04561
1.03601 1.03613
1.02656 1.02671
1.01718 1.01736
1.00786 1.00807
0.998614 0.998833
0.989428 0.989662
0.98032 0.980565
0.971282 0.971534
0.962296 0.962551
0.95336 0.953615
0.944479 0.944731
0.93565 0.935897
0.926876 0.927114
0.918156 0.918383
0.909469 0.909683
0.90085 0.901048
0.892299 0.892481
0.883814 0.883978
0.875396 0.87554
0.867042 0.867165
0.858753 0.858854
0.85054 0.850617
0.842388 0.842441
0.834292 0.834321
0.82625 0.826256
0.818263 0.818247
0.810333 0.810296
0.802459 0.8024
0.794637 0.794557
0.786867 0.786765
0.779158 0.779038
0.771512 0.771374
0.763925 0.763773
0.7564 0.756234
0.748935 0.748758
0.741529 0.741344
0.734189 0.733998
0.726904 0.726708
0.719675 0.719476
0.712503 0.712301
0.705387 0.705183
0.698326 0.698123
0.691322 0.691119
0.684373 0.68417
0.677481 0.67728
0.670645 0.670448
0.663865 0.663674
0.657141 0.656959
0.650474 0.650303
0.643863 0.643704
0.637313 0.637163
0.63082 0.63068
0.624379 0.624254
0.617991 0.617885
0.611657 0.611572
0.605377 0.605317
0.599151 0.599118
0.592971 0.592973
0.586842 0.586883
0.580777 0.580851
0.574775 0.574877
0.568835 0.568959
0.562956 0.563097
0.557138 0.557293
0.551384 0.551545
0.54569 0.545852
0.54005 0.540213
0.534464 0.534626
0.52893 0.529091
0.523449 0.523609
0.518022 0.518179
0.51264 0.512798
0.50731 0.507468
0.502039 0.502192
0.496826 0.49697
0.491669 0.491801
0.486568 0.486685
0.481522 0.481621
0.476543 0.476614
0.471613 0.471656
0.466726 0.466746
0.461882 0.461883
0.457084 0.457067
0.452329 0.452299
0.447618 0.447577
0.442947 0.442901
0.438326 0.438274
0.433753 0.433697
0.429229 0.429167
0.424753 0.424687
0.420324 0.420255
0.415952 0.415877
0.411625 0.411546
0.407339 0.407259
0.403096 0.403016
0.398897 0.39882
0.394743 0.394669
0.390635 0.390566
0.386574 0.38651
0.382559 0.382502
0.37859 0.378543
0.374669 0.374633
0.370798 0.370773
0.366972 0.366963
0.363199 0.363204
0.359481 0.359498
0.355819 0.355846
0.352214 0.352247
0.348665 0.348703
0.345155 0.3452
0.341712 0.341759
0.338337 0.338382
0.335026 0.335067
0.331778 0.331811
0.328583 0.328603
0.325443 0.325448
0.322366 0.32236
0.319346 0.319332
0.316379 0.316359
0.31345 0.313428
0.310558 0.310535
0.307719 0.307697
0.304924 0.304906
0.302165 0.30215
0.299423 0.299414
0.296698 0.296696
0.293992 0.293996
0.291293 0.291303
0.288589 0.288604
0.285874 0.285891
0.283124 0.283145
0.280329 0.280353
0.277478 0.277504
0.274568 0.274599
0.271577 0.271611
0.268491 0.268523
0.265302 0.265327
0.262004 0.262018
0.258588 0.258589
0.255045 0.255035
0.251368 0.251349
0.247567 0.247542
0.243607 0.243577
0.239479 0.239445
0.235185 0.235149
0.230725 0.230688
0.226103 0.226067
0.22132 0.221287
0.216379 0.216349
0.211275 0.211252
0.206011 0.205999
0.200587 0.200589
0.195008 0.195024
0.189277 0.189304
0.183397 0.183433
0.177367 0.177409
0.171189 0.171233
0.164872 0.164916
0.158412 0.158451
0.15182 0.15185
0.145101 0.145118
0.13826 0.138262
0.131314 0.1313
0.124271 0.124239
0.117153 0.117102
0.109965 0.109904
0.102724 0.102669
0.0954566 0.0954179
0.0881861 0.0881765
0.0809499 0.0809721
0.0737809 0.073821
0.0667236 0.0667689
0.0598086 0.0598383
0.0530984 0.0531046
0.0466463 0.0466302
0.0405324 0.0405089
0.0348159 0.0348045
0.0295235 0.0295286
0.0246797 0.0247037
0.0202934 0.0202966
0.0164067 0.0163893
0.0130345 0.0130222
0.0101763 0.0101753
0.00778427 0.00779205
0.00580549 0.00581661
0.00420032 0.00419895
0.0029159 0.00290244
0.00190979 0.00189307
0.00114253 0.00113841
0.000602693 0.000603961
0.000257271 0.000258122
1.75428 1.75413
1.73482 1.73471
1.71554 1.71548
1.69646 1.69643
1.67756 1.67757
1.65885 1.65888
1.64031 1.64037
1.62194 1.62203
1.60381 1.60392
1.58582 1.58595
1.56797 1.56811
1.55026 1.55041
1.53268 1.53284
1.51524 1.51541
1.49794 1.49811
1.48077 1.48093
1.46373 1.46389
1.44684 1.447
1.4301 1.43025
1.41351 1.41365
1.39707 1.3972
1.38078 1.3809
1.36463 1.36474
1.34864 1.34874
1.33279 1.33287
1.31708 1.31714
1.30151 1.30155
1.28608 1.28611
1.27079 1.2708
1.25564 1.25563
1.24061 1.24059
1.22573 1.22568
1.21099 1.21092
1.19639 1.1963
1.18192 1.18183
1.1676 1.16749
1.15341 1.15329
1.13936 1.13922
1.12545 1.1253
1.11167 1.11151
1.09802 1.09785
1.0845 1.08433
1.07112 1.07094
1.05786 1.05767
1.04473 1.04454
1.03173 1.03154
1.01885 1.01867
1.00611 1.00593
0.993487 0.99331
0.980993 0.98082
0.968623 0.968457
0.956378 0.956219
0.944257 0.944105
0.93226 0.932115
0.920384 0.920249
0.908629 0.908506
0.896995 0.896885
0.88548 0.885386
0.874085 0.874006
0.862809 0.862746
0.85165 0.851605
0.840609 0.840582
0.829686 0.829678
0.818878 0.81889
0.808187 0.808219
0.797611 0.797663
0.787143 0.787219
0.776786 0.776887
0.766548 0.76667
0.756428 0.756566
0.746424 0.746576
0.736534 0.736696
0.726758 0.726928
0.717098 0.717271
0.707548 0.707721
0.698104 0.698276
0.688764 0.688934
0.679526 0.679692
0.670389 0.67055
0.661355 0.661509
0.652429 0.652578
0.643603 0.643746
0.634872 0.635006
0.626235 0.626357
0.617693 0.617801
0.609246 0.609338
0.600894 0.600969
0.592616 0.592668
0.58444 0.584471
0.57637 0.576381
0.568404 0.568397
0.560539 0.560516
0.552774 0.552737
0.545113 0.545063
0.537563 0.537503
0.530094 0.530026
0.522708 0.522632
0.515403 0.515321
0.508181 0.508093
0.501042 0.500949
0.493983 0.493885
0.487008 0.486907
0.480119 0.480017
0.473314 0.473214
0.466595 0.466499
0.459961 0.459871
0.453419 0.453336
0.446962 0.446888
0.440586 0.440522
0.434292 0.434239
0.428081 0.42804
0.421955 0.421927
0.415902 0.41589
0.409938 0.409941
0.404069 0.404085
0.398296 0.398322
0.392617 0.392651
0.387032 0.387071
0.381521 0.381566
0.376112 0.37616
0.370803 0.370851
0.365589 0.365636
0.360468 0.360512
0.355434 0.355471
0.350485 0.350515
0.345621 0.345645
0.340838 0.340858
0.336131 0.336149
0.331484 0.331502
0.326896 0.326914
0.322391 0.32241
0.317959 0.317978
0.31359 0.31361
0.309273 0.309293
0.304999 0.305019
0.300763 0.300782
0.296554 0.29657
0.292362 0.292374
0.288183 0.28819
0.283993 0.283995
0.279783 0.279779
0.275543 0.275533
0.271272 0.271257
0.26695 0.26693
0.262567 0.262541
0.258114 0.258083
0.253595 0.253556
0.248992 0.248948
0.244295 0.244248
0.239501 0.239455
0.234615 0.234572
0.229622 0.229584
0.224518 0.224486
0.219306 0.219282
0.213986 0.213971
0.20856 0.208554
0.203029 0.203033
0.197398 0.197412
0.191661 0.191685
0.185824 0.185857
0.179888 0.179931
0.173858 0.173907
0.167736 0.167786
0.161528 0.161577
0.155233 0.155278
0.148857 0.148894
0.14241 0.142436
0.135888 0.135901
0.129304 0.129304
0.122666 0.122652
0.115983 0.115956
0.109273 0.109235
0.102543 0.102498
0.0958154 0.0957661
0.0890988 0.0890553
0.0824168 0.0823885
0.0757938 0.0757855
0.0692582 0.0692731
0.0628404 0.062872
0.0565743 0.0566108
0.050495 0.0505251
0.0446385 0.0446514
0.0390558 0.0390525
0.033782 0.0337665
0.0288845 0.0288687
0.0243865 0.0243801
0.0202865 0.0202871
0.016603 0.0166037
0.0133444 0.0133335
0.0105281 0.0105187
0.00814193 0.00814191
0.00616472 0.00617267
0.00454421 0.00455367
0.00323873 0.00324269
0.00220998 0.00220457
0.00141619 0.00140841
0.000826408 0.000824267
0.00042053 0.000421666
0.000171242 0.000171994
4.43548e-05 4.42031e-05
2.38668 2.38662
2.35644 2.35641
2.32649 2.32649
2.29684 2.29686
2.26748 2.26752
2.23841 2.23847
2.20963 2.2097
2.18114 2.18123
2.15291 2.15301
2.12498 2.12509
2.09734 2.09745
2.07 2.07012
2.04295 2.04307
2.01619 2.01631
1.98971 1.98982
1.96353 1.96364
1.93763 1.93774
1.912 1.9121
1.88663 1.88672
1.86152 1.8616
1.83667 1.83674
1.81208 1.81213
1.78775 1.78779
1.76366 1.76368
1.73982 1.73983
1.71625 1.71625
1.69293 1.69291
1.66987 1.66984
1.64706 1.64701
1.6245 1.62444
1.60219 1.60211
1.58012 1.58003
1.5583 1.5582
1.53672 1.5366
1.51537 1.51525
1.49426 1.49413
1.47339 1.47325
1.45275 1.45259
1.43233 1.43217
1.41215 1.41199
1.3922 1.39203
1.37247 1.3723
1.35297 1.3528
1.3337 1.33353
1.31465 1.31448
1.29582 1.29566
1.27721 1.27706
1.25882 1.25867
1.24063 1.24049
1.22265 1.22252
1.20488 1.20475
1.18731 1.1872
1.16995 1.16985
1.15279 1.1527
1.13584 1.13576
1.11908 1.11902
1.10253 1.10248
1.08617 1.08613
1.07001 1.06999
1.05404 1.05404
1.03826 1.03828
1.02268 1.02271
1.0073 1.00734
0.992098 0.992161
0.977089 0.977169
0.962269 0.962363
0.947636 0.947747
0.933187 0.933315
0.918918 0.919061
0.904829 0.904982
0.890918 0.891079
0.877182 0.877349
0.863622 0.863793
0.850233 0.850404
0.837012 0.837182
0.823965 0.824131
0.811086 0.811248
0.798374 0.79853
0.785827 0.785975
0.773444 0.773584
0.761227 0.761358
0.749169 0.74929
0.73727 0.737379
0.725526 0.725622
0.713937 0.714019
0.702502 0.702568
0.69122 0.691269
0.680088 0.680118
0.669106 0.669116
0.658271 0.658264
0.647581 0.647557
0.637035 0.636997
0.62663 0.626579
0.616369 0.616306
0.60625 0.606177
0.596268 0.596187
0.586422 0.586334
0.576709 0.576616
0.567131 0.567033
0.557685 0.557585
0.548378 0.548274
0.5392 0.539095
0.530149 0.530046
0.521225 0.521126
0.512428 0.512335
0.503758 0.503673
0.495215 0.495139
0.486799 0.486734
0.478511 0.478457
0.47035 0.470308
0.462317 0.462287
0.454411 0.454394
0.446622 0.44662
0.438962 0.438974
0.431437 0.431461
0.424047 0.424079
0.416788 0.416827
0.409659 0.409704
0.402643 0.402691
0.395761 0.395812
0.389012 0.389063
0.38239 0.382441
0.375893 0.375942
0.369509 0.369553
0.363239 0.363279
0.357088 0.357123
0.351048 0.35108
0.345113 0.345144
0.339272 0.339301
0.33352 0.333549
0.327866 0.327894
0.322304 0.32233
0.316822 0.316845
0.311412 0.311433
0.306066 0.306083
0.300775 0.300787
0.295529 0.295535
0.29032 0.29032
0.285144 0.285136
0.279982 0.279967
0.274825 0.274803
0.269666 0.269638
0.264506 0.264471
0.259323 0.259283
0.254106 0.254062
0.248849 0.248802
0.243556 0.243506
0.238212 0.238161
0.232807 0.232758
0.227341 0.227297
0.221817 0.22178
0.216227 0.216198
0.210567 0.210548
0.204841 0.204832
0.199049 0.199051
0.193193 0.193205
0.187274 0.187296
0.181297 0.181329
0.175259 0.175299
0.169164 0.16921
0.163017 0.163068
0.156821 0.156873
0.150579 0.150629
0.144301 0.144344
0.137983 0.138018
0.131633 0.131657
0.125261 0.125273
0.118869 0.118868
0.112471 0.112458
0.106073 0.106048
0.099685 0.0996514
0.0933255 0.093285
0.0870023 0.0869607
0.0807383 0.0806991
0.0745446 0.074515
0.0684437 0.0684298
0.0624588 0.062462
0.0566159 0.0566352
0.0509414 0.0509702
0.0454635 0.0454921
0.0402133 0.0402341
0.0352187 0.0352255
0.0305208 0.0305159
0.0261441 0.0261317
0.0221232 0.0221105
0.0184679 0.0184606
0.015186 0.0151814
0.0122822 0.0122774
0.00975121 0.00974292
0.00759505 0.00759135
0.00579285 0.00579636
0.00431628 0.00432441
0.00312282 0.00313003
0.0021765 0.00217877
0.00144387 0.00144096
0.000892573 0.00088937
0.000497291 0.000497279
0.000237718 0.00023867
8.80371e-05 8.83805e-05
1.93441e-05 1.92669e-05
2.9714 2.97137
2.92991 2.92991
2.88889 2.88891
2.84835 2.84838
2.80826 2.8083
2.76863 2.76868
2.72945 2.72951
2.69073 2.6908
2.65245 2.65253
2.61462 2.6147
2.57722 2.57731
2.54027 2.54035
2.50374 2.50382
2.46764 2.46772
2.43196 2.43203
2.3967 2.39677
2.36186 2.36192
2.32743 2.32749
2.29341 2.29345
2.25979 2.25982
2.22656 2.22659
2.19373 2.19375
2.1613 2.1613
2.12925 2.12924
2.09759 2.09756
2.06631 2.06627
2.03541 2.03536
2.00489 2.00483
1.97474 1.97466
1.94496 1.94487
1.91555 1.91545
1.8865 1.88639
1.85781 1.85769
1.82947 1.82935
1.80149 1.80135
1.77385 1.77371
1.74656 1.74641
1.7196 1.71946
1.69299 1.69284
1.66671 1.66656
1.64076 1.64061
1.61515 1.615
1.58986 1.58972
1.5649 1.56476
1.54027 1.54013
1.51596 1.51583
1.49196 1.49183
1.46826 1.46815
1.44488 1.44477
1.42179 1.42169
1.399 1.39891
1.3765 1.37643
1.3543 1.35423
1.33239 1.33234
1.31077 1.31073
1.28944 1.28941
1.26839 1.26838
1.24762 1.24763
1.22714 1.22715
1.20693 1.20697
1.18701 1.18705
1.16734 1.16741
1.14795 1.14803
1.12882 1.12891
1.10994 1.11005
1.09133 1.09145
1.07297 1.0731
1.05486 1.055
1.037 1.03715
1.0194 1.01956
1.00206 1.00222
0.98496 0.985123
0.968109 0.968273
0.951506 0.951668
0.935143 0.935302
0.919011 0.919165
0.903105 0.903253
0.887422 0.887562
0.87196 0.872091
0.85672 0.856841
0.841697 0.841807
0.826887 0.826986
0.812295 0.812381
0.797916 0.797988
0.783747 0.783805
0.769788 0.769831
0.756037 0.756064
0.742495 0.742504
0.729154 0.729146
0.71601 0.715986
0.703059 0.703022
0.690302 0.690251
0.677735 0.677673
0.665358 0.665286
0.65317 0.653089
0.641167 0.641079
0.629349 0.629256
0.617713 0.617616
0.606258 0.606159
0.594982 0.594883
0.583887 0.583786
0.572968 0.572868
0.562224 0.562128
0.551653 0.551563
0.541255 0.541172
0.531029 0.530954
0.520974 0.52091
0.511088 0.511036
0.50137 0.501329
0.491817 0.491789
0.48243 0.482413
0.473208 0.473203
0.464139 0.464147
0.455234 0.455255
0.446499 0.446529
0.43793 0.437968
0.429525 0.429569
0.421281 0.421329
0.413179 0.41323
0.405242 0.405294
0.397467 0.397519
0.389848 0.389899
0.38238 0.38243
0.375055 0.375101
0.36787 0.367912
0.360825 0.360863
0.353913 0.353948
0.347128 0.34716
0.340456 0.340487
0.333894 0.333923
0.327451 0.327478
0.321118 0.321141
0.314884 0.314903
0.308743 0.308757
0.302685 0.302694
0.296698 0.296701
0.290773 0.290769
0.284903 0.284892
0.279086 0.279068
0.273301 0.273275
0.267539 0.267507
0.261794 0.261756
0.256066 0.256023
0.250338 0.250291
0.2446 0.244551
0.238847 0.238798
0.233083 0.233035
0.227295 0.227249
0.221475 0.221434
0.215622 0.215587
0.20974 0.209714
0.203822 0.203805
0.197865 0.197858
0.191874 0.191877
0.185849 0.185863
0.179791 0.179814
0.173702 0.173733
0.167588 0.167627
0.161445 0.16149
0.15528 0.155327
0.149096 0.149145
0.142897 0.142944
0.136688 0.13673
0.130477 0.130512
0.124264 0.124288
0.118055 0.118069
0.111862 0.111864
0.105686 0.105677
0.0995408 0.0995212
0.0934346 0.0934067
0.0873786 0.0873452
0.0813895 0.0813529
0.0754765 0.0754419
0.06966 0.0696308
0.0639525 0.0639335
0.0583737 0.0583687
0.0529455 0.0529538
0.0476898 0.0477091
0.0426302 0.0426544
0.0377893 0.0378109
0.0331936 0.0332075
0.0288642 0.0288669
0.0248319 0.024826
0.0211123 0.0211017
0.0177272 0.0177166
0.0146788 0.0146719
0.0119694 0.0119641
0.00959736 0.00959257
0.00755256 0.00754747
0.0058283 0.00582773
0.00440076 0.00440538
0.00324162 0.0032488
0.00231469 0.00232022
0.00158843 0.00159014
0.00103413 0.00103258
0.000624801 0.00062338
0.000338637 0.000339036
0.000156204 0.000156912
5.51835e-05 5.53983e-05
1.13811e-05 1.1339e-05
