1e-07 1.2691482 1.2843922 -1.5168952 17.832186 1.5960019 1.9716235
1.0715193052376071e-07 1.2683725 1.2807052 -1.5045674 17.714106 1.594772 1.9681113
1.1481536214968817e-07 1.2675884 1.2769929 -1.4920524 17.59571 1.5935287 1.9645703
1.2302687708123812e-07 1.2667961 1.2732544 -1.4793463 17.477009 1.5922723 1.9609997
1.3182567385564074e-07 1.2659962 1.269491 -1.4664519 17.358007 1.591002 1.9574004
1.4125375446227555e-07 1.2651874 1.2657024 -1.4533677 17.23871 1.5897171 1.953771
1.5135612484362072e-07 1.2643685 1.2618874 -1.4400907 17.11912 1.5884182 1.9501117
1.6218100973589298e-07 1.2635422 1.2580477 -1.4266227 16.999233 1.5871044 1.9464232
1.7378008287493765e-07 1.2627063 1.2541828 -1.4129605 16.879066 1.5857756 1.9427042
1.8620871366628656e-07 1.2618613 1.2502927 -1.3991055 16.758621 1.5844321 1.9389546
1.9952623149688787e-07 1.2610065 1.2463775 -1.3850563 16.637901 1.5830727 1.9351755
2.1379620895022324e-07 1.2601415 1.2424369 -1.3708135 16.516907 1.5816982 1.9313651
2.2908676527677748e-07 1.2592671 1.2384712 -1.3563757 16.395647 1.5803076 1.9275248
2.4547089156850283e-07 1.2583824 1.2344805 -1.3417413 16.274132 1.5789009 1.9236532
2.6302679918953816e-07 1.2574878 1.2304641 -1.326912 16.15236 1.5774786 1.9197516
2.818382931264455e-07 1.2565812 1.2264228 -1.3118864 16.030333 1.5760379 1.9158181
3.019951720402019e-07 1.2556651 1.222356 -1.2966652 15.908071 1.5745821 1.9118537
3.235936569296281e-07 1.2547368 1.2182642 -1.2812468 15.785564 1.5731086 1.9078577
3.4673685045253164e-07 1.2537963 1.2141463 -1.2656314 15.6628275 1.5716181 1.9038311
3.715352290971728e-07 1.2528454 1.2100033 -1.2498188 15.539864 1.5701088 1.8997719
3.981071705534969e-07 1.251882 1.2058344 -1.2338092 15.416678 1.5685822 1.895681
4.2657951880159254e-07 1.2509061 1.2016395 -1.2176017 15.293277 1.5670378 1.8915584
4.5708818961487516e-07 1.2499176 1.1974186 -1.201198 15.169665 1.5654747 1.8874042
4.897788193684457e-07 1.2489167 1.1931717 -1.1845948 15.045855 1.5638928 1.8832182
5.248074602497723e-07 1.2479017 1.1888978 -1.167796 14.921845 1.5622925 1.8789994
5.62341325190349e-07 1.2468734 1.1845977 -1.1508006 14.797649 1.5606718 1.8747486
6.025595860743581e-07 1.2458307 1.1802703 -1.1336083 14.673269 1.5590314 1.8704652
6.45654229034655e-07 1.2447743 1.1759155 -1.1162179 14.548704 1.5573719 1.86615
6.918309709189363e-07 1.2437035 1.1715332 -1.0986316 14.423974 1.5556912 1.861801
7.413102413009177e-07 1.2426178 1.1671227 -1.0808504 14.299085 1.5539901 1.85742
7.943282347242822e-07 1.241516 1.1626837 -1.0628732 14.174036 1.5522693 1.853007
8.511380382023759e-07 1.2403998 1.1582156 -1.0446999 14.048841 1.5505263 1.8485597
9.120108393559096e-07 1.239266 1.1537182 -1.0263324 13.923501 1.5487617 1.8440801
9.77237220955811e-07 1.2381173 1.1491913 -1.0077713 13.798024 1.5469757 1.8395673
1.0471285480508985e-06 1.2369512 1.1446334 -0.9890147 13.672423 1.5451667 1.8350214
1.122018454301963e-06 1.2357687 1.140045 -0.9700679 13.546697 1.5433354 1.8304422
1.2022644346174132e-06 1.2345685 1.135425 -0.95092845 13.420863 1.5414817 1.8258299
1.2882495516931322e-06 1.2333503 1.1307722 -0.93159837 13.294913 1.5396037 1.8211844
1.3803842646028838e-06 1.2321146 1.1260872 -0.91207623 13.168879 1.537703 1.8165053
1.479108388168207e-06 1.2308596 1.1213682 -0.8923658 13.042748 1.535778 1.8117929
1.584893192461114e-06 1.2295864 1.1166145 -0.87246734 12.916532 1.5338278 1.8070467
1.698243652461746e-06 1.2282937 1.1118263 -0.85237956 12.790243 1.5318533 1.8022674
1.8197008586099826e-06 1.2269816 1.1070011 -0.8321059 12.663881 1.5298535 1.7974546
1.9498445997580454e-06 1.2256496 1.1021398 -0.8116474 12.537471 1.5278281 1.7926083
2.0892961308540407e-06 1.2242978 1.0972402 -0.7910061 12.410999 1.5257764 1.7877285
2.2387211385683376e-06 1.2229251 1.0923021 -0.77017975 12.284486 1.5236969 1.7828147
2.3988329190194897e-06 1.2215316 1.0873243 -0.7491749 12.157939 1.5215917 1.7778677
2.5703957827688647e-06 1.2201169 1.0823052 -0.7279882 12.031361 1.5194587 1.7728875
2.7542287033381634e-06 1.2186799 1.0772445 -0.7066239 11.904766 1.5172981 1.7678732
2.951209226666384e-06 1.2172216 1.0721403 -0.6850841 11.77816 1.5151086 1.7628248
3.162277660168379e-06 1.2157407 1.0669926 -0.66336936 11.651553 1.5128899 1.7577441
3.3884415613920275e-06 1.2142367 1.061799 -0.6414801 11.524946 1.5106418 1.7526295
3.6307805477010175e-06 1.2127109 1.0565591 -0.6194219 11.398359 1.5083636 1.7474818
3.890451449942805e-06 1.2111611 1.0512707 -0.5971959 11.271793 1.5060549 1.7423005
4.168693834703355e-06 1.2095875 1.0459334 -0.57480294 11.145255 1.5037146 1.7370858
4.466835921509635e-06 1.2079896 1.0405455 -0.5522442 11.018761 1.5013434 1.7318387
4.78630092322638e-06 1.2063675 1.0351053 -0.52952355 10.892311 1.4989396 1.726558
5.128613839913648e-06 1.2047204 1.0296118 -0.50664425 10.765919 1.4965031 1.7212447
5.4954087385762485e-06 1.2030483 1.0240631 -0.48360837 10.639599 1.4940331 1.7158991
5.888436553555884e-06 1.2013502 1.018458 -0.4604176 10.513345 1.4915297 1.7105197
6.30957344480193e-06 1.1996269 1.012795 -0.43707788 10.387179 1.4889911 1.7051084
6.760829753919819e-06 1.1978767 1.0070728 -0.41358796 10.261112 1.4864169 1.6996655
7.2443596007498914e-06 1.1960998 1.0012894 -0.3899544 10.135144 1.483808 1.69419
7.76247116628691e-06 1.1942962 0.9954433 -0.36617947 10.009289 1.4811623 1.6886833
8.31763771102671e-06 1.192465 0.989533 -0.34226608 9.883561 1.4784796 1.6831442
8.91250938133746e-06 1.1906058 0.983557 -0.31821847 9.757969 1.4757599 1.6775745
9.549925860214369e-06 1.1887187 0.9775138 -0.29403844 9.6325245 1.4730008 1.6719742
1.0232929922807536e-05 1.1868023 0.9714016 -0.2697321 9.507225 1.4702035 1.6663431
1.0964781961431852e-05 1.1848571 0.96521914 -0.24530163 9.382101 1.467366 1.6606821
1.1748975549395302e-05 1.182883 0.9589644 -0.2207513 9.257159 1.4644896 1.6549909
1.2589254117941661e-05 1.1808786 0.95263684 -0.19608554 9.132401 1.4615713 1.6492708
1.3489628825916533e-05 1.178844 0.94623417 -0.17131028 9.007851 1.4586117 1.643522
1.445439770745928e-05 1.1767784 0.9397554 -0.14642702 8.883521 1.4556099 1.6377447
1.5488166189124797e-05 1.1746824 0.93319935 -0.12144234 8.759426 1.4525658 1.6319398
1.6595869074375598e-05 1.1725545 0.9265651 -0.09635827 8.635574 1.4494781 1.6261083
1.778279410038923e-05 1.1703948 0.9198506 -0.07118 8.511988 1.4463458 1.6202507
1.9054607179632443e-05 1.1682031 0.91305584 -0.0459153 8.388677 1.4431688 1.6143671
2.0417379446695318e-05 1.1659778 0.90617967 -0.020567026 8.265665 1.4399463 1.6084589
2.187761623949552e-05 1.1637199 0.89922124 0.0048620985 8.142967 1.4366784 1.6025273
2.344228815319923e-05 1.1614287 0.89218026 0.030365266 8.020603 1.4333625 1.5965731
2.5118864315095822e-05 1.1591029 0.8850563 0.05593707 7.8985944 1.4300003 1.5905968
2.691534803926914e-05 1.1567435 0.87784874 0.08157486 7.7769527 1.4265888 1.5846
2.8840315031266056e-05 1.1543491 0.87055784 0.10726895 7.6557145 1.4231296 1.578584
3.090295432513592e-05 1.1519196 0.86318415 0.13302062 7.534896 1.4196202 1.5725502
3.3113112148259076e-05 1.1494542 0.8557276 0.15882123 7.4145145 1.4160614 1.5664996
3.5481338923357534e-05 1.1469524 0.8481895 0.1846646 7.2946115 1.4124517 1.5604339
3.8018939632056124e-05 1.1444154 0.84057 0.21054783 7.1751995 1.4087902 1.554354
4.073802778041122e-05 1.1418414 0.8328705 0.23646417 7.0563164 1.4050777 1.5482626
4.3651583224016566e-05 1.1392298 0.8250924 0.26241142 6.93798 1.4013124 1.5421604
4.677351412871981e-05 1.1365803 0.8172374 0.28838006 6.820226 1.3974932 1.5360497
5.011872336272715e-05 1.1338934 0.8093075 0.31436744 6.7030888 1.3936205 1.5299324
5.3703179637025325e-05 1.1311681 0.8013046 0.34036878 6.5865912 1.3896936 1.5238103
5.7543993733715664e-05 1.1284038 0.79323107 0.366376 6.470773 1.3857105 1.5176852
6.165950018614822e-05 1.1256006 0.7850897 0.3923871 6.3556633 1.3816733 1.511559
6.606934480075965e-05 1.1227574 0.77688277 0.41839087 6.2412987 1.3775783 1.5054336
7.079457843841373e-05 1.1198729 0.76861334 0.44438732 6.1277046 1.3734268 1.499311
7.585775750291836e-05 1.1169494 0.7602845 0.47036618 6.0149226 1.3692168 1.4931941
8.128305161640995e-05 1.1139846 0.7518995 0.4963233 5.9029803 1.3649493 1.4870839
8.709635899560796e-05 1.1109775 0.743461 0.52225083 5.7919126 1.3606217 1.4809823
9.332543007969905e-05 1.1079282 0.73497206 0.5481426 5.6817513 1.3562343 1.4748907
0.0001 1.104837 0.7264364 0.5739889 5.572518 1.351787 1.4688122
0.00010715193052376059 1.1017021 0.71785575 0.5997842 5.4642506 1.347278 1.4627464
0.0001148153621496883 1.0985236 0.70923334 0.6255171 5.35697 1.3427074 1.4566969
0.0001230268770812381 1.0953006 0.7005713 0.6511798 5.2506986 1.3380731 1.4506626
0.00013182567385564074 1.0920317 0.69187135 0.6767592 5.1454506 1.3333757 1.4446449
0.0001412537544622754 1.0887166 0.6831344 0.7022443 5.041247 1.3286136 1.4386455
0.00015135612484362072 1.0853554 0.67436117 0.72762144 4.938089 1.3237863 1.4326633
0.00016218100973589298 1.081945 0.6655514 0.7528769 4.8359776 1.3188931 1.4266989
0.00017378008287493744 1.078486 0.65670377 0.7779938 4.734916 1.3139317 1.4207518
0.00018620871366628676 1.0749775 0.6478161 0.8029526 4.6348896 1.3089013 1.4148214
0.00019952623149688788 1.0714164 0.63888526 0.8277347 4.5358663 1.3038021 1.4089057
0.00021379620895022324 1.0678021 0.62990606 0.852313 4.4378247 1.2986314 1.403003
0.00022908676527677723 1.0641334 0.6208734 0.87666667 4.340718 1.2933882 1.3971114
0.00024547089156850286 1.060407 0.61177963 0.90076584 4.2444863 1.2880707 1.3912286
0.00026302679918953814 1.0566216 0.6026165 0.9245779 4.1490765 1.2826774 1.385351
0.00028183829312644523 1.0527756 0.5933754 0.9480744 4.0544114 1.2772064 1.3794765
0.0003019951720402016 1.048867 0.5840466 0.97121847 3.9604158 1.2716559 1.3736002
0.0003235936569296281 1.0448925 0.57462144 0.99397224 3.8670118 1.2660251 1.3677205
0.0003467368504525317 1.0408514 0.56509227 1.016305 3.7741318 1.2603129 1.3618338
0.0003715352290971724 1.0367424 0.5554534 1.038182 3.6817136 1.2545172 1.3559384
0.0003981071705534969 1.0325656 0.54570365 1.0595763 3.5897312 1.2486402 1.3500323
0.00042657951880159257 1.0283214 0.53584707 1.0804653 3.498188 1.2426813 1.3441167
0.0004570881896148747 1.0240128 0.52589333 1.1008381 3.4071298 1.2366452 1.3381928
0.0004897788193684461 1.0196447 0.51585996 1.1206963 3.3166518 1.2305347 1.3322629
0.0005248074602497723 1.0152241 0.50577116 1.1400506 3.226897 1.2243572 1.3263323
0.0005623413251903491 1.0107589 0.49565738 1.1589274 3.1380446 1.2181207 1.3204039
0.0006025595860743575 1.0062616 0.4855529 1.1773678 3.050305 1.211836 1.3144841
0.0006456542290346556 1.0017447 0.47549447 1.1954179 2.9638646 1.2055149 1.3085765
0.0006918309709189362 0.9972222 0.465517 1.2131331 2.8789124 1.1991696 1.3026836
0.000741310241300917 0.9927084 0.45565256 1.2305675 2.7955732 1.1928146 1.2968065
0.0007943282347242813 0.9882186 0.44592822 1.2477702 2.7139194 1.186461 1.2909452
0.0008511380382023759 0.9837665 0.43636614 1.2647811 2.6339586 1.1801244 1.2850945
0.0009120108393559096 0.9793651 0.4269832 1.2816337 2.5556421 1.1738138 1.2792523
0.0009772372209558102 0.97502464 0.4177939 1.2983371 2.4788797 1.1675408 1.2734127
0.0010471285480508985 0.9707562 0.40881008 1.3148996 2.4035447 1.161315 1.2675701
0.001122018454301963 0.96657026 0.4000441 1.3313102 2.329506 1.1551447 1.2617183
0.001202264434617413 0.96247363 0.3915081 1.3475554 2.256627 1.149038 1.2558522
0.0012882495516931324 0.9584761 0.3832156 1.3636107 2.184775 1.1430022 1.2499659
0.0013803842646028838 0.954586 0.37518144 1.3794522 2.1138434 1.1370451 1.2440538
0.0014791083881682072 0.95081145 0.3674204 1.3950522 2.0437326 1.131174 1.2381111
0.001584893192461114 0.9471624 0.35994777 1.4103851 1.9743578 1.1253983 1.2321316
0.0016982436524617425 0.94364953 0.35277742 1.425427 1.9056569 1.1197253 1.2261097
0.0018197008586099826 0.9402829 0.34592202 1.4401577 1.8375801 1.1141648 1.2200395
0.0019498445997580456 0.93707544 0.3393915 1.4545604 1.7700856 1.1087284 1.213913
0.0020892961308540407 0.9340393 0.3331926 1.4686229 1.7031461 1.1034275 1.2077234
0.0022387211385683377 0.93118894 0.32732865 1.482337 1.6367451 1.0982721 1.2014614
0.00239883291901949 0.9285391 0.32179925 1.4957042 1.5708709 1.0932777 1.1951185
0.0025703957827688645 0.92610604 0.31660017 1.50872 1.5055255 1.0884577 1.1886842
0.0027542287033381634 0.92390704 0.31172326 1.5213966 1.4407154 1.0838279 1.1821477
0.0029512092266663842 0.9219592 0.3071569 1.533743 1.3764561 1.0794048 1.1754975
0.0031622776601683794 0.92028123 0.30288595 1.5457724 1.3127768 1.0752054 1.1687218
0.0033884415613920273 0.918893 0.298893 1.5575111 1.2497109 1.0712502 1.1618072
0.00363078054770101 0.91781634 0.295158 1.5689816 1.187304 1.06756 1.1547409
0.003890451449942805 0.9170713 0.29165873 1.5802121 1.1256136 1.0641539 1.1475087
0.004168693834703355 0.9166811 0.2883719 1.5912422 1.0646982 1.0610558 1.1400955
0.004466835921509625 0.91666865 0.28527334 1.6021062 1.004646 1.0582885 1.1324862
0.00478630092322638 0.91705877 0.28233823 1.6128526 0.9455293 1.0558763 1.1246653
0.005128613839913648 0.917877 0.27954158 1.6235219 0.8874534 1.0538429 1.1166155
0.005495408738576248 0.9191488 0.27685884 1.6341739 0.83053064 1.0522134 1.1083214
0.005888436553555884 0.9209019 0.2742661 1.6448592 0.7748735 1.0510135 1.0997647
0.00630957344480193 0.9231636 0.27173978 1.6556427 0.72061074 1.0502678 1.0909278
0.006760829753919818 0.92596227 0.26925737 1.6665852 0.66788226 1.0500014 1.0817926
0.007244359600749891 0.9293282 0.26679763 1.6777531 0.61682725 1.0502399 1.0723405
0.007762471166286911 0.9332901 0.26434 1.6892152 0.5676042 1.0510077 1.0625523
0.008317637711026709 0.93787926 0.26186532 1.7010387 0.5203613 1.0523307 1.0524079
0.008912509381337459 0.9431255 0.25935572 1.7132955 0.4752566 1.0542326 1.0418882
0.00954992586021435 0.9490594 0.25679344 1.7260485 0.43244168 1.0567374 1.0309727
0.010232929922807537 0.9557106 0.2541629 1.7393645 0.3920666 1.0598683 1.0196395
0.01096478196143185 0.9631095 0.25144896 1.7533032 0.35426754 1.0636464 1.007869
0.01174897554939528 0.9712843 0.24863696 1.7679127 0.31916827 1.0680939 0.99563915
0.012589254117941661 0.9802613 0.24571347 1.7832357 0.28685856 1.0732279 0.98292875
0.013489628825916533 0.99006647 0.24266571 1.7992975 0.25740737 1.0790646 0.9697163
0.01445439770745928 1.0007192 0.23948148 1.816105 0.23083028 1.0856159 0.95598125
0.015488166189124795 1.012239 0.23614947 1.8336477 0.20709759 1.0928931 0.94170296
0.016595869074375595 1.024638 0.23265873 1.8518813 0.18611564 1.1008973 0.92686135
0.01778279410038923 1.0379224 0.22899953 1.8707442 0.16771857 1.1096278 0.91143745
0.019054607179632442 1.0520909 0.22516257 1.8901267 0.1516739 1.1190757 0.8954139
0.020417379446695274 1.0671344 0.22113949 1.9098792 0.1377031 1.129223 0.87877166
0.02187761623949552 1.0830325 0.21692315 1.9298176 0.12547982 1.1400449 0.8614969
0.023442288153199226 1.099752 0.21250682 1.949693 0.11467867 1.1515032 0.84357446
0.02511886431509577 1.1172466 0.20788594 1.9692136 0.10499516 1.1635503 0.8249918
0.02691534803926914 1.1354558 0.20305738 1.9880283 0.09617815 1.1761247 0.8057374
0.028840315031266057 1.1543025 0.19801919 2.0057333 0.08804836 1.1891507 0.7858024
0.03090295432513592 1.1736902 0.19277175 2.0218651 0.08051616 1.2025398 0.76517886
0.03311311214825908 1.1935064 0.18731777 2.0359075 0.07358032 1.2161862 0.74386245
0.03548133892335753 1.2136202 0.18166234 2.0473053 0.06732099 1.2299714 0.7218498
0.038018939632056124 1.2338827 0.17581263 2.055466 0.061879676 1.2437626 0.69914097
0.04073802778041122 1.2541288 0.16977814 2.05977 0.0574184 1.2574124 0.6757386
0.04365158322401656 1.274178 0.16357055 2.0596018 0.05406417 1.2707635 0.6516493
0.046773514128719815 1.2938405 0.15720272 2.0543487 0.05182641 1.2836477 0.62688357
0.05011872336272725 1.3129165 0.15068924 2.043442 0.050572876 1.2958918 0.60145676
0.053703179637025214 1.3312019 0.14404505 2.0263674 0.05001056 1.3073192 0.57539034
0.057543993733715666 1.3484949 0.13728538 2.0027018 0.049774878 1.317754 0.5487134
0.06165950018614822 1.3645942 0.13042589 1.9721304 0.049494088 1.3270248 0.52146465
0.0660693448007595 1.379313 0.123482205 1.9344718 0.0488591 1.3349695 0.49369302
0.07079457843841373 1.3924745 0.11647074 1.8897007 0.047662582 1.3414363 0.46546444
0.07585775750291836 1.4039186 0.1094092 1.8379592 0.04582751 1.3462884 0.4368605
0.08128305161640995 1.4135022 0.10231764 1.779577 0.043400332 1.3494056 0.40798834
0.08709635899560797 1.4211001 0.09522002 1.7150553 0.040549584 1.3506829 0.3789832
0.09332543007969905 1.4266032 0.08814633 1.6450728 0.03755198 1.3500313 0.35001832
0.1 1.4299126 0.08113549 1.5704693 0.034737945 1.3473744 0.32131502
0.1 1.4299126 0.08113549 1.5704693 0.034737945 1.3473744 0.32131502
0.101 1.4302046 0.08013367 1.5593992 0.034367185 1.3468226 0.31721786
0.10200000000000001 1.4304452 0.07914418 1.5483633 0.03401236 1.3462335 0.31317282
0.10300000000000001 1.4306374 0.07816689 1.5373703 0.033672873 1.3456088 0.30918
0.10400000000000001 1.4307823 0.07720181 1.5264183 0.03334921 1.3449475 0.3052393
0.10500000000000001 1.4308805 0.076248825 1.5155139 0.03304117 1.3442523 0.3013503
0.10600000000000001 1.4309332 0.07530793 1.5046562 0.03274824 1.343524 0.29751307
0.10700000000000001 1.4309419 0.07437901 1.4938496 0.032472163 1.3427626 0.2937274
0.10800000000000001 1.4309078 0.07346201 1.4830943 0.03221164 1.3419702 0.28999335
0.10900000000000001 1.4308304 0.07255685 1.4723961 0.03196451 1.341146 0.2863104
0.11 1.4307119 0.071663626 1.4617528 0.031737994 1.3402915 0.2826787
0.111 1.4305525 0.07078206 1.4511695 0.031523168 1.3394074 0.2790984
0.112 1.4303544 0.06991232 1.4406466 0.031323418 1.3384949 0.27556926
0.113 1.4301165 0.06905426 1.4301841 0.03113913 1.3375539 0.2720911
0.114 1.4298402 0.06820788 1.4197855 0.030968625 1.3365846 0.26866403
0.115 1.4295276 0.067373194 1.4094537 0.030811481 1.3355888 0.26528803
0.116 1.4291781 0.06655002 1.3991866 0.030668085 1.3345674 0.2619629
0.117 1.4287925 0.065738544 1.3889881 0.030536657 1.3335205 0.25868875
0.11800000000000001 1.4283719 0.06493872 1.3788577 0.03041659 1.3324482 0.2554657
0.11900000000000001 1.4279175 0.0641504 1.3687972 0.030308597 1.3313504 0.25229347
0.12000000000000001 1.4274287 0.06337382 1.3588071 0.030211065 1.3302295 0.2491723
0.12100000000000001 1.4269071 0.06260875 1.3488877 0.030123735 1.3290849 0.24610208
0.122 1.4263533 0.061855257 1.339041 0.030047009 1.3279179 0.24308291
0.123 1.425767 0.061113447 1.3292685 0.029977335 1.3267274 0.24011482
0.124 1.42515 0.06038322 1.319568 0.029916346 1.3255152 0.23719765
0.125 1.4245017 0.059664592 1.3099419 0.029863019 1.3242816 0.23433194
0.126 1.4238238 0.05895772 1.3003901 0.029818144 1.323027 0.23151697
0.127 1.4231168 0.05826248 1.2909157 0.029778123 1.3217514 0.22875358
0.128 1.4223789 0.057578925 1.2815146 0.029744549 1.3204557 0.22604129
0.129 1.421613 0.056907073 1.2721894 0.02971747 1.3191403 0.22338043
0.13 1.4208189 0.05624698 1.2629409 0.029692847 1.3178052 0.2207707
0.131 1.4199976 0.0555987 1.2537686 0.029673763 1.316451 0.21821268
0.132 1.4191486 0.054962255 1.2446709 0.029658262 1.3150777 0.21570592
0.133 1.4182723 0.05433758 1.2356516 0.029645894 1.313686 0.21325086
0.134 1.4173689 0.05372486 1.2267092 0.02963702 1.3122764 0.21084735
0.135 1.4164406 0.053124055 1.217841 0.029631026 1.3108497 0.20849554
0.136 1.4154868 0.05253516 1.209052 0.029625893 1.3094041 0.20619531
0.137 1.4145064 0.051958337 1.2003367 0.029621294 1.3079416 0.20394674
0.138 1.4135014 0.051393483 1.1916987 0.029620893 1.3064623 0.20175001
0.139 1.4124718 0.050840735 1.1831367 0.029618667 1.3049666 0.19960517
0.14 1.4114174 0.050300073 1.1746514 0.029618219 1.3034546 0.19751191
0.14100000000000001 1.4103395 0.049771573 1.166241 0.029618733 1.301926 0.19547066
0.14200000000000002 1.409238 0.04925521 1.1579055 0.029617978 1.3003819 0.19348097
0.14300000000000002 1.4081122 0.048751123 1.1496462 0.029618675 1.2988217 0.19154324
0.14400000000000002 1.4069635 0.048259255 1.1414605 0.029615797 1.2972461 0.18965717
0.14500000000000002 1.4057926 0.04777966 1.1333491 0.029614735 1.2956558 0.1878228
0.14600000000000002 1.4045978 0.047312357 1.1253114 0.029612701 1.2940499 0.18604016
0.14700000000000002 1.4033818 0.046857476 1.1173487 0.029608004 1.2924303 0.18430899
0.14800000000000002 1.4021436 0.046414815 1.1094581 0.029603435 1.2907947 0.18262921
0.14900000000000002 1.4008826 0.04598463 1.10164 0.029595926 1.289146 0.18100084
0.15000000000000002 1.3996004 0.045566708 1.093896 0.029587317 1.2874825 0.17942373
0.15100000000000002 1.3982968 0.045161232 1.0862218 0.029577736 1.2858043 0.17789765
0.15200000000000002 1.3969716 0.044768114 1.0786197 0.029564869 1.2841126 0.17642242
0.153 1.3956262 0.044387463 1.0710887 0.029550634 1.2824076 0.17499776
0.154 1.3942595 0.044019114 1.0636276 0.029533437 1.2806885 0.17362368
0.155 1.3928723 0.04366318 1.0562358 0.029513124 1.278957 0.17229956
0.156 1.3914646 0.043319594 1.048913 0.02949368 1.2772112 0.1710255
0.157 1.3900368 0.042988338 1.0416588 0.029468348 1.2754529 0.16980095
0.158 1.3885891 0.042669337 1.0344739 0.029440075 1.2736812 0.1686258
0.159 1.3871217 0.04236262 1.0273548 0.029411599 1.2718976 0.16749933
0.16 1.3856338 0.042068038 1.0203032 0.029379325 1.2701002 0.16642137
0.161 1.384126 0.04178562 1.0133175 0.029344177 1.2682905 0.1653915
0.162 1.3826004 0.041515283 1.0063971 0.029306922 1.266469 0.16440934
0.163 1.3810546 0.041256987 0.9995423 0.029264819 1.2646344 0.16347411
0.164 1.3794903 0.041010596 0.9927523 0.029220933 1.2627878 0.16258569
0.165 1.3779062 0.040776033 0.98602504 0.029173126 1.2609292 0.16174324
0.166 1.3763043 0.040553235 0.97936094 0.029123735 1.259059 0.16094641
0.167 1.3746835 0.04034208 0.97276 0.02907012 1.2571764 0.16019456
0.168 1.3730438 0.04014243 0.96622 0.02901397 1.2552819 0.15948698
0.169 1.3713859 0.03995412 0.9597413 0.02895425 1.2533761 0.15882303
0.17 1.3697101 0.03977714 0.9533229 0.028891418 1.2514582 0.15820216
0.171 1.368016 0.0396113 0.94696474 0.028825056 1.2495288 0.1576236
0.17200000000000001 1.3663046 0.039456423 0.94066644 0.028757347 1.2475886 0.15708666
0.173 1.3645748 0.039312396 0.9344251 0.028684633 1.2456366 0.15659054
0.174 1.3628277 0.039179016 0.92824256 0.028611075 1.243674 0.15613455
0.175 1.3610626 0.039056163 0.9221172 0.0285302 1.241699 0.15571795
0.176 1.35928 0.038943604 0.91604877 0.028450996 1.2397144 0.15533985
0.177 1.3574797 0.0388412 0.91003627 0.028366072 1.2377177 0.15499942
0.178 1.3556628 0.038748726 0.9040787 0.028278898 1.2357109 0.15469599
0.179 1.3538284 0.038666002 0.898175 0.028187964 1.2336929 0.15442854
0.18 1.3519776 0.03859289 0.8923274 0.028095167 1.2316632 0.15419629
0.181 1.3501095 0.038529113 0.88653237 0.02799962 1.2296242 0.1539984
0.182 1.348225 0.038474437 0.88078904 0.027898943 1.2275741 0.15383396
0.183 1.3463233 0.03842869 0.87509894 0.027797023 1.2255129 0.15370204
0.184 1.344405 0.038391702 0.8694603 0.027692579 1.2234416 0.15360184
0.185 1.3424706 0.03836318 0.8638731 0.027585918 1.22136 0.15353246
0.186 1.3405195 0.038342867 0.85833514 0.027476314 1.2192681 0.15349302
0.187 1.3385522 0.03833068 0.8528481 0.027362993 1.2171657 0.15348253
0.188 1.3365692 0.038326245 0.8474089 0.02724873 1.215053 0.15350018
0.189 1.3345692 0.038329434 0.842019 0.02713165 1.21293 0.15354507
0.19 1.332554 0.038339976 0.8366771 0.027011903 1.2107971 0.1536162
0.191 1.3305234 0.0383576 0.831382 0.026889063 1.2086545 0.15371293
0.192 1.3284769 0.038382147 0.826133 0.026766961 1.206502 0.15383403
0.193 1.3264136 0.038413316 0.82093203 0.026641047 1.2043387 0.15397887
0.194 1.3243355 0.038450915 0.8157751 0.026513956 1.2021663 0.15414658
0.195 1.3222421 0.038494766 0.81066316 0.02638498 1.1999844 0.1543363
0.196 1.3201337 0.038544573 0.8055964 0.026252246 1.1977916 0.15454699
0.197 1.3180084 0.038600057 0.80057305 0.026120637 1.1955898 0.15477791
0.198 1.3158691 0.03866105 0.795593 0.025987674 1.1933784 0.15502833
0.199 1.3137152 0.038727425 0.79065627 0.025851622 1.1911572 0.15529749
0.2 1.3115458 0.038798798 0.7857624 0.025716318 1.1889267 0.15558441
0.201 1.3093616 0.03887503 0.7809085 0.025577601 1.1866874 0.15588842
0.202 1.307162 0.038956 0.77609634 0.025439968 1.1844373 0.15620852
0.203 1.3049486 0.039041296 0.7713249 0.025300637 1.182179 0.15654422
0.20400000000000001 1.3027203 0.039130896 0.7665942 0.025160803 1.1799104 0.15689467
0.20500000000000002 1.3004776 0.03922449 0.7619027 0.025019916 1.1776341 0.15725906
0.20600000000000002 1.2982202 0.039321877 0.7572504 0.02487919 1.1753478 0.15763687
0.20700000000000002 1.2959486 0.039422844 0.752636 0.024737729 1.173052 0.15802719
0.20800000000000002 1.2936631 0.039527334 0.7480603 0.024596248 1.1707476 0.15842949
0.20900000000000002 1.2913637 0.03963507 0.74352187 0.024454584 1.1684338 0.15884304
0.21000000000000002 1.2890495 0.0397458 0.7390213 0.024312159 1.1661115 0.1592671
0.21100000000000002 1.2867215 0.03985943 0.73455656 0.024171272 1.1637801 0.15970121
0.21200000000000002 1.2843804 0.039975777 0.730129 0.024030004 1.1614399 0.16014469
0.21300000000000002 1.2820253 0.040094666 0.7257367 0.023889096 1.1590914 0.16059692
0.21400000000000002 1.2796569 0.040215895 0.72137886 0.023748843 1.1567334 0.16105726
0.21500000000000002 1.2772745 0.04033936 0.7170571 0.023608891 1.1543672 0.1615252
0.21600000000000003 1.2748785 0.04046485 0.71276903 0.023469137 1.1519926 0.16200016
0.21700000000000003 1.2724695 0.04059222 0.7085154 0.02333084 1.1496094 0.16248167
0.21800000000000003 1.2700478 0.040721346 0.7042944 0.023194166 1.1472173 0.16296896
0.21900000000000003 1.267612 0.04085204 0.7001076 0.023058778 1.1448172 0.1634619
0.22 1.2651631 0.040984213 0.69595224 0.022923622 1.1424085 0.1639598
0.221 1.2627017 0.041117698 0.69183016 0.022789676 1.1399921 0.16446224
0.222 1.2602276 0.04125235 0.68773925 0.02265728 1.1375667 0.16496864
0.223 1.2577411 0.041388106 0.68368006 0.022527898 1.1351335 0.16547853
0.224 1.2552414 0.041524697 0.6796527 0.022398125 1.1326925 0.16599177
0.225 1.252729 0.041662168 0.675655 0.022269912 1.130243 0.16650753
0.226 1.2502053 0.041800343 0.67168707 0.022145191 1.1277852 0.1670257
0.227 1.2476683 0.04193906 0.66774964 0.022021756 1.1253202 0.16754587
0.228 1.2451195 0.042078264 0.66384155 0.021899201 1.1228467 0.16806741
0.229 1.2425576 0.042217847 0.6599629 0.021779358 1.120366 0.16859034
0.23 1.2399846 0.042357653 0.6561126 0.02166055 1.1178768 0.16911392
0.231 1.2373995 0.042497642 0.65229106 0.021544995 1.1153809 0.16963817
0.232 1.2348026 0.042637747 0.64849716 0.02143147 1.112877 0.17016248
0.233 1.2321944 0.042777773 0.64473104 0.021319956 1.1103652 0.17068665
0.234 1.2295737 0.04291767 0.6409928 0.021210168 1.107846 0.17121027
0.23500000000000001 1.2269423 0.0430574 0.6372802 0.021102635 1.1053199 0.17173332
0.23600000000000002 1.224299 0.043196905 0.6335957 0.020998472 1.1027856 0.17225517
0.23700000000000002 1.2216444 0.043335967 0.629936 0.02089601 1.1002446 0.1727757
0.23800000000000002 1.218979 0.04347467 0.62630403 0.020795472 1.0976963 0.1732947
0.23900000000000002 1.2163019 0.043612815 0.62269616 0.020698102 1.0951408 0.1738119
0.24000000000000002 1.213614 0.043750413 0.61911416 0.020602388 1.0925777 0.17432687
0.24100000000000002 1.210915 0.043887377 0.61555773 0.02050919 1.0900079 0.17483968
0.24200000000000002 1.2082062 0.044023618 0.6120255 0.020418761 1.0874319 0.17534982
0.24300000000000002 1.2054856 0.0441591 0.60851765 0.020330286 1.0848483 0.17585729
0.24400000000000002 1.2027551 0.044293754 0.6050338 0.02024433 1.0822572 0.17636165
0.245 1.2000139 0.044427544 0.6015744 0.020160785 1.0796604 0.17686288
0.246 1.1972625 0.04456034 0.59813815 0.020078707 1.0770559 0.17736077
0.247 1.1945009 0.04469219 0.59472483 0.020000694 1.0744458 0.17785537
0.248 1.1917285 0.044822965 0.59133494 0.019923316 1.0718285 0.17834583
0.249 1.1889462 0.04495268 0.58796763 0.019848134 1.069205 0.17883252
0.25 1.1861548 0.045081224 0.584623 0.019775577 1.0665746 0.1793151
0.251 1.1833532 0.045208625 0.5812993 0.019705411 1.0639383 0.17979354
0.252 1.1805415 0.04533481 0.57799906 0.019636758 1.0612959 0.18026765
0.253 1.1777198 0.045459677 0.57471925 0.019571135 1.0586462 0.1807372
0.254 1.1748896 0.045583278 0.5714613 0.019505966 1.0559918 0.18120208
0.255 1.1720498 0.04570559 0.5682243 0.019443491 1.05333 0.18166217
0.256 1.1692 0.045826495 0.565008 0.019383244 1.0506629 0.18211731
0.257 1.1663418 0.04594596 0.5618129 0.019324413 1.0479892 0.18256763
0.258 1.1634741 0.046064 0.55863744 0.01926736 1.0453103 0.18301275
0.259 1.160597 0.046180587 0.55548257 0.019212179 1.0426258 0.18345244
0.26 1.1577117 0.046295688 0.5523473 0.019158259 1.0399346 0.18388689
0.261 1.1548172 0.04640931 0.5492316 0.019105898 1.0372385 0.1843159
0.262 1.1519142 0.046521284 0.54613566 0.019054692 1.0345361 0.1847394
0.263 1.1490028 0.046631742 0.5430589 0.019005222 1.0318286 0.18515712
0.264 1.1460829 0.046740614 0.5400008 0.018958064 1.0291162 0.1855693
0.265 1.1431549 0.04684786 0.53696126 0.018911045 1.0263977 0.1859756
0.266 1.1402189 0.046953496 0.53394014 0.018865941 1.0236741 0.18637605
0.267 1.1372733 0.04705744 0.5309382 0.018819941 1.020945 0.18677048
0.268 1.1343205 0.04715977 0.52795404 0.018776683 1.0182108 0.18715906
0.269 1.1313605 0.04726033 0.5249874 0.018734088 1.0154718 0.18754143
0.27 1.1283927 0.047359254 0.5220387 0.01869249 1.0127276 0.18791771
0.271 1.1254157 0.047456384 0.5191075 0.018651202 1.0099782 0.1882878
0.272 1.122432 0.047551833 0.5161934 0.018611817 1.0072244 0.18865158
0.273 1.1194413 0.047645535 0.51329726 0.018571358 1.004465 0.18900914
0.274 1.1164427 0.04773746 0.5104172 0.018532248 1.0017018 0.18936037
0.275 1.1134374 0.047827616 0.5075539 0.018493755 0.9989338 0.1897052
0.276 1.110424 0.04791603 0.50470704 0.018455802 0.9961607 0.19004351
0.277 1.1074042 0.04800261 0.50187707 0.018418511 0.9933836 0.19037555
0.278 1.1043779 0.048087414 0.4990631 0.018380897 0.99060166 0.1907009
0.279 1.1013439 0.048170436 0.49626485 0.018344624 0.9878157 0.19101974
0.28 1.0983039 0.04825157 0.4934825 0.018307347 0.9850256 0.19133212
0.281 1.0952567 0.048330955 0.49071595 0.018270558 0.98223025 0.19163774
0.28200000000000003 1.0922035 0.04840849 0.48796478 0.018234203 0.9794314 0.19193691
0.28300000000000003 1.0891435 0.04848419 0.48522893 0.018197669 0.9766289 0.1922294
0.28400000000000003 1.0860773 0.04855807 0.48250902 0.018160362 0.9738221 0.19251521
0.28500000000000003 1.083005 0.04863011 0.47980282 0.018125232 0.9710113 0.19279432
0.28600000000000003 1.079926 0.04870034 0.4771121 0.018088402 0.96819633 0.19306684
0.28700000000000003 1.0768421 0.048768703 0.4744361 0.018050773 0.9653778 0.19333246
0.28800000000000003 1.0737518 0.048835203 0.4717746 0.018014247 0.9625555 0.19359158
0.28900000000000003 1.0706561 0.04889991 0.46912712 0.017978078 0.95973015 0.19384377
0.29000000000000004 1.0675541 0.04896271 0.46649432 0.017939799 0.9569004 0.1940893
0.29100000000000004 1.0644467 0.04902372 0.4638752 0.017902039 0.95406795 0.19432819
0.29200000000000004 1.0613344 0.049082864 0.4612706 0.017864147 0.9512318 0.1945602
0.29300000000000004 1.0582166 0.04914017 0.45867938 0.017826553 0.9483921 0.19478558
0.29400000000000004 1.0550933 0.049195606 0.45610183 0.017787348 0.94554925 0.19500418
0.29500000000000004 1.0519652 0.049249195 0.45353782 0.017748363 0.9427034 0.1952159
0.29600000000000004 1.0488318 0.049301025 0.45098752 0.017709529 0.93985444 0.195421
0.29700000000000004 1.0456944 0.049350962 0.44845 0.01766903 0.937002 0.19561934
0.29800000000000004 1.0425507 0.049399093 0.4459257 0.01762886 0.93414694 0.19581087
0.29900000000000004 1.039403 0.049445353 0.4434148 0.01758772 0.9312893 0.19599569
0.30000000000000004 1.036251 0.049489822 0.44091633 0.017546313 0.92842835 0.19617382
0.30100000000000005 1.0330942 0.049532413 0.43843055 0.017504882 0.9255649 0.19634525
0.30200000000000005 1.029933 0.049573258 0.43595752 0.01746269 0.9226988 0.19650991
0.30300000000000005 1.0267678 0.049612317 0.43349713 0.017420067 0.9198303 0.19666794
0.30400000000000005 1.0235975 0.049649477 0.43104866 0.017377025 0.9169582 0.19681908
0.30500000000000005 1.0204242 0.049684875 0.4286131 0.017333247 0.91408503 0.19696383
0.30600000000000005 1.0172464 0.049718443 0.42618898 0.017289868 0.91120887 0.19710183
0.30700000000000005 1.014065 0.049750283 0.42377773 0.017244315 0.9083311 0.19723308
0.30800000000000005 1.0108801 0.049780294 0.42137763 0.017199261 0.9054497 0.1973578
0.309 1.0076905 0.049808543 0.41898978 0.01715361 0.9025672 0.19747576
0.31 1.0044986 0.049835064 0.4166133 0.017107436 0.8996827 0.1975874
0.311 1.001303 0.049859725 0.41424862 0.017061139 0.896796 0.19769229
0.312 0.99810326 0.04988271 0.4118954 0.017014286 0.8939072 0.1977907
0.313 0.9949011 0.04990387 0.40955326 0.016966816 0.89101714 0.19788252
0.314 0.99169517 0.049923357 0.40722278 0.01691909 0.88812464 0.1979679
0.315 0.98848677 0.049941115 0.40490368 0.016870309 0.88523054 0.1980466
0.316 0.98527443 0.049957085 0.402595 0.016821891 0.8823351 0.19811907
0.317 0.9820608 0.0499714 0.40029803 0.016771998 0.8794378 0.198185
0.318 0.978843 0.049983963 0.39801133 0.016722823 0.8765392 0.19824444
0.319 0.97562325 0.04999486 0.39573586 0.016672656 0.87363905 0.19829763
0.32 0.9724007 0.050004 0.3934708 0.016622651 0.87073725 0.19834441
0.321 0.96917635 0.050011545 0.39121652 0.016572073 0.86783487 0.19838484
0.322 0.9659488 0.050017346 0.38897282 0.016521072 0.8649306 0.19841892
0.323 0.96271986 0.05002152 0.38673964 0.016469885 0.8620257 0.19844672
0.324 0.959488 0.050024 0.38451603 0.01641862 0.85911965 0.19846831
0.325 0.9562542 0.05002488 0.38230374 0.016366517 0.8562129 0.19848366
0.326 0.95301867 0.05002408 0.38010105 0.01631457 0.8533049 0.1984928
0.327 0.9497807 0.05002169 0.3779086 0.016262803 0.85039604 0.19849573
0.328 0.94654185 0.050017662 0.3757262 0.016209943 0.8474865 0.1984926
0.329 0.9433007 0.050012022 0.37355396 0.016157214 0.8445759 0.19848332
0.33 0.94005847 0.050004795 0.37139142 0.016105108 0.8416652 0.19846798
0.331 0.9368145 0.04999598 0.3692384 0.01605188 0.83875376 0.19844654
0.332 0.93356895 0.04998558 0.36709535 0.015999122 0.8358418 0.19841917
0.333 0.9303223 0.049973626 0.36496216 0.015945828 0.8329294 0.19838579
0.334 0.9270745 0.04996008 0.3628382 0.01589313 0.83001685 0.19834648
0.335 0.9238256 0.049945008 0.36072385 0.015839625 0.827104 0.19830115
0.336 0.92057574 0.049928416 0.35861877 0.015786944 0.8241906 0.19825
0.337 0.9173251 0.049910318 0.3565236 0.015733391 0.8212774 0.198193
0.338 0.9140734 0.049890656 0.35443744 0.015680164 0.8183642 0.1981302
0.339 0.910821 0.049869567 0.35236022 0.01562717 0.8154505 0.1980616
0.33999999999999997 0.90756845 0.04984691 0.35029277 0.015574112 0.81253755 0.19798723
0.34099999999999997 0.9043145 0.04982277 0.34823373 0.0155212525 0.80962455 0.19790715
0.34199999999999997 0.90106016 0.04979722 0.34618422 0.015468144 0.8067107 0.19782129
0.34299999999999997 0.8978058 0.04977016 0.3441437 0.015415225 0.8037983 0.1977299
0.344 0.89455146 0.049741667 0.3421121 0.015362327 0.8008859 0.19763292
0.345 0.8912966 0.049711738 0.340089 0.015309915 0.79797345 0.19753027
0.346 0.88804173 0.049680386 0.33807468 0.015257044 0.7950623 0.19742225
0.347 0.8847869 0.049647603 0.33606952 0.015205107 0.7921513 0.19730859
0.348 0.8815321 0.049613405 0.33407298 0.015152648 0.78924096 0.1971895
0.349 0.87827796 0.049577862 0.3320852 0.015100277 0.7863307 0.19706492
0.35 0.8750231 0.04954088 0.3301055 0.015048352 0.7834222 0.19693498
0.351 0.87176913 0.04950255 0.3281348 0.014996728 0.78051376 0.19679971
0.352 0.8685161 0.049462885 0.32617256 0.014945188 0.77760625 0.19665909
0.353 0.86526275 0.04942187 0.32421845 0.014893952 0.7746999 0.19651325
0.354 0.86201006 0.049379498 0.32227254 0.014842807 0.77179474 0.1963621
0.355 0.8587582 0.04933578 0.32033563 0.014791872 0.7688896 0.19620565
0.356 0.85550773 0.049290802 0.31840637 0.014740799 0.7659868 0.19604424
0.357 0.85225755 0.049244497 0.31648573 0.014690122 0.7630846 0.19587755
0.358 0.8490086 0.049196877 0.3145731 0.014639904 0.7601835 0.19570579
0.359 0.8457607 0.049147964 0.3126687 0.014589617 0.7572836 0.19552897
0.36 0.8425135 0.04909784 0.3107724 0.014539411 0.75438523 0.19534709
0.361 0.839268 0.04904646 0.30888414 0.0144895045 0.7514888 0.19516034
0.362 0.83602357 0.04899382 0.30700368 0.014439888 0.7485934 0.1949686
0.363 0.8327805 0.048939947 0.30513155 0.0143903 0.7456992 0.19477193
0.364 0.8295392 0.048884824 0.30326688 0.014340736 0.7428067 0.19457035
0.365 0.82629883 0.048828527 0.30141023 0.014291518 0.73991615 0.19436388
0.366 0.8230607 0.048770975 0.29956153 0.014242544 0.73702693 0.19415274
0.367 0.8198242 0.0487123 0.2977208 0.014193059 0.7341398 0.19393677
0.368 0.81658876 0.04865241 0.2958877 0.014144424 0.7312544 0.19371623
0.369 0.8133557 0.048591375 0.2940619 0.014095374 0.7283707 0.19349088
0.37 0.810125 0.04852917 0.2922443 0.014046705 0.7254894 0.19326092
0.371 0.80689543 0.048465867 0.29043382 0.013997637 0.72260934 0.19302641
0.372 0.8036687 0.04840139 0.28863144 0.0139488755 0.7197322 0.19278732
0.373 0.8004438 0.04833578 0.28683642 0.013900059 0.7168565 0.19254361
0.374 0.79722106 0.048269093 0.28504884 0.013850935 0.71398294 0.19229558
0.375 0.79400086 0.048201308 0.28326887 0.013802033 0.7111118 0.192043
0.376 0.7907833 0.048132487 0.2814963 0.013753313 0.7082428 0.19178604
0.377 0.787568 0.048062544 0.2797312 0.013704286 0.705376 0.19152477
0.378 0.7843552 0.047991514 0.27797335 0.0136549175 0.7025117 0.191259
0.379 0.7811448 0.047919467 0.27622297 0.013605419 0.6996498 0.19098926
0.38 0.7779375 0.04784637 0.2744799 0.01355582 0.69679046 0.1907151
0.381 0.7747329 0.047772277 0.2727442 0.013505937 0.6939334 0.19043669
0.382 0.771531 0.047697153 0.27101552 0.013456005 0.691079 0.19015421
0.383 0.76833236 0.04762102 0.26929408 0.013405744 0.6882273 0.18986748
0.384 0.76513636 0.04754391 0.26757994 0.013355206 0.68537796 0.18957688
0.385 0.7619435 0.04746583 0.26587287 0.013304191 0.68253165 0.18928222
0.386 0.7587542 0.04738676 0.26417327 0.013253042 0.6796881 0.18898349
0.387 0.7555677 0.047306783 0.26248026 0.013201384 0.67684686 0.1886807
0.388 0.75238466 0.047225825 0.26079482 0.013149513 0.6740087 0.18837415
0.389 0.7492049 0.04714395 0.25911617 0.013097327 0.6711737 0.18806376
0.39 0.7460289 0.047061127 0.2574444 0.013044099 0.6683414 0.18774948
0.391 0.74285614 0.046977427 0.25578007 0.012990983 0.6655123 0.18743148
0.392 0.7396869 0.046892814 0.25412238 0.012937079 0.66268563 0.1871097
0.393 0.7365213 0.046807356 0.25247163 0.0128830355 0.6598625 0.18678427
0.394 0.73335975 0.046721004 0.25082782 0.01282799 0.6570426 0.1864552
0.395 0.73020154 0.04663382 0.24919114 0.012772699 0.6542257 0.18612246
0.396 0.7270472 0.046545766 0.24756072 0.012716403 0.6514119 0.18578622
0.397 0.72389734 0.046456885 0.2459376 0.012660004 0.6486015 0.18544646
0.398 0.72075087 0.0463672 0.24432117 0.012603122 0.6457942 0.18510322
0.399 0.71760887 0.046276696 0.24271183 0.012545343 0.6429907 0.1847566
0.4 0.71447027 0.046185404 0.24110903 0.012487437 0.64019036 0.18440667
0.401 0.71133643 0.04609333 0.2395128 0.012428745 0.63739336 0.1840533
0.402 0.70820636 0.046000488 0.23792367 0.012369564 0.6345998 0.18369669
0.403 0.70508146 0.045906883 0.23634122 0.012309984 0.6318102 0.18333678
0.404 0.70196015 0.045812547 0.2347656 0.012249896 0.6290239 0.18297383
0.405 0.6988435 0.045717478 0.23319651 0.012188975 0.62624156 0.18260764
0.406 0.6957313 0.045621656 0.23163378 0.012127704 0.62346286 0.18223831
0.40700000000000003 0.69262344 0.04552516 0.23007818 0.0120664155 0.6206877 0.18186605
0.40800000000000003 0.68952036 0.045427963 0.22852927 0.012004315 0.61791646 0.18149072
0.40900000000000003 0.68642217 0.04533009 0.22698666 0.011942186 0.61514914 0.18111235
0.41000000000000003 0.6833281 0.04523153 0.22545098 0.011879822 0.6123859 0.18073107
0.41100000000000003 0.680239 0.04513234 0.22392172 0.011816899 0.6096265 0.1803469
0.41200000000000003 0.6771551 0.045032464 0.22239923 0.011753875 0.606871 0.17995992
0.41300000000000003 0.6740753 0.04493192 0.22088341 0.011690659 0.60412014 0.1795702
0.41400000000000003 0.67100096 0.044830788 0.21937436 0.011627478 0.6013731 0.17917754
0.41500000000000004 0.66793144 0.04472896 0.21787155 0.011564353 0.59863055 0.17878218
0.41600000000000004 0.66486704 0.0446266 0.2163754 0.011500987 0.5958922 0.17838408
0.41700000000000004 0.66180754 0.044523586 0.2148862 0.011437798 0.59315854 0.17798336
0.41800000000000004 0.6587533 0.044419985 0.2134033 0.011374719 0.5904291 0.17758006
0.41900000000000004 0.6557036 0.044315785 0.211927 0.0113116875 0.5877043 0.17717396
0.42000000000000004 0.6526599 0.044210993 0.21045746 0.011248618 0.584984 0.17676535
0.42100000000000004 0.6496212 0.044105634 0.20899437 0.011185794 0.58226866 0.17635408
0.42200000000000004 0.6465876 0.043999683 0.20753804 0.011123761 0.57955766 0.17594032
0.42300000000000004 0.6435594 0.04389317 0.20608835 0.011061796 0.5768517 0.17552398
0.42400000000000004 0.64053625 0.04378607 0.20464493 0.011000005 0.5741508 0.17510504
0.42500000000000004 0.6375188 0.043678407 0.20320857 0.010938786 0.57145464 0.17468372
0.42600000000000005 0.634507 0.043570206 0.20177853 0.010877819 0.56876355 0.1742598
0.42700000000000005 0.6315008 0.043461442 0.2003551 0.0108175725 0.56607777 0.17383346
0.42800000000000005 0.6285 0.04335212 0.19893841 0.010757529 0.5633967 0.17340462
0.42900000000000005 0.6255042 0.043242212 0.197528 0.0106981415 0.5607212 0.17297326
0.43000000000000005 0.62251467 0.043131776 0.19612469 0.010639175 0.55805105 0.17253946
0.43100000000000005 0.61953074 0.043020792 0.19472763 0.010580735 0.5553862 0.17210321
0.43200000000000005 0.61655253 0.04290927 0.1933375 0.0105226515 0.5527268 0.1716646
0.43300000000000005 0.6135796 0.042797193 0.19195336 0.0104649095 0.55007243 0.17122339
0.43400000000000005 0.61061305 0.04268455 0.19057615 0.010407713 0.54742414 0.17077982
0.43500000000000005 0.60765207 0.04257141 0.18920577 0.010351321 0.5447812 0.17033385
0.43600000000000005 0.604697 0.04245771 0.18784183 0.010295351 0.542144 0.16988538
0.43700000000000006 0.60174793 0.042343475 0.18648447 0.010239669 0.5395124 0.16943468
0.43800000000000006 0.5988045 0.042228702 0.1851335 0.010184481 0.53688645 0.16898137
0.43900000000000006 0.5958674 0.04211338 0.1837892 0.010129642 0.53426653 0.16852583
0.44000000000000006 0.59293616 0.041997567 0.18245143 0.01007524 0.5316521 0.16806786
0.44100000000000006 0.5900114 0.041881192 0.18112034 0.010021465 0.5290437 0.1676075
0.44200000000000006 0.58709234 0.041764334 0.17979562 0.009967919 0.5264413 0.16714488
0.44300000000000006 0.5841794 0.04164689 0.17847751 0.009914968 0.5238445 0.16667995
0.44400000000000006 0.5812731 0.04152901 0.17716585 0.00986202 0.52125376 0.16621272
0.44500000000000006 0.5783726 0.041410595 0.17586067 0.009809777 0.518669 0.16574328
0.44600000000000006 0.5754788 0.041291688 0.17456202 0.0097578615 0.5160904 0.16527143
0.44700000000000006 0.5725908 0.04117225 0.17326988 0.009706301 0.51351774 0.16479743
0.44800000000000006 0.5697095 0.041052338 0.17198418 0.009654997 0.5109512 0.16432123
0.44900000000000007 0.5668345 0.040931974 0.17070504 0.009604427 0.50839067 0.1638429
0.45000000000000007 0.563966 0.04081112 0.16943212 0.0095537575 0.50583655 0.16336238
0.45100000000000007 0.5611043 0.040689785 0.16816582 0.00950364 0.5032882 0.16287981
0.45199999999999996 0.5582485 0.040567964 0.16690592 0.009454336 0.50074637 0.16239506
0.45299999999999996 0.5553997 0.04044571 0.16565216 0.009404809 0.49821046 0.16190831
0.45399999999999996 0.55255747 0.04032301 0.16440491 0.009355782 0.49568108 0.16141953
0.45499999999999996 0.5497222 0.040199894 0.16316412 0.009307397 0.49315777 0.1609288
0.45599999999999996 0.5468932 0.040076304 0.16192962 0.009259314 0.49064067 0.16043611
0.45699999999999996 0.54407096 0.039952293 0.16070145 0.009211715 0.48812973 0.15994142
0.45799999999999996 0.5412554 0.03982792 0.15947962 0.00916451 0.48562503 0.15944499
0.45899999999999996 0.5384467 0.03970309 0.15826412 0.0091177905 0.4831271 0.15894671
0.45999999999999996 0.5356449 0.039577875 0.15705484 0.009071497 0.4806351 0.1584466
0.46099999999999997 0.5328501 0.03945226 0.1558519 0.009025758 0.47814927 0.15794462
0.46199999999999997 0.5300619 0.03932627 0.15465517 0.008980349 0.4756703 0.15744096
0.46299999999999997 0.5272808 0.039199933 0.1534646 0.008935693 0.4731977 0.15693565
0.46399999999999997 0.52450675 0.0390732 0.15228039 0.008891354 0.47073123 0.1564287
0.46499999999999997 0.5217395 0.038946126 0.15110235 0.0088475505 0.46827123 0.15591998
0.46599999999999997 0.51897943 0.038818687 0.14993054 0.008804601 0.46581745 0.15540984
0.46699999999999997 0.5162266 0.03869091 0.14876497 0.008762106 0.4633704 0.15489805
0.46799999999999997 0.51348066 0.038562834 0.14760555 0.008720141 0.46092984 0.15438476
0.469 0.51074183 0.03843442 0.14645217 0.008678778 0.45849565 0.15387002
0.47 0.50801015 0.038305655 0.14530493 0.008638036 0.45606795 0.15335386
0.471 0.5052859 0.0381766 0.14416397 0.008598023 0.45364654 0.1528362
0.472 0.502569 0.038047295 0.14302911 0.008558831 0.4512321 0.15231724
0.473 0.4998589 0.03791764 0.1419003 0.008520217 0.44882378 0.15179689
0.474 0.49715617 0.03778772 0.14077756 0.008482219 0.4464223 0.15127532
0.475 0.49446118 0.037657518 0.13966101 0.008445065 0.44402736 0.15075243
0.476 0.49177322 0.037527055 0.13855045 0.008408558 0.44163895 0.15022828
0.477 0.48909268 0.037396327 0.13744599 0.008372859 0.43925706 0.14970289
0.478 0.48641953 0.037265327 0.13634752 0.008337974 0.43688202 0.14917643
0.479 0.48375416 0.037134092 0.13525514 0.008303816 0.4345135 0.14864875
0.48 0.48109567 0.037002627 0.1341687 0.0082704015 0.4321515 0.14811996
0.481 0.4784449 0.036870915 0.1330883 0.008237972 0.42979625 0.14759012
0.482 0.47580174 0.036738977 0.13201398 0.008206175 0.42744774 0.1470592
0.483 0.4731661 0.036606822 0.1309457 0.008175364 0.42510587 0.14652728
0.484 0.47053763 0.03647446 0.12988314 0.008145442 0.4227709 0.14599441
0.485 0.4679174 0.036341865 0.12882665 0.008116243 0.42044255 0.14546058
0.486 0.4653044 0.036209088 0.12777624 0.008088011 0.41812065 0.14492583
0.487 0.46269912 0.03607613 0.12673165 0.008060598 0.415806 0.14439014
0.488 0.46010157 0.03594296 0.12569304 0.00803407 0.41349784 0.14385362
0.489 0.45751145 0.035809614 0.124660194 0.008008351 0.41119662 0.1433162
0.49 0.45492917 0.035676096 0.123633355 0.007983729 0.40890193 0.14277798
0.491 0.45235488 0.03554239 0.12261255 0.00795987 0.40661433 0.14223906
0.492 0.44978806 0.03540854 0.12159749 0.007936864 0.40433356 0.14169933
0.493 0.447229 0.035274506 0.12058835 0.0079149045 0.4020597 0.1411589
0.494 0.4446777 0.03514032 0.11958486 0.00789369 0.3997925 0.1406177
0.495 0.44213432 0.035006 0.11858735 0.007873448 0.3975323 0.14007586
0.496 0.43959877 0.034871537 0.11759574 0.0078540845 0.3952788 0.13953336
0.497 0.43707108 0.034736946 0.1166099 0.007835623 0.39303252 0.13899028
0.498 0.43455097 0.034602206 0.115629874 0.007818116 0.39079285 0.13844652
0.499 0.43203875 0.034467336 0.11465569 0.007801519 0.3885606 0.13790226
0.5 0.42953476 0.034332342 0.113687314 0.0077857585 0.38633496 0.13735747
0.501 0.42703864 0.03419724 0.11272459 0.007770806 0.38411632 0.13681205
0.502 0.42455032 0.03406201 0.11176767 0.007756781 0.38190472 0.13626623
0.503 0.4220702 0.03392671 0.11081655 0.007743686 0.3797 0.13571988
0.504 0.4195975 0.033791285 0.10987113 0.0077313967 0.37750226 0.13517313
0.505 0.4171333 0.033655737 0.108931504 0.0077197873 0.3753117 0.13462591
0.506 0.4146769 0.033520125 0.10799756 0.0077092974 0.37312818 0.13407828
0.507 0.4122285 0.033384435 0.10706933 0.0076994887 0.3709515 0.13353026
0.508 0.4097884 0.03324864 0.106146835 0.0076905326 0.36878216 0.13298194
0.509 0.40735608 0.033112805 0.10522988 0.0076823784 0.36661965 0.13243327
0.51 0.40493187 0.032976847 0.10431871 0.007675008 0.36446434 0.13188432
0.511 0.40251565 0.03284086 0.10341317 0.0076684305 0.36231616 0.131335
0.512 0.4001074 0.032704793 0.10251338 0.0076624104 0.3601749 0.1307855
0.513 0.39770743 0.03256866 0.10161915 0.007657302 0.3580409 0.1302357
0.514 0.3953157 0.03243248 0.10073041 0.007652795 0.35591397 0.12968573
0.515 0.39293185 0.03229624 0.09984741 0.007649103 0.3537941 0.12913555
0.516 0.39055642 0.032159958 0.09896997 0.007646048 0.35168156 0.12858516
0.517 0.38818893 0.032023665 0.0980982 0.0076437537 0.34957597 0.12803462
0.518 0.38582963 0.031887293 0.09723194 0.0076419865 0.3474778 0.12748398
0.519 0.38347858 0.031750906 0.096371196 0.0076407962 0.3453865 0.12693316
0.52 0.38113567 0.031614482 0.095516 0.00764042 0.34330246 0.12638235
0.521 0.37880084 0.031478044 0.09466639 0.007640475 0.34122577 0.1258314
0.522 0.37647423 0.031341594 0.0938223 0.0076411115 0.33915612 0.1252804
0.523 0.3741561 0.031205116 0.09298376 0.007642256 0.33709377 0.12472941
0.524 0.37184584 0.03106863 0.09215059 0.00764392 0.33503872 0.12417838
0.525 0.36954403 0.030932143 0.09132311 0.0076462077 0.33299062 0.123627365
0.526 0.3672502 0.030795652 0.09050093 0.0076488312 0.33094996 0.12307637
0.527 0.36496505 0.030659147 0.08968412 0.0076519446 0.32891643 0.12252545
0.528 0.3626879 0.030522658 0.088872865 0.0076555326 0.32689026 0.12197461
0.529 0.36041883 0.030386182 0.08806708 0.0076594646 0.3248713 0.1214238
0.53 0.35815835 0.030249719 0.08726662 0.0076638237 0.3228596 0.12087314
0.531 0.35590604 0.030113285 0.08647166 0.0076684607 0.32085514 0.12032259
0.532 0.3536621 0.02997684 0.08568206 0.0076735844 0.3188579 0.1197722
0.533 0.35142642 0.029840454 0.084897794 0.0076789223 0.31686807 0.11922199
0.534 0.34919903 0.029704075 0.08411884 0.007684532 0.31488547 0.11867197
0.535 0.3469797 0.029567765 0.083345346 0.0076904823 0.31291017 0.11812214
0.536 0.34476894 0.029431444 0.082577124 0.0076966975 0.3109422 0.11757248
0.537 0.3425666 0.02929521 0.08181423 0.0077031148 0.30898145 0.11702316
0.538 0.34037244 0.029158998 0.081056535 0.0077097015 0.30702806 0.11647401
0.539 0.33818662 0.029022843 0.08030421 0.0077166003 0.30508178 0.11592519
0.54 0.336009 0.028886734 0.07955716 0.007723626 0.30314305 0.11537666
0.541 0.3338401 0.028750693 0.07881536 0.00773062 0.30121166 0.1148284
0.542 0.33167925 0.028614722 0.07807872 0.00773781 0.29928753 0.11428052
0.543 0.32952666 0.02847879 0.0773474 0.007745316 0.29737073 0.11373295
0.544 0.32738262 0.028342947 0.076621234 0.007752513 0.29546127 0.11318579
0.545 0.3252469 0.028207183 0.07590029 0.007760069 0.29355904 0.11263895
0.546 0.32311955 0.028071482 0.075184524 0.00776754 0.2916643 0.11209252
0.547 0.32100046 0.027935853 0.07447387 0.007775058 0.2897768 0.11154658
0.548 0.3188899 0.027800336 0.07376842 0.0077825603 0.28789666 0.111000955
0.549 0.3167876 0.027664881 0.073068045 0.007790003 0.2860239 0.11045588
0.55 0.31469366 0.027529532 0.072372794 0.007797573 0.2841584 0.10991125
0.551 0.31260818 0.027394276 0.07168266 0.0078049107 0.28230032 0.10936708
0.552 0.31053105 0.027259128 0.07099755 0.0078122457 0.28044966 0.10882342
0.553 0.3084623 0.027124073 0.07031753 0.007819508 0.27860633 0.10828029
0.554 0.30640194 0.026989147 0.069642544 0.007826689 0.2767701 0.10773767
0.555 0.30434987 0.026854299 0.068972565 0.007833824 0.27494147 0.10719557
0.556 0.3023062 0.026719583 0.068307616 0.007840685 0.2731202 0.10665407
0.557 0.3002709 0.02658498 0.067647666 0.007847475 0.2713062 0.106113136
0.558 0.29824403 0.026450519 0.06699272 0.00785407 0.2694996 0.10557283
0.559 0.29622552 0.026316175 0.06634264 0.007860507 0.26770028 0.10503308
0.56 0.29421547 0.026181953 0.065697566 0.007866759 0.26590833 0.10449399
0.561 0.29221374 0.026047863 0.06505737 0.00787283 0.26412392 0.103955485
0.562 0.2902204 0.025913915 0.064422086 0.007878676 0.26234663 0.10341766
0.5630000000000001 0.28823546 0.025780112 0.06379171 0.007884373 0.26057678 0.10288056
0.5640000000000001 0.2862589 0.025646448 0.06316617 0.007889799 0.25881422 0.10234411
0.5650000000000001 0.28429055 0.025512928 0.062545426 0.007894883 0.25705922 0.10180836
0.5660000000000001 0.28233075 0.02537956 0.06192958 0.007899837 0.25531137 0.10127328
0.5670000000000001 0.2803793 0.025246346 0.06131855 0.007904542 0.2535709 0.10073896
0.5680000000000001 0.2784363 0.025113298 0.060712233 0.007908809 0.251838 0.100205414
0.5690000000000001 0.2765014 0.02498041 0.06011074 0.007912946 0.25011212 0.09967258
0.5700000000000001 0.274575 0.024847688 0.059514035 0.007916796 0.24839367 0.09914053
0.5710000000000001 0.2726571 0.024715131 0.05892198 0.007920403 0.24668264 0.09860926
0.5720000000000001 0.27074754 0.024582753 0.05833474 0.007923584 0.24497889 0.09807882
0.5730000000000001 0.2688461 0.02445056 0.057752058 0.007926517 0.24328245 0.097549126
0.5740000000000001 0.26695323 0.024318524 0.05717412 0.007929127 0.24159336 0.09702028
0.5750000000000001 0.2650687 0.024186678 0.056600727 0.007931527 0.23991165 0.096492335
0.5760000000000001 0.26319242 0.024055019 0.056032076 0.007933598 0.23823725 0.09596515
0.5770000000000001 0.26132452 0.023923572 0.055468064 0.007935268 0.23657015 0.09543888
0.5780000000000001 0.25946498 0.023792291 0.054908544 0.007936675 0.2349103 0.09491345
0.5790000000000001 0.25761375 0.023661207 0.05435367 0.007937662 0.23325792 0.09438898
0.58 0.2557709 0.023530332 0.05380331 0.007938431 0.23161268 0.093865365
0.581 0.25393632 0.023399653 0.05325748 0.007938792 0.22997493 0.0933427
0.582 0.25211012 0.023269195 0.05271616 0.007938884 0.2283443 0.092820905
0.583 0.25029218 0.023138933 0.052179273 0.0079386635 0.2267211 0.092300095
0.584 0.24848256 0.023008898 0.05164696 0.007938044 0.22510509 0.09178024
0.585 0.24668126 0.022879064 0.051119 0.007937132 0.22349639 0.09126132
0.586 0.24488822 0.022749467 0.050595537 0.007935946 0.22189495 0.09074336
0.587 0.2431035 0.02262008 0.0500764 0.007934297 0.2203008 0.090226434
0.588 0.24132708 0.02249092 0.049561657 0.0079324655 0.21871398 0.0897105
0.589 0.239559 0.022362003 0.049051307 0.00793017 0.21713428 0.08919559
0.59 0.2377991 0.02223329 0.04854528 0.007927607 0.21556206 0.088681705
0.591 0.23604761 0.022104839 0.048043553 0.00792472 0.21399693 0.088168874
0.592 0.23430413 0.02197661 0.04754611 0.007921533 0.21243902 0.08765703
0.593 0.23256913 0.021848636 0.047052924 0.007918057 0.21088845 0.08714627
0.594 0.23084216 0.0217209 0.046564005 0.007914183 0.20934491 0.086636625
0.595 0.22912359 0.021593424 0.04607938 0.007910039 0.20780885 0.08612803
0.596 0.22741322 0.021466186 0.045598846 0.007905557 0.2062799 0.08562051
0.597 0.22571094 0.021339208 0.04512257 0.007900743 0.20475823 0.08511409
0.598 0.22401708 0.021212492 0.044650383 0.007895694 0.20324358 0.084608816
0.599 0.22233118 0.021086019 0.044182345 0.007890305 0.20173617 0.08410465
0.6 0.2206536 0.02095983 0.04371848 0.007884579 0.20023596 0.08360159
0.601 0.21898432 0.020833904 0.04325869 0.007878624 0.19874305 0.083099686
0.602 0.2173231 0.020708235 0.04280294 0.007872311 0.19725718 0.08259899
0.603 0.21567005 0.020582853 0.042351235 0.00786582 0.1957785 0.082099445
0.604 0.21402527 0.020457735 0.04190354 0.007859014 0.194307 0.08160103
0.605 0.21238853 0.020332903 0.041459903 0.007851841 0.19284263 0.08110386
0.606 0.21075983 0.020208338 0.04102015 0.007844493 0.19138533 0.080607824
0.607 0.20913939 0.020084074 0.040584415 0.007836835 0.18993512 0.08011303
0.608 0.20752704 0.019960076 0.040152583 0.0078289565 0.18849216 0.07961943
0.609 0.2059228 0.019836405 0.03972469 0.007820781 0.18705626 0.079127096
0.61 0.20432669 0.01971298 0.039300658 0.007812389 0.1856275 0.07863593
0.611 0.20273854 0.019589875 0.03888048 0.007803681 0.18420573 0.078146085
0.612 0.2011586 0.019467067 0.03846413 0.0077947634 0.18279102 0.077657446
0.613 0.19958672 0.019344544 0.03805159 0.0077856123 0.1813834 0.07717011
0.614 0.19802283 0.01922235 0.037642878 0.007776231 0.17998292 0.076684
0.615 0.19646686 0.019100439 0.037237898 0.0077666356 0.17858943 0.07619915
0.616 0.19491918 0.018978845 0.036836665 0.0077567864 0.17720298 0.075715624
0.617 0.19337948 0.018857557 0.03643918 0.007746681 0.17582354 0.07523339
0.618 0.19184771 0.018736586 0.036045372 0.0077364696 0.1744511 0.07475247
0.619 0.19032384 0.018615931 0.035655256 0.0077259853 0.1730857 0.07427284
0.62 0.18880811 0.018495595 0.035268754 0.007715278 0.17172725 0.073794566
0.621 0.18730022 0.018375574 0.034885872 0.007704404 0.17037581 0.07331761
0.622 0.18580043 0.018255878 0.0345066 0.007693275 0.16903137 0.07284199
0.623 0.18430848 0.018136509 0.034130946 0.0076820217 0.16769387 0.07236773
0.624 0.1828244 0.018017458 0.03375882 0.0076705455 0.16636324 0.071894795
0.625 0.18134826 0.017898757 0.03339019 0.0076588523 0.16503966 0.071423255
0.626 0.17988013 0.017780373 0.03302513 0.0076470226 0.1637229 0.07095304
0.627 0.17841995 0.01766232 0.032663506 0.007634973 0.1624131 0.07048424
0.628 0.17696749 0.01754462 0.03230538 0.007622807 0.16111022 0.070016846
0.629 0.17552286 0.017427254 0.031950682 0.0076104067 0.15981418 0.06955077
0.63 0.17408621 0.017310217 0.031599358 0.0075978716 0.15852502 0.069086194
0.631 0.17265734 0.017193532 0.03125146 0.0075852005 0.15724272 0.06862293
0.632 0.1712363 0.0170772 0.030906951 0.0075723203 0.1559673 0.06816116
0.633 0.16982302 0.016961219 0.030565739 0.00755929 0.15469876 0.06770076
0.634 0.16841751 0.016845563 0.030227862 0.0075460877 0.15343691 0.067241795
0.635 0.1670199 0.016730275 0.029893268 0.0075327638 0.15218197 0.06678429
0.636 0.16562991 0.01661534 0.02956196 0.0075192773 0.1509338 0.066328205
0.637 0.16424777 0.016500767 0.029233897 0.0075056157 0.1496924 0.06587359
0.638 0.16287327 0.016386552 0.028909037 0.0074918163 0.14845775 0.06542042
0.639 0.16150656 0.01627269 0.028587407 0.0074778874 0.1472299 0.064968705
0.64 0.16014744 0.016159192 0.028268958 0.007463825 0.14600872 0.06451846
0.641 0.15879612 0.016046055 0.027953641 0.0074496064 0.14479437 0.06406972
0.642 0.15745239 0.015933298 0.027641466 0.007435242 0.14358668 0.06362243
0.643 0.15611629 0.015820893 0.02733241 0.007420743 0.14238572 0.06317664
0.644 0.15478787 0.015708854 0.02702644 0.0074061165 0.1411914 0.06273236
0.645 0.15346697 0.015597206 0.02672349 0.0073913485 0.14000373 0.062289532
0.646 0.15215379 0.015485919 0.026423639 0.007376423 0.13882284 0.06184825
0.647 0.15084817 0.015375014 0.026126752 0.00736139 0.13764843 0.06140844
0.648 0.14955011 0.015264478 0.025832858 0.0073461933 0.13648078 0.060970187
0.649 0.14825954 0.015154335 0.025541952 0.0073309094 0.1353197 0.06053346
0.65 0.14697656 0.015044554 0.02525396 0.0073154527 0.13416521 0.06009822
0.651 0.14570107 0.014935169 0.024968946 0.00729987 0.13301735 0.05966457
0.652 0.14443307 0.014826162 0.024686819 0.007284204 0.131876 0.05923241
0.653 0.14317256 0.014717538 0.024407534 0.0072683725 0.13074125 0.058801815
0.654 0.14191946 0.014609303 0.024131117 0.007252373 0.129613 0.058372755
0.655 0.14067383 0.014501458 0.023857534 0.0072362614 0.12849125 0.057945304
0.656 0.13943565 0.014394006 0.023586752 0.0072200364 0.12737608 0.057519346
0.657 0.13820486 0.014286943 0.023318768 0.0072036493 0.12626745 0.05709499
0.658 0.13698146 0.014180273 0.023053538 0.0071871467 0.12516515 0.056672167
0.659 0.13576536 0.014073995 0.022791022 0.0071704905 0.124069355 0.056250945
0.66 0.13455668 0.01396812 0.022531288 0.0071537294 0.12298008 0.055831306
0.661 0.13335536 0.013862641 0.022274194 0.007136828 0.12189716 0.055413216
0.662 0.13216123 0.013757561 0.022019792 0.0071197706 0.1208207 0.054996766
0.663 0.13097449 0.013652877 0.021768035 0.0071025803 0.11975066 0.05458187
0.664 0.12979499 0.013548601 0.021518918 0.007085226 0.11868696 0.054168586
0.665 0.12862273 0.01344472 0.021272393 0.0070677917 0.11762968 0.05375691
0.666 0.12745772 0.013341253 0.02102846 0.007050176 0.11657869 0.05334681
0.667 0.12629998 0.013238189 0.020787083 0.007032409 0.11553407 0.05293833
0.668 0.12514931 0.013135529 0.020548234 0.007014523 0.11449573 0.05253147
0.669 0.124005884 0.013033287 0.02031192 0.006996476 0.113463745 0.052126218
0.67 0.122869596 0.01293145 0.0200781 0.006978298 0.11243805 0.05172261
0.671 0.121740386 0.012830022 0.019846745 0.0069599394 0.111418515 0.051320598
0.672 0.12061845 0.012729003 0.019617824 0.006941441 0.1104054 0.050920222
0.673 0.11950347 0.012628403 0.01939136 0.0069227596 0.109398365 0.050521467
0.674 0.1183956 0.012528223 0.019167323 0.0069039776 0.10839766 0.050124366
0.675 0.11729474 0.012428451 0.018945653 0.0068850326 0.10740307 0.0497289
0.676 0.11620099 0.012329097 0.018726338 0.0068659214 0.10641477 0.049335066
0.6769999999999999 0.11511421 0.012230165 0.018509375 0.0068466356 0.10543261 0.048942894
0.6779999999999999 0.114034355 0.01213165 0.018294724 0.006827177 0.10445653 0.04855234
0.6789999999999999 0.1129616 0.012033551 0.018082429 0.0068075918 0.103486635 0.04816347
0.6799999999999999 0.111895695 0.011935877 0.017872356 0.006787813 0.10252285 0.04777623
0.6809999999999999 0.11083678 0.01183863 0.017664572 0.006767856 0.10156517 0.04739066
0.6819999999999999 0.10978473 0.011741795 0.01745901 0.006747761 0.10061362 0.047006752
0.6829999999999999 0.10873955 0.011645401 0.017255701 0.006727486 0.09966812 0.04662451
0.6839999999999999 0.10770131 0.011549427 0.017054554 0.0067070434 0.09872859 0.04624392
0.6849999999999999 0.106669776 0.011453875 0.016855597 0.0066864137 0.09779517 0.045864988
0.6859999999999999 0.10564518 0.011358756 0.016658815 0.006665621 0.096867725 0.045487747
0.6869999999999999 0.10462731 0.011264061 0.016464159 0.0066446424 0.09594622 0.045112174
0.688 0.10361626 0.0111698 0.01627163 0.0066234884 0.09503083 0.04473828
0.689 0.10261195 0.011075959 0.016081188 0.006602164 0.09412129 0.044366054
0.69 0.101614386 0.010982567 0.015892819 0.0065806396 0.09321774 0.0439955
0.691 0.100623414 0.010889592 0.01570651 0.0065589333 0.09232009 0.043626666
0.692 0.099639304 0.010797056 0.0155222425 0.0065370477 0.09142838 0.043259498
0.693 0.09866177 0.010704961 0.015340023 0.00651498 0.090542555 0.042894017
0.694 0.09769093 0.010613284 0.01515976 0.0064926986 0.089662574 0.0425302
0.695 0.09672669 0.010522054 0.014981496 0.0064702756 0.08878847 0.04216811
0.696 0.09576897 0.010431253 0.014805177 0.0064476025 0.08792021 0.04180769
0.697 0.094817914 0.010340903 0.014630825 0.0064248014 0.08705774 0.04144897
0.698 0.09387341 0.010250981 0.014458387 0.006401781 0.086201094 0.041091945
0.699 0.09293539 0.010161496 0.014287833 0.0063785575 0.0853502 0.040736627
0.7 0.09200389 0.010072457 0.014119167 0.006355133 0.0845051 0.040383
0.701 0.09107889 0.009983857 0.01395239 0.0063315174 0.083665736 0.040031075
0.702 0.09016033 0.0098956935 0.013787451 0.006307754 0.08283209 0.039680853
0.703 0.089248225 0.009807977 0.0136243235 0.006283759 0.08200413 0.039332334
0.704 0.08834257 0.009720699 0.013463036 0.0062595746 0.08118188 0.03898551
0.705 0.08744325 0.009633866 0.013303519 0.006235177 0.080365285 0.038640402
0.706 0.08655033 0.009547477 0.013145782 0.0062106005 0.07955437 0.03829701
0.707 0.0856638 0.0094615305 0.012989814 0.0061858394 0.07874908 0.037955325
0.708 0.08478352 0.009376026 0.012835563 0.006160875 0.0779494 0.03761533
0.709 0.08390955 0.009290972 0.012683054 0.0061357524 0.07715533 0.037277058
0.71 0.08304187 0.0092063565 0.012532229 0.0061103953 0.07636678 0.036940496
0.711 0.082180455 0.009122197 0.012383098 0.006084847 0.07558388 0.03660565
0.712 0.08132526 0.009038482 0.012235639 0.00605912 0.07480645 0.03627252
0.713 0.08047631 0.0089552095 0.012089823 0.0060332078 0.07403458 0.0359411
0.714 0.079633504 0.0088723935 0.011945652 0.0060070865 0.07326821 0.0356114
0.715 0.078796834 0.008790015 0.011803081 0.0059807906 0.07250734 0.035283394
0.716 0.07796634 0.008708098 0.011662125 0.0059543145 0.07175192 0.034957133
0.717 0.077141955 0.008626621 0.011522729 0.005927625 0.07100194 0.03463256
0.718 0.07632365 0.008545597 0.011384931 0.005900793 0.07025744 0.03430972
0.719 0.07551142 0.008465028 0.011248666 0.005873767 0.0695183 0.03398858
0.72 0.074705236 0.008384907 0.011113946 0.005846554 0.068784624 0.033669177
0.721 0.073905066 0.008305236 0.010980737 0.0058191516 0.06805629 0.033351477
0.722 0.07311084 0.008226015 0.010849026 0.005791601 0.06733332 0.033035498
0.723 0.072322674 0.008147253 0.0107188 0.0057638614 0.06661575 0.032721248
0.724 0.07154039 0.008068935 0.01059005 0.0057359585 0.06590345 0.0324087
0.725 0.07076407 0.007991078 0.010462764 0.005707873 0.06519651 0.032097857
0.726 0.0699936 0.007913666 0.010336902 0.005679638 0.06449488 0.031788763
0.727 0.069229044 0.007836711 0.010212477 0.0056512305 0.06379854 0.031481367
0.728 0.06847035 0.0077602095 0.010089468 0.0056226617 0.06310745 0.031175686
0.729 0.067717485 0.0076841647 0.009967851 0.005593948 0.062421646 0.030871734
0.73 0.06697041 0.007608576 0.009847624 0.005565055 0.061741114 0.03056951
0.731 0.06622913 0.007533437 0.009728756 0.0055360044 0.06106578 0.03026899
0.732 0.06549361 0.007458759 0.009611258 0.005506823 0.06039566 0.029970214
0.733 0.06476383 0.007384533 0.009495098 0.0054774764 0.059730772 0.02967316
0.734 0.064039744 0.0073107746 0.009380287 0.005448005 0.059071064 0.029377872
0.735 0.0633214 0.0072374665 0.009266775 0.0054183467 0.05841649 0.02908431
0.736 0.06260872 0.007164623 0.009154591 0.005388553 0.057767056 0.028792502
0.737 0.06190169 0.007092246 0.009043711 0.0053586382 0.057122797 0.02850247
0.738 0.06120031 0.007020327 0.008934116 0.0053285426 0.05648358 0.028214233
0.739 0.060504556 0.006948877 0.008825816 0.0052983267 0.055849418 0.02792778
0.74 0.059814382 0.0068778996 0.008718786 0.005267964 0.055220265 0.027643135
0.741 0.059129857 0.006807398 0.0086130295 0.005237458 0.05459611 0.027360342
0.742 0.058450848 0.006737375 0.008508524 0.005206801 0.05397687 0.027079398
0.743 0.057777427 0.006667834 0.008405281 0.005176005 0.053362485 0.026800338
0.744 0.057109524 0.006598785 0.008303303 0.005145084 0.0527529 0.026523164
0.745 0.05644717 0.006530226 0.008202539 0.005114005 0.052148066 0.026247887
0.746 0.055790305 0.0064621703 0.008103009 0.00508281 0.051547904 0.02597453
0.747 0.05513896 0.006394616 0.008004694 0.0050514704 0.05095237 0.02570308
0.748 0.0544931 0.0063275765 0.007907587 0.0050200005 0.050361417 0.025433568
0.749 0.053852644 0.006261052 0.007811644 0.004988424 0.049774975 0.025165943
0.75 0.053217612 0.006195043 0.007716882 0.0049567586 0.04919302 0.024900232
0.751 0.052587967 0.006129554 0.007623243 0.004924962 0.048615545 0.024636399
0.752 0.051963657 0.0060645877 0.00753071 0.0048930645 0.048042487 0.024374407
0.753 0.051344655 0.0060001365 0.007439258 0.0048610927 0.047473863 0.024114234
0.754 0.050730895 0.005936199 0.00734885 0.0048290305 0.046909705 0.023855861
0.755 0.05012239 0.005872755 0.0072594434 0.0047968705 0.046349958 0.02359923
0.756 0.049519014 0.005809809 0.007171029 0.0047646225 0.04579474 0.023344312
0.757 0.04892076 0.005747336 0.0070835487 0.004732262 0.045244 0.023091082
0.758 0.048327614 0.005685317 0.006996991 0.004699816 0.044697776 0.022839488
0.759 0.047739476 0.0056237397 0.006911326 0.0046672416 0.04415615 0.022589497
0.76 0.047156364 0.0055625914 0.006826537 0.0046345703 0.043619093 0.022341082
0.761 0.046578187 0.0055018477 0.006742609 0.0046017594 0.043086614 0.022094203
0.762 0.04600499 0.0054414966 0.0066595296 0.0045688194 0.042558752 0.021848856
0.763 0.04543667 0.0053815274 0.0065772817 0.004535731 0.042035494 0.021605011
0.764 0.044873226 0.005321929 0.0064958585 0.0045025 0.04151685 0.021362638
0.765 0.044314645 0.0052626915 0.0064152675 0.0044691428 0.041002803 0.021121752
0.766 0.043760926 0.005203814 0.006335489 0.004435612 0.04049335 0.020882335
0.767 0.04321204 0.0051452913 0.006256544 0.004401964 0.03998845 0.020644385
0.768 0.042667966 0.005087119 0.0061784117 0.0043681543 0.03948812 0.020407924
0.769 0.042128682 0.005029309 0.0061011035 0.004334221 0.038992293 0.020172931
0.77 0.041594196 0.0049718563 0.0060246163 0.004300147 0.03850098 0.019939424
0.771 0.041064467 0.0049147694 0.005948948 0.004265951 0.038014106 0.01970741
0.772 0.040539507 0.0048580496 0.0058741067 0.004231637 0.037531707 0.019476904
0.773 0.040019304 0.0048016994 0.005800086 0.004197191 0.037053708 0.01924792
0.774 0.039503813 0.0047457283 0.00572689 0.0041626603 0.036580082 0.01902045
0.775 0.038993046 0.004690142 0.005654508 0.0041280147 0.036110822 0.018794507
0.776 0.038487 0.004634945 0.005582953 0.0040932987 0.03564588 0.018570121
0.777 0.037985638 0.004580143 0.0055122147 0.0040585026 0.035185248 0.01834728
0.778 0.03748894 0.0045257406 0.0054422976 0.0040236474 0.03472888 0.018126003
0.779 0.036996897 0.0044717425 0.005373202 0.0039887414 0.03427677 0.017906288
0.78 0.036509506 0.0044181547 0.005304916 0.003953782 0.03382886 0.017688142
0.781 0.036026753 0.0043649813 0.005237444 0.0039188094 0.033385146 0.017471578
0.782 0.035548616 0.004312228 0.0051707868 0.003883827 0.032945607 0.017256593
0.783 0.035075054 0.0042598974 0.005104937 0.0038488475 0.032510206 0.01704319
0.784 0.03460608 0.0042079994 0.005039899 0.0038139042 0.032078937 0.016831383
0.785 0.034141667 0.0041565346 0.0049756696 0.003779007 0.031651765 0.01662116
0.786 0.033681795 0.004105508 0.004912237 0.00374419 0.031228684 0.01641252
0.787 0.03322644 0.0040549296 0.0048496067 0.0037094767 0.030809632 0.01620549
0.788 0.03277558 0.004004803 0.0047877743 0.0036748867 0.030394623 0.016000053
0.789 0.03232923 0.0039551333 0.0047267373 0.0036404505 0.029983617 0.015796207
0.79 0.031887352 0.003905929 0.0046664937 0.0036062154 0.029576614 0.015593972
0.791 0.03144993 0.0038572007 0.0046070316 0.0035722046 0.029173588 0.015393328
0.792 0.031016918 0.0038089508 0.0045483564 0.0035384544 0.028774505 0.015194286
0.793 0.030588303 0.0037611914 0.004490451 0.003505015 0.028379338 0.01499685
0.794 0.030164082 0.0037139342 0.0044333194 0.0034719254 0.027988082 0.014801006
0.795 0.029744226 0.0036671849 0.004376946 0.0034392308 0.027600711 0.014606773
0.796 0.02932871 0.0036209577 0.0043213214 0.0034069784 0.027217207 0.014414153
0.797 0.028917497 0.0035752633 0.004266444 0.0033752297 0.026837546 0.014223135
0.798 0.028510572 0.0035301165 0.0042123003 0.0033440175 0.026461702 0.014033719
0.799 0.028107913 0.003485526 0.004158873 0.0033134061 0.026089666 0.013845913
0.8 0.027709477 0.003441508 0.0041061486 0.003283426 0.025721386 0.013659716
0.801 0.027315248 0.0033980736 0.0040541105 0.0032541414 0.025356881 0.013475129
0.802 0.026925184 0.0033552414 0.0040027443 0.003225598 0.02499609 0.013292146
0.803 0.026539255 0.0033130227 0.0039520236 0.0031978223 0.024639003 0.013110771
0.8039999999999999 0.026157437 0.0032714296 0.0039019354 0.0031708598 0.024285598 0.012931001
0.8049999999999999 0.025779698 0.0032304793 0.0038524433 0.003144728 0.023935843 0.012752839
0.8059999999999999 0.02540596 0.003190184 0.003803534 0.003119447 0.023589721 0.012576276
0.8069999999999999 0.025036221 0.0031505534 0.0037551718 0.003095018 0.023247171 0.012401314
0.8079999999999999 0.02467044 0.0031116002 0.0037073337 0.003071442 0.022908203 0.012227947
0.8089999999999999 0.024308546 0.0030733312 0.0036599839 0.0030486877 0.022572773 0.012056169
0.8099999999999999 0.023950545 0.0030357547 0.0036130939 0.003026728 0.022240836 0.011885978
0.8109999999999999 0.023596339 0.0029988727 0.0035666304 0.0030055223 0.021912372 0.0117173605
0.8119999999999999 0.023245906 0.002962686 0.0035205653 0.0029850074 0.021587357 0.011550317
0.813 0.022899216 0.0029271916 0.0034748658 0.0029651101 0.021265738 0.011384838
0.814 0.022556178 0.0028923799 0.0034294978 0.0029457419 0.020947505 0.011220908
0.815 0.02221678 0.0028582395 0.0033844349 0.0029268158 0.02063261 0.011058526
0.816 0.021880943 0.0028247512 0.0033396427 0.0029082305 0.020321019 0.010897678
0.817 0.021548646 0.0027918906 0.0032950977 0.0028898772 0.020012695 0.010738355
0.818 0.021219814 0.00275963 0.003250778 0.0028716538 0.01970762 0.010580542
0.819 0.02089441 0.0027279337 0.0032066554 0.0028534397 0.019405754 0.010424235
0.82 0.020572383 0.0026967572 0.003162713 0.0028351373 0.019107051 0.010269417
0.821 0.020253686 0.002666057 0.0031189336 0.0028166366 0.018811503 0.010116074
0.822 0.01993827 0.0026357842 0.0030753047 0.0027978453 0.018519064 0.009964202
0.823 0.019626101 0.0026058827 0.0030318117 0.0027786728 0.0182297 0.009813783
0.824 0.019317128 0.0025763002 0.002988447 0.0027590324 0.017943403 0.0096648075
0.825 0.019011311 0.0025469805 0.0029452068 0.0027388595 0.01766012 0.009517262
0.826 0.018708609 0.0025178697 0.0029020885 0.0027180926 0.01737984 0.009371133
0.827 0.018408995 0.0024889163 0.0028590912 0.0026966806 0.01710254 0.009226417
0.828 0.01811246 0.0024600727 0.0028162205 0.0026745826 0.016828177 0.0090831
0.829 0.017818937 0.0024312926 0.0027734751 0.0026517694 0.016556744 0.008941167
0.83 0.01752842 0.002402541 0.0027308657 0.0026282251 0.01628822 0.008800612
0.831 0.017240897 0.0023737866 0.0026883997 0.002603931 0.016022569 0.008661428
0.832 0.016956327 0.0023450057 0.002646088 0.0025788979 0.015759788 0.008523604
0.833 0.016674705 0.0023161792 0.0026039386 0.002553123 0.015499848 0.008387133
0.834 0.016396008 0.0022872973 0.0025619622 0.0025266209 0.015242728 0.008252005
0.835 0.016120246 0.0022583574 0.0025201766 0.002499413 0.014988425 0.008118224
0.836 0.015847372 0.0022293576 0.0024785895 0.002471521 0.014736912 0.007985775
0.837 0.0155773945 0.0022003083 0.0024372146 0.002442974 0.014488176 0.007854658
0.838 0.015310296 0.002171217 0.0023960655 0.0024138065 0.014242194 0.007724873
0.839 0.015046081 0.0021421006 0.0023551548 0.0023840554 0.013998963 0.0075964113
0.84 0.014784731 0.002112977 0.0023144945 0.002353755 0.013758454 0.007469277
0.841 0.014526247 0.002083867 0.0022740986 0.0023229478 0.0135206655 0.007343463
0.842 0.014270617 0.002054792 0.002233979 0.0022916812 0.013285577 0.0072189807
0.843 0.014017832 0.0020257747 0.0021941466 0.00225999 0.013053176 0.0070958203
0.844 0.013767876 0.0019968401 0.0021546124 0.0022279217 0.012823457 0.0069739856
0.845 0.0135207595 0.0019680094 0.0021153893 0.002195526 0.012596395 0.0068534827
0.846 0.0132764615 0.0019393107 0.0020764852 0.0021628386 0.012371976 0.0067343093
0.847 0.013034987 0.0019107647 0.0020379098 0.00212991 0.012150195 0.0066164713
0.848 0.0127963135 0.001882395 0.0019996732 0.0020967862 0.011931041 0.0064999736
0.849 0.012560445 0.0018542245 0.0019617856 0.0020635047 0.011714492 0.0063848183
0.85 0.012327366 0.0018262746 0.0019242531 0.0020301142 0.011500546 0.006271012
0.851 0.012097064 0.0017985642 0.0018870811 0.001996649 0.011289165 0.0061585554
0.852 0.011869533 0.001771115 0.001850281 0.001963159 0.011080358 0.0060474556
0.853 0.011644769 0.001743943 0.0018138562 0.0019296767 0.010874115 0.0059377193
0.854 0.011422761 0.0017170669 0.0017778149 0.0018962463 0.010670411 0.0058293506
0.855 0.011203488 0.0016905029 0.0017421615 0.0018629001 0.010469233 0.005722358
0.856 0.010986941 0.0016642654 0.0017069003 0.0018296756 0.010270574 0.0056167394
0.857 0.010773123 0.0016383689 0.0016720379 0.0017966101 0.010074419 0.0055125123
0.858 0.010562008 0.0016128278 0.0016375759 0.0017637294 0.009880749 0.005409674
0.859 0.010353579 0.0015876523 0.00160352 0.0017310693 0.009689553 0.0053082346
0.86 0.0101478435 0.0015628547 0.0015698726 0.0016986593 0.009500817 0.005208197
0.861 0.009944766 0.0015384454 0.0015366377 0.001666527 0.009314533 0.0051095705
0.862 0.0097443545 0.0015144342 0.0015038173 0.0016346975 0.009130684 0.0050123604
0.863 0.009546575 0.0014908295 0.001471413 0.0016031943 0.008949247 0.004916573
0.864 0.009351439 0.00146764 0.0014394292 0.0015720455 0.008770224 0.004822218
0.865 0.009158906 0.0014448708 0.0014078653 0.001541267 0.008593585 0.0047292924
0.866 0.008968972 0.0014225296 0.0013767229 0.0015108818 0.008419326 0.0046378095
0.867 0.008781628 0.0014006216 0.0013460033 0.0014809063 0.008247425 0.0045477734
0.868 0.008596855 0.0013791514 0.0013157076 0.0014513595 0.008077878 0.0044591906
0.869 0.008414638 0.0013581234 0.0012858362 0.0014222548 0.007910661 0.004372065
0.87 0.008234961 0.0013375399 0.0012563893 0.0013936048 0.0077457638 0.004286403
0.871 0.0080578085 0.0013174035 0.0012273665 0.0013654222 0.0075831655 0.004202209
0.872 0.007883171 0.0012977165 0.0011987682 0.0013377196 0.0074228607 0.004119489
0.873 0.0077110226 0.0012784791 0.0011705935 0.0013105021 0.0072648274 0.0040382436
0.874 0.0075413478 0.0012596914 0.0011428413 0.0012837811 0.0071090464 0.003958479
0.875 0.0073741423 0.0012413525 0.0011155102 0.0012575599 0.006955508 0.003880199
0.876 0.0072093774 0.0012234617 0.0010886011 0.001231844 0.0068041994 0.003803406
0.877 0.007047045 0.0012060168 0.0010621111 0.0012066363 0.0066550975 0.0037281006
0.878 0.0068871253 0.0011890142 0.0010360393 0.0011819396 0.0065081893 0.0036542877
0.879 0.006729598 0.0011724506 0.0010103841 0.001157755 0.006363464 0.0035819637
0.88 0.0065744505 0.0011563206 0.0009851428 0.0011340792 0.0062208944 0.0035111313
0.881 0.006421666 0.00114062 0.0009603141 0.0011109144 0.006080473 0.0034417885
0.882 0.00627123 0.001125342 0.0009358961 0.0010882551 0.0059421808 0.0033739337
0.883 0.006123115 0.0011104798 0.0009118867 0.0010660976 0.0058060037 0.0033075614
0.884 0.0059773154 0.001096026 0.00088828214 0.0010444361 0.0056719203 0.0032426706
0.885 0.0058338083 0.0010819722 0.0008650815 0.001023265 0.0055399192 0.0031792542
0.886 0.005692576 0.0010683087 0.0008422807 0.0010025761 0.005409979 0.003117304
0.887 0.005553603 0.0010550267 0.00081987836 0.0009823627 0.0052820845 0.003056813
0.888 0.0054168715 0.0010421145 0.00079787127 0.00096261327 0.005156221 0.0029977718
0.889 0.005282363 0.0010295614 0.0007762549 0.000943318 0.005032365 0.0029401665
0.89 0.005150059 0.0010173549 0.0007550288 0.0009244672 0.0049105072 0.0028839842
0.891 0.0050199423 0.0010054832 0.00073418784 0.00090604706 0.004790624 0.0028292115
0.892 0.004891999 0.0009939331 0.00071372977 0.0008880473 0.004672704 0.0027758307
0.893 0.004766205 0.0009826899 0.0006936506 0.0008704524 0.0045567215 0.002723821
0.894 0.0046425466 0.0009717396 0.0006739478 0.00085324945 0.0044426667 0.002673163
0.895 0.0045210035 0.0009610677 0.0006546173 0.00083642476 0.004330521 0.0026238333
0.896 0.004401562 0.00095065916 0.00063565647 0.00081996276 0.004220263 0.0025758073
0.897 0.004284199 0.00094049674 0.0006170606 0.00080384774 0.004111878 0.0025290553
0.898 0.0041688983 0.0009305657 0.00059882714 0.00078806543 0.0040053455 0.0024835502
0.899 0.0040556425 0.0009208492 0.00058095175 0.00077259925 0.0039006537 0.0024392607
0.9 0.003944413 0.0009113298 0.00056343136 0.0007574334 0.0037977782 0.0023961514
0.901 0.0038351903 0.00090199086 0.00054626266 0.0007425527 0.0036967034 0.0023541867
0.902 0.0037279606 0.00089281466 0.00052944093 0.00072793965 0.0035974127 0.0023133296
0.903 0.0036227023 0.00088378484 0.00051296304 0.0007135796 0.0034998886 0.0022735398
0.904 0.0035193968 0.00087488256 0.0004968256 0.0006994564 0.0034041104 0.0022347767
0.905 0.0034180286 0.00086609105 0.00048102424 0.000685554 0.0033100643 0.0021969955
0.906 0.0033185752 0.00085739215 0.00046555547 0.00067185756 0.0032177302 0.002160153
0.907 0.0032210257 0.0008487691 0.00045041603 0.00065835274 0.0031270909 0.0021242024
0.908 0.0031253556 0.00084020256 0.00043560134 0.00064502336 0.003038128 0.0020890937
0.909 0.0030315483 0.0008316774 0.00042110833 0.00063185644 0.002950823 0.0020547807
0.91 0.0029395882 0.00082317536 0.00040693325 0.00061883876 0.0028651624 0.0020212128
0.911 0.002849453 0.0008146797 0.00039307203 0.0006059567 0.002781124 0.00198834
0.912 0.0027611256 0.00080617383 0.00037952088 0.0005931977 0.0026986925 0.001956109
0.913 0.0026745924 0.0007976414 0.00036627692 0.0005805512 0.00261785 0.0019244706
0.914 0.0025898307 0.0007890674 0.00035333584 0.00056800555 0.0025385811 0.0018933741
0.915 0.0025068235 0.0007804359 0.0003406943 0.00055555144 0.0024608662 0.0018627662
0.916 0.0024255528 0.000771732 0.00032834837 0.0005431786 0.0023846894 0.0018325972
0.917 0.002346001 0.0007629415 0.0003162946 0.00053087913 0.002310031 0.0018028158
0.918 0.0022681502 0.0007540512 0.00030452968 0.00051864586 0.0022368785 0.0017733736
0.919 0.0021919832 0.0007450477 0.00029305 0.00050647144 0.0021652125 0.0017442217
0.92 0.0021174795 0.0007359186 0.00028185194 0.0004943504 0.0020950167 0.0017153128
0.921 0.0020446235 0.0007266528 0.000270932 0.00048227797 0.002026275 0.0016866017
0.922 0.0019733957 0.00071723893 0.00026028696 0.00047024988 0.0019589707 0.0016580438
0.923 0.0019037809 0.00070766744 0.00024991334 0.00045826365 0.0018930881 0.001629598
0.924 0.0018357591 0.00069792947 0.00023980787 0.00044631716 0.0018286112 0.0016012245
0.925 0.0017693143 0.00068801653 0.00022996712 0.0004344091 0.0017655253 0.0015728847
0.926 0.0017044267 0.0006779211 0.0002203878 0.00042253887 0.0017038125 0.0015445432
0.927 0.0016410799 0.0006676371 0.00021106657 0.00041070775 0.0016434587 0.0015161688
0.928 0.0015792579 0.0006571595 0.00020200036 0.00039891686 0.0015844483 0.0014877298
0.929 0.0015189403 0.00064648467 0.0001931863 0.00038716913 0.0015267681 0.0014592011
0.93 0.0014601123 0.0006356078 0.00018462066 0.00037546677 0.0014704003 0.0014305555
0.931 0.0014027549 0.0006245276 0.00017630067 0.0003638145 0.001415333 0.0014017737
0.932 0.0013468517 0.0006132431 0.000168223 0.00035221703 0.0013615503 0.0013728369
0.9329999999999999 0.0012923852 0.0006017546 0.00016038487 0.00034067978 0.001309039 0.0013437305
0.9339999999999999 0.0012393377 0.00059006264 0.00015278294 0.00032920847 0.0012577847 0.0013144409
0.9349999999999999 0.0011876927 0.0005781696 0.00014541441 0.00031781028 0.0012077733 0.0012849602
0.9359999999999999 0.0011374335 0.0005660793 0.00013827608 0.00030649267 0.0011589932 0.0012552834
0.9369999999999999 0.0010885423 0.00055379607 0.00013136498 0.00029526307 0.0011114287 0.0012254069
0.938 0.0010410032 0.0005413259 0.0001246782 0.00028413025 0.0010650682 0.0011953325
0.939 0.0009947981 0.00052867515 0.00011821271 0.00027310284 0.001019899 0.0011650634
0.94 0.00094991125 0.0005158521 0.00011196547 0.00026219 0.00097590685 0.0011346065
0.941 0.00090632564 0.0005028659 0.00010593345 0.00025140127 0.0009330821 0.0011039722
0.942 0.00086402363 0.00048972614 0.00010011369 0.00024074642 0.00089141034 0.001073173
0.943 0.00082299014 0.00047644475 9.450323e-05 0.00023023543 0.0008508802 0.001042226
0.944 0.0007832084 0.00046303342 8.909894e-05 0.00021987811 0.00081147964 0.001011149
0.945 0.00074466 0.00044950552 8.3897736e-05 0.00020968488 0.00077319687 0.0009799636
0.946 0.00070732995 0.0004358753 7.889663e-05 0.0001996658 0.00073602033 0.00094869395
0.947 0.0006712013 0.00042215778 7.4092444e-05 0.00018983088 0.00069993874 0.0009173667
0.948 0.000636258 0.00040836906 6.9482e-05 0.00018019002 0.0006649408 0.00088601
0.949 0.0006024823 0.00039452547 6.506203e-05 0.00017075308 0.00063101464 0.00085465517
0.95 0.00056985905 0.00038064533 6.082946e-05 0.00016152962 0.0005981497 0.00082333636
0.951 0.00053837063 0.0003667463 5.678081e-05 0.0001525287 0.00056633423 0.0007920869
0.952 0.0005080014 0.00035284803 5.2912903e-05 0.00014375936 0.000535558 0.000760945
0.953 0.00047873377 0.00033896923 4.9222133e-05 0.00013522975 0.0005058088 0.00072994735
0.954 0.00045055177 0.00032513024 4.570517e-05 0.00012694795 0.00047707598 0.0006991339
0.955 0.0004234384 0.00031135167 4.2358402e-05 0.000118921285 0.00044934833 0.0006685453
0.956 0.00039737686 0.00029765407 3.917821e-05 0.000111156485 0.00042261454 0.0006382227
0.957 0.00037235033 0.00028405886 3.616095e-05 0.000103659906 0.00039686367 0.000608209
0.958 0.00034834177 0.00027058678 3.3302826e-05 9.643663e-05 0.00037208345 0.00057854527
0.959 0.0003253343 0.00025725964 3.0600033e-05 8.949173e-05 0.000348263 0.0005492759
0.96 0.00030331028 0.00024409874 2.8048637e-05 8.282906e-05 0.00032539017 0.000520443
0.961 0.00028225296 0.00023112535 2.5644684e-05 7.6451855e-05 0.00030345313 0.0004920901
0.962 0.00026214414 0.00021836019 2.3384086e-05 7.036232e-05 0.00028243937 0.00046425837
0.963 0.00024296665 0.00020582469 2.1262718e-05 6.456216e-05 0.00026233654 0.00043699078
0.964 0.0002247024 0.0001935389 1.9276358e-05 5.9051898e-05 0.00024313176 0.0004103271
0.965 0.00020733349 0.00018152298 1.7420725e-05 5.383139e-05 0.00022481222 0.00038430764
0.966 0.00019084154 0.00016979639 1.5691472e-05 4.889953e-05 0.00020736415 0.00035897104
0.967 0.00017520797 0.00015837766 1.4084153e-05 4.4254255e-05 0.00019077356 0.00033435368
0.968 0.00016041413 0.00014728504 1.25943e-05 3.9892737e-05 0.00017502654 0.0003104911
0.969 0.00014644089 0.00013653543 1.1217365e-05 3.5811223e-05 0.000160108 0.00028741636
0.97 0.00013326915 0.0001261452 9.948761e-06 3.2005097e-05 0.00014600305 0.00026516072
0.971 0.000120879195 0.00011612928 8.78384e-06 2.8468903e-05 0.00013269573 0.00024375261
0.972 0.00010925117 0.00010650178 7.717928e-06 2.5196372e-05 0.00012017006 0.0002232184
0.973 9.8364755e-05 9.727536e-05 6.7463056e-06 2.2180462e-05 0.000108409135 0.00020358128
0.974 8.8199595e-05 8.846143e-05 5.864247e-06 1.9413364e-05 9.739555e-05 0.0001848618
0.975 7.8734585e-05 8.007004e-05 5.0670064e-06 1.6886577e-05 8.711145e-05 0.00016707733
0.976 6.9948605e-05 7.210966e-05 4.349833e-06 1.4590933e-05 7.753821e-05 0.00015024202
0.977 6.182001e-05 6.4587184e-05 3.7079828e-06 1.2516653e-05 6.8656576e-05 0.0001343665
0.978 5.432671e-05 5.750796e-05 3.136736e-06 1.065342e-05 6.04467e-05 0.000119458025
0.979 4.744623e-05 5.0875497e-05 2.6313978e-06 8.990419e-06 5.288795e-05 0.00010552008
0.98 4.115586e-05 4.4691616e-05 2.1873188e-06 7.5164116e-06 4.595901e-05 9.255236e-05
0.981 3.5432204e-05 3.8956194e-05 1.7999021e-06 6.2198e-06 3.963787e-05 8.055071e-05
0.982 3.025161e-05 3.3667264e-05 1.4646239e-06 5.0887097e-06 3.3901786e-05 6.950701e-05
0.983 2.5589909e-05 2.8820865e-05 1.1770422e-06 4.1110607e-06 2.872716e-05 5.940898e-05
0.984 2.1422478e-05 2.441102e-05 9.328139e-07 3.2746432e-06 2.4089728e-05 5.0240258e-05
0.985 1.7724255e-05 2.0429687e-05 7.2770587e-07 2.5672073e-06 1.9964395e-05 4.1980282e-05
0.986 1.4469668e-05 1.6866743e-05 5.576175e-07 1.9765453e-06 1.6325288e-05 3.4604236e-05
0.987 1.1632701e-05 1.3709874e-05 4.1858897e-07 1.4905762e-06 1.3145726e-05 2.8082986e-05
0.988 9.186818e-06 1.0944643e-05 3.0682165e-07 1.0974385e-06 1.0398212e-05 2.2383107e-05
0.989 7.1050267e-06 8.554399e-06 2.1869286e-07 7.855792e-07 8.054455e-06 1.7466846e-05
0.99 5.359794e-06 6.520253e-06 1.507727e-07 5.438427e-07 6.0853176e-06 1.3292096e-05
0.991 3.923108e-06 4.8210914e-06 9.984063e-08 3.615668e-07 4.4608482e-06 9.812421e-06
0.992 2.7664405e-06 3.433545e-06 6.290246e-08 2.2867373e-07 3.150269e-06 6.9770745e-06
0.993 1.8607466e-06 2.3319735e-06 3.7207077e-08 1.3576228e-07 2.1219748e-06 4.730993e-06
0.994 1.1764722e-06 1.4884795e-06 2.0263734e-08 7.420226e-08 1.3435343e-06 3.0148674e-06
0.995 6.8354245e-07 8.728957e-07 9.858951e-09 3.622534e-08 7.8168887e-07 1.7651558e-06
0.996 3.5136287e-07 4.5279387e-07 4.0736383e-09 1.5017227e-08 4.0235847e-07 9.141458e-07
0.997 1.4881678e-07 1.9348971e-07 1.3000926e-09 4.807833e-09 1.7064175e-07 3.900016e-07
0.998 4.426725e-08 5.805831e-08 2.5900723e-10 9.607233e-10 5.082523e-08 1.16833135e-07
0.999 5.5550595e-09 7.3478805e-09 1.6324874e-11 6.0728464e-11 6.386109e-09 1.476238e-08
1.0 0.0 0.0 0.0 0.0 0.0 0.0
