1e-07 1.2362187 1.2539437 -5.082029 48.974308 1.6313456 1.9134266
1.0715193052376071e-07 1.2348932 1.250464 -5.0304475 48.675995 1.6293459 1.9093962
1.1481536214968817e-07 1.2335515 1.2469624 -4.9784923 48.37577 1.6273237 1.905342
1.2302687708123812e-07 1.2321923 1.2434397 -4.926172 48.073753 1.6252763 1.9012644
1.3182567385564074e-07 1.2308161 1.2398958 -4.873485 47.769928 1.6232054 1.8971636
1.4125375446227555e-07 1.229421 1.2363311 -4.82045 47.464455 1.6211089 1.8930392
1.5135612484362072e-07 1.2280085 1.2327453 -4.767053 47.157303 1.6189868 1.8888919
1.6218100973589298e-07 1.2265772 1.2291392 -4.713321 46.84859 1.6168392 1.8847219
1.7378008287493765e-07 1.2251261 1.2255127 -4.6592407 46.538334 1.6146656 1.8805289
1.8620871366628656e-07 1.2236568 1.2218666 -4.604829 46.22665 1.6124667 1.876313
1.9952623149688787e-07 1.2221664 1.2182002 -4.5500927 45.913574 1.6102408 1.8720745
2.1379620895022324e-07 1.2206556 1.2145143 -4.4950304 45.59912 1.6079875 1.8678129
2.2908676527677748e-07 1.2191248 1.2108088 -4.439652 45.28345 1.6057079 1.8635296
2.4547089156850283e-07 1.2175723 1.2070841 -4.383965 44.966587 1.6034 1.859224
2.6302679918953816e-07 1.2159985 1.2033399 -4.327976 44.648575 1.6010649 1.8548955
2.818382931264455e-07 1.2144024 1.1995764 -4.271685 44.329464 1.5987011 1.850545
3.019951720402019e-07 1.2127844 1.1957941 -4.2151103 44.00938 1.5963081 1.8461721
3.235936569296281e-07 1.2111425 1.1919932 -4.158246 43.688324 1.5938872 1.8417776
3.4673685045253164e-07 1.2094775 1.188173 -4.1011033 43.366344 1.5914361 1.8373606
3.715352290971728e-07 1.2077893 1.1843344 -4.0436883 43.043552 1.5889553 1.8329222
3.981071705534969e-07 1.2060763 1.1804764 -3.9860084 42.719967 1.5864447 1.8284619
4.2657951880159254e-07 1.2043388 1.1766 -3.9280682 42.395657 1.5839049 1.8239803
4.5708818961487516e-07 1.2025753 1.1727048 -3.8698778 42.07067 1.5813322 1.8194762
4.897788193684457e-07 1.2007868 1.168791 -3.811435 41.745056 1.5787301 1.8149515
5.248074602497723e-07 1.1989719 1.1648581 -3.7527494 41.418858 1.5760956 1.8104049
5.62341325190349e-07 1.1971302 1.1609067 -3.6938326 41.092125 1.5734302 1.8058376
6.025595860743581e-07 1.1952615 1.1569357 -3.634686 40.76491 1.5707307 1.8012484
6.45654229034655e-07 1.1933651 1.1529459 -3.5753176 40.43724 1.5679985 1.7966383
6.918309709189363e-07 1.1914402 1.1489366 -3.5157263 40.109158 1.5652344 1.7920072
7.413102413009177e-07 1.189487 1.1449081 -3.4559252 39.78072 1.5624363 1.7873547
7.943282347242822e-07 1.1875043 1.1408595 -3.3959198 39.45194 1.5596039 1.7826816
8.511380382023759e-07 1.1854912 1.1367909 -3.3357089 39.12286 1.5567367 1.7779876
9.120108393559096e-07 1.1834484 1.1327025 -3.2753088 38.793503 1.5538348 1.7732729
9.77237220955811e-07 1.1813748 1.1285928 -3.2147198 38.463894 1.550898 1.7685373
1.0471285480508985e-06 1.1792692 1.1244622 -3.1539445 38.134083 1.5479248 1.7637805
1.122018454301963e-06 1.1771324 1.1203104 -3.0929925 37.80408 1.5449152 1.7590039
1.2022644346174132e-06 1.1749626 1.1161371 -3.031868 37.473915 1.5418696 1.7542057
1.2882495516931322e-06 1.1727599 1.1119409 -2.970579 37.143555 1.538786 1.7493877
1.3803842646028838e-06 1.1705233 1.1077223 -2.9091263 36.813084 1.5356659 1.7445492
1.479108388168207e-06 1.1682534 1.1034803 -2.8475158 36.48247 1.5325061 1.7396891
1.584893192461114e-06 1.165948 1.0992143 -2.785756 36.151745 1.5293084 1.7348092
1.698243652461746e-06 1.1636082 1.0949239 -2.7238543 35.820953 1.5260717 1.729909
1.8197008586099826e-06 1.1612318 1.0906079 -2.6618106 35.490032 1.5227952 1.7249874
1.9498445997580454e-06 1.1588197 1.0862657 -2.5996337 35.15904 1.5194784 1.7200454
2.0892961308540407e-06 1.1563709 1.0818968 -2.537326 34.827938 1.516121 1.7150836
2.2387211385683376e-06 1.1538845 1.0775001 -2.4748962 34.496807 1.5127221 1.7101002
2.3988329190194897e-06 1.1513611 1.073075 -2.4123504 34.165565 1.5092815 1.7050968
2.5703957827688647e-06 1.1487987 1.0686207 -2.3496923 33.834248 1.5057993 1.7000723
2.7542287033381634e-06 1.146199 1.0641356 -2.286932 33.502865 1.502274 1.6950269
2.951209226666384e-06 1.1435587 1.0596184 -2.224067 33.171417 1.4987053 1.6899605
3.162277660168379e-06 1.1408802 1.0550692 -2.1611109 32.839867 1.4950932 1.6848735
3.3884415613920275e-06 1.1381606 1.0504862 -2.0980668 32.50823 1.4914365 1.6797655
3.6307805477010175e-06 1.1354012 1.045868 -2.0349383 32.176495 1.4877342 1.6746368
3.890451449942805e-06 1.1326007 1.0412141 -1.9717358 31.844683 1.483988 1.6694869
4.168693834703355e-06 1.1297598 1.0365224 -1.9084619 31.512756 1.4801946 1.6643164
4.466835921509635e-06 1.126878 1.0317918 -1.8451247 31.180706 1.4763542 1.6591246
4.78630092322638e-06 1.1239539 1.0270214 -1.78173 30.848528 1.4724671 1.6539118
5.128613839913648e-06 1.1209885 1.0222096 -1.718283 30.516216 1.4685321 1.6486784
5.4954087385762485e-06 1.1179808 1.0173544 -1.6547928 30.183767 1.464548 1.6434237
5.888436553555884e-06 1.1149306 1.0124549 -1.5912606 29.85117 1.4605153 1.6381484
6.30957344480193e-06 1.1118392 1.0075096 -1.5276982 29.518394 1.4564327 1.6328523
6.760829753919819e-06 1.1087049 1.0025166 -1.4641064 29.18547 1.452299 1.6275363
7.2443596007498914e-06 1.1055279 0.99747473 -1.4005016 28.852337 1.4481137 1.6221983
7.76247116628691e-06 1.1023085 0.99238265 -1.3368828 28.51904 1.4438775 1.6168412
8.31763771102671e-06 1.0990473 0.98723817 -1.2732602 28.185532 1.4395872 1.6114633
8.91250938133746e-06 1.0957426 0.9820402 -1.2096395 27.851818 1.4352435 1.6060658
9.549925860214369e-06 1.0923969 0.97678757 -1.1460319 27.517899 1.4308465 1.6006483
1.0232929922807536e-05 1.0890076 0.9714774 -1.0824431 27.183743 1.4263927 1.5952108
1.0964781961431852e-05 1.0855764 0.9661096 -1.0188816 26.849371 1.4218843 1.5897542
1.1748975549395302e-05 1.0821025 0.96068186 -0.9553549 26.514763 1.4173193 1.5842783
1.2589254117941661e-05 1.0785872 0.95519346 -0.89187723 26.17993 1.4126964 1.5787834
1.3489628825916533e-05 1.0750297 0.94964266 -0.8284544 25.844864 1.4080156 1.5732697
1.445439770745928e-05 1.0714303 0.94402784 -0.76509583 25.509571 1.4032756 1.567737
1.5488166189124797e-05 1.0677891 0.9383487 -0.70181227 25.174032 1.3984756 1.562187
1.6595869074375598e-05 1.0641066 0.93260366 -0.6386206 24.838293 1.3936161 1.5566187
1.778279410038923e-05 1.0603832 0.92679113 -0.5755229 24.502321 1.3886948 1.5510334
1.9054607179632443e-05 1.0566189 0.9209111 -0.5125372 24.16614 1.3837113 1.5454309
2.0417379446695318e-05 1.0528138 0.91496235 -0.4496746 23.829779 1.3786653 1.5398124
2.187761623949552e-05 1.0489693 0.9089442 -0.38694677 23.493252 1.3735558 1.5341785
2.344228815319923e-05 1.0450854 0.9028565 -0.32437065 23.156565 1.3683829 1.5285289
2.5118864315095822e-05 1.0411613 0.8966982 -0.26195246 22.819736 1.363145 1.5228655
2.691534803926914e-05 1.0371997 0.89046943 -0.19971243 22.482805 1.357843 1.5171885
2.8840315031266056e-05 1.0331998 0.88416976 -0.137663 22.145813 1.3524762 1.5114992
3.090295432513592e-05 1.029163 0.87780017 -0.07581684 21.80877 1.3470465 1.5057981
3.3113112148259076e-05 1.025089 0.87135893 -0.014192734 21.471731 1.3415534 1.5000862
3.5481338923357534e-05 1.0209801 0.8648479 0.04719677 21.13472 1.3359979 1.4943646
3.8018939632056124e-05 1.016836 0.8582671 0.108331375 20.797827 1.3303826 1.4886339
4.073802778041122e-05 1.0126578 0.8516172 0.16919906 20.461046 1.3247098 1.4828956
4.3651583224016566e-05 1.008447 0.844898 0.2297802 20.1245 1.3189812 1.477149
4.677351412871981e-05 1.0042038 0.8381109 0.29005826 19.788197 1.3132001 1.4713959
5.011872336272715e-05 0.99992925 0.83125687 0.35001168 19.452232 1.3073686 1.465636
5.3703179637025325e-05 0.9956254 0.8243363 0.40962476 19.116682 1.3014891 1.4598706
5.7543993733715664e-05 0.9912926 0.81735045 0.46887925 18.781628 1.2955666 1.4540994
6.165950018614822e-05 0.98693216 0.8103003 0.5277502 18.44716 1.2896013 1.4483235
6.606934480075965e-05 0.98254555 0.80318695 0.5862215 18.113342 1.2835966 1.4425433
7.079457843841373e-05 0.9781349 0.7960115 0.6442705 17.780302 1.2775536 1.4367597
7.585775750291836e-05 0.9737012 0.7887751 0.7018764 17.448143 1.2714747 1.4309746
8.128305161640995e-05 0.9692459 0.7814789 0.7590123 17.116976 1.2653613 1.425188
8.709635899560796e-05 0.9647712 0.7741236 0.8156603 16.786915 1.2592129 1.4194016
9.332543007969905e-05 0.96027786 0.76671 0.87179273 16.458086 1.2530315 1.413617
0.0001 0.95576864 0.7592389 0.9273806 16.130629 1.2468174 1.4078351
0.00010715193052376059 0.95124435 0.7517107 0.9824041 15.80467 1.2405715 1.4020573
0.0001148153621496883 0.94670653 0.74412566 1.036827 15.48036 1.2342942 1.396285
0.0001230268770812381 0.9421575 0.7364831 1.0906235 15.157842 1.227985 1.39052
0.00013182567385564074 0.9375979 0.7287821 1.1437563 14.837297 1.2216455 1.3847618
0.0001412537544622754 0.93302953 0.7210215 1.196198 14.518843 1.2152759 1.3790126
0.00015135612484362072 0.92845315 0.71319884 1.2479081 14.202668 1.2088765 1.3732717
0.00016218100973589298 0.9238711 0.7053108 1.2988422 13.888947 1.202448 1.3675401
0.00017378008287493744 0.9192837 0.69735414 1.3489643 13.5778265 1.1959902 1.3618176
0.00018620871366628676 0.9146917 0.6893226 1.398231 13.2694845 1.1895049 1.356104
0.00019952623149688788 0.91009593 0.6812103 1.4465866 12.9640875 1.182991 1.3503971
0.00021379620895022324 0.9054972 0.67300934 1.4939809 12.661804 1.1764503 1.344697
0.00022908676527677723 0.90089625 0.664711 1.5403591 12.362794 1.1698819 1.3390015
0.00024547089156850286 0.8962926 0.6563053 1.5856638 12.067224 1.1632864 1.3333087
0.00026302679918953814 0.8916866 0.6477807 1.629829 11.775192 1.156664 1.3276165
0.00028183829312644523 0.8870785 0.63912576 1.672789 11.486877 1.150015 1.321923
0.0003019951720402016 0.88246846 0.63032836 1.714473 11.202415 1.1433394 1.3162249
0.0003235936569296281 0.87785673 0.6213778 1.7548183 10.921895 1.1366382 1.3105218
0.0003467368504525317 0.8732439 0.6122642 1.7937517 10.645413 1.1299111 1.3048114
0.0003715352290971724 0.8686306 0.6029809 1.831208 10.373085 1.1231604 1.2990932
0.0003981071705534969 0.86401945 0.59352624 1.8671247 10.104996 1.1163876 1.2933668
0.00042657951880159257 0.8594151 0.5839036 1.9014504 9.841207 1.1095977 1.2876353
0.0004570881896148747 0.85482144 0.57412297 1.9341489 9.581778 1.1027948 1.2819022
0.0004897788193684461 0.850247 0.5642014 1.9651904 9.326784 1.0959854 1.2761714
0.0005248074602497723 0.8457006 0.5541629 1.9945645 9.076239 1.0891784 1.2704494
0.0005623413251903491 0.8411941 0.544037 2.0222766 8.83015 1.0823847 1.2647412
0.0006025595860743575 0.8367412 0.53385645 2.048344 8.588537 1.0756161 1.2590536
0.0006456542290346556 0.83235633 0.5236553 2.0727963 8.351316 1.0688859 1.2533897
0.0006918309709189362 0.82805586 0.51346564 2.0956686 8.118389 1.0622089 1.2477541
0.000741310241300917 0.82385606 0.50331664 2.1170006 7.8896127 1.0555997 1.2421452
0.0007943282347242813 0.8197717 0.49323237 2.1368277 7.664745 1.0490714 1.2365628
0.0008511380382023759 0.815818 0.4832325 2.1551712 7.4435725 1.0426384 1.2310028
0.0009120108393559096 0.81200844 0.47333327 2.172054 7.225798 1.0363114 1.2254592
0.0009772372209558102 0.8083548 0.46354774 2.1874855 7.011105 1.030103 1.2199266
0.0010471285480508985 0.80486834 0.45388848 2.2014663 6.79917 1.0240223 1.2143974
0.001122018454301963 0.80155855 0.44436857 2.2139888 6.589688 1.0180793 1.2088642
0.001202264434617413 0.79843545 0.4350014 2.2250469 6.3823442 1.0122821 1.20332
0.0012882495516931324 0.7955083 0.42580187 2.2346308 6.176881 1.00664 1.1977575
0.0013803842646028838 0.7927873 0.4167864 2.2427337 5.9730463 1.0011624 1.192169
0.0014791083881682072 0.7902819 0.4079715 2.24935 5.7706437 0.99585783 1.1865469
0.001584893192461114 0.7880025 0.3993741 2.2544796 5.5695443 0.990736 1.180883
0.0016982436524617425 0.7859623 0.39101043 2.2581253 5.3696365 0.98580855 1.1751689
0.0018197008586099826 0.78417295 0.38289553 2.2603028 5.1709113 0.9810867 1.1693938
0.0019498445997580456 0.78264815 0.37504146 2.2610276 4.9734 0.9765814 1.16355
0.0020892961308540407 0.7814031 0.36745813 2.2603238 4.7772226 0.9723074 1.1576242
0.0022387211385683377 0.78045344 0.36015165 2.2582183 4.5825505 0.96827745 1.1516064
0.00239883291901949 0.7798165 0.35312527 2.2547467 4.389629 0.96450675 1.1454841
0.0025703957827688645 0.7795099 0.34637868 2.2499459 4.198804 0.96101046 1.1392441
0.0027542287033381634 0.7795528 0.33990708 2.2438612 4.0104513 0.9578048 1.1328725
0.0029512092266663842 0.77996534 0.33370313 2.2365363 3.8250244 0.9549049 1.1263556
0.0031622776601683794 0.7807683 0.32775655 2.2280226 3.6430488 0.95233035 1.1196791
0.0033884415613920273 0.78198403 0.32205397 2.218373 3.4650795 0.9500983 1.1128289
0.00363078054770101 0.7836352 0.3165806 2.2076526 3.2917418 0.9482253 1.1057903
0.003890451449942805 0.7857447 0.31131917 2.1959243 3.1236646 0.9467318 1.0985482
0.004168693834703355 0.7883385 0.30625194 2.1832516 2.9614875 0.94563574 1.0910877
0.004466835921509625 0.7914405 0.30136064 2.1697152 2.8058574 0.9449567 1.083395
0.00478630092322638 0.7950759 0.29662636 2.1553924 2.6573803 0.9447143 1.075455
0.005128613839913648 0.7992712 0.29203102 2.1403718 2.5165906 0.9449285 1.067253
0.005495408738576248 0.8040541 0.28755653 2.1247492 2.3839607 0.94561785 1.0587753
0.005888436553555884 0.80944955 0.28318655 2.1086283 2.2598405 0.946803 1.0500072
0.00630957344480193 0.8154848 0.2789053 2.0921192 2.1444082 0.9485033 1.0409347
0.006760829753919818 0.82218605 0.27469817 2.0753458 2.0377004 0.95073867 1.0315437
0.007244359600749891 0.829581 0.27055216 2.058441 1.9395504 0.9535271 1.0218211
0.007762471166286911 0.83769435 0.26645574 2.0415444 1.8495815 0.9568877 1.0117512
0.008317637711026709 0.8465521 0.2623984 2.0248125 1.7672676 0.96083885 1.0013216
0.008912509381337459 0.8561782 0.25837064 2.0084019 1.6918672 0.9653955 0.99051756
0.00954992586021435 0.8665957 0.25436413 1.9924862 1.6225346 0.97057503 0.97932726
0.010232929922807537 0.8778269 0.25037125 1.977243 1.5583513 0.97639024 0.967736
0.01096478196143185 0.8898907 0.2463848 1.962851 1.4983325 0.98285484 0.95573235
0.01174897554939528 0.9028043 0.24239826 1.9494979 1.4415779 0.9899778 0.94330466
0.012589254117941661 0.9165828 0.23840493 1.9373623 1.387262 0.99776626 0.93044186
0.013489628825916533 0.93123454 0.23439832 1.9266223 1.3346539 1.0062239 0.9171339
0.01445439770745928 0.9467667 0.23037194 1.917443 1.2832226 1.0153508 0.90337414
0.015488166189124795 0.963179 0.22631902 1.9099618 1.2325737 1.0251421 0.88915634
0.016595869074375595 0.98046523 0.22223273 1.9043082 1.1825051 1.0355867 0.87447697
0.01778279410038923 0.9986109 0.21810643 1.9005607 1.132951 1.0466684 0.859335
0.019054607179632442 1.0175939 0.21393374 1.8987674 1.0839597 1.0583637 0.8437329
0.020417379446695274 1.0373806 0.20970802 1.8989171 1.0356548 1.0706396 0.8276766
0.02187761623949552 1.0579259 0.20542404 1.9009436 0.9881587 1.0834548 0.8111745
0.023442288153199226 1.079173 0.20107675 1.9047098 0.9415601 1.0967606 0.79423934
0.02511886431509577 1.1010488 0.19666255 1.910002 0.8958648 1.1104916 0.7768885
0.02691534803926914 1.123468 0.19217935 1.9165233 0.8509628 1.1245781 0.75914276
0.028840315031266057 1.1463287 0.18762733 1.9238855 0.8066686 1.1389338 0.74102694
0.03090295432513592 1.1695111 0.18300833 1.9316123 0.76271117 1.153463 0.72256964
0.03311311214825908 1.1928824 0.1783268 1.9391425 0.7188271 1.1680572 0.7038048
0.03548133892335753 1.2162924 0.17358994 1.9458257 0.6748507 1.1825979 0.684768
0.038018939632056124 1.239578 0.16880718 1.9509501 0.63080245 1.1969535 0.66550076
0.04073802778041122 1.2625651 0.16399053 1.9537423 0.5869729 1.2109869 0.6460464
0.04365158322401656 1.2850692 0.15915409 1.9533913 0.54400545 1.2245479 0.62645084
0.046773514128719815 1.3068999 0.15431435 1.9490756 0.5028742 1.23748 0.6067612
0.05011872336272725 1.3278689 0.14949058 1.9399797 0.46485505 1.249606 0.5870188
0.053703179637025214 1.3477975 0.14470744 1.9252944 0.43151537 1.2607232 0.56725746
0.057543993733715666 1.3665205 0.14000064 1.9042406 0.40458828 1.2705787 0.54751354
0.06165950018614822 1.3838878 0.1354212 1.8761624 0.38579476 1.2789181 0.52792114
0.0660693448007595 1.3997058 0.13099463 1.84089 0.3750126 1.2857072 0.5087951
0.07079457843841373 1.413724 0.12663113 1.7988689 0.36823803 1.2912029 0.49025992
0.07585775750291836 1.4257495 0.12222402 1.7505246 0.36084962 1.295522 0.47211346
0.08128305161640995 1.4356816 0.117790975 1.6960658 0.35100123 1.2984917 0.45431802
0.08709635899560797 1.4434513 0.11339852 1.6358542 0.33813626 1.2999 0.43702137
0.09332543007969905 1.4489865 0.10909681 1.5705538 0.3217483 1.2996042 0.42038697
0.1 1.4522128 0.10491913 1.5010647 0.30154544 1.2975135 0.4045536
0.1 1.4522128 0.10491913 1.5010647 0.30154544 1.2975135 0.4045536
0.101 1.4524838 0.104329206 1.4907699 0.29832843 1.2970608 0.40234613
0.10200000000000001 1.4527019 0.10374832 1.4805152 0.29506627 1.2965738 0.40017986
0.10300000000000001 1.4528708 0.103176184 1.470305 0.29177117 1.2960541 0.39805385
0.10400000000000001 1.4529893 0.10261294 1.4601378 0.2884392 1.2955022 0.39596742
0.10500000000000001 1.4530603 0.10205827 1.4500208 0.28507933 1.2949185 0.39392003
0.10600000000000001 1.4530845 0.1015121 1.4399524 0.2816936 1.2943045 0.3919109
0.10700000000000001 1.4530623 0.100974336 1.4299383 0.27828684 1.2936608 0.38993964
0.10800000000000001 1.4529965 0.10044483 1.4199777 0.2748621 1.292988 0.38800558
0.10900000000000001 1.4528863 0.09992347 1.4100734 0.2714175 1.292287 0.38610783
0.11 1.4527328 0.09941024 1.4002283 0.26797032 1.2915578 0.3842461
0.111 1.4525383 0.09890485 1.3904425 0.2645091 1.2908019 0.3824197
0.112 1.4523022 0.09840745 1.3807179 0.26105177 1.290019 0.38062805
0.113 1.4520267 0.09791781 1.3710563 0.25758958 1.2892109 0.37887055
0.114 1.4517115 0.09743577 1.3614593 0.25413534 1.2883766 0.37714663
0.115 1.4513594 0.09696138 1.3519255 0.25068712 1.2875186 0.37545565
0.116 1.4509687 0.09649449 1.3424596 0.24724929 1.2866356 0.37379724
0.117 1.450541 0.09603485 1.3330575 0.24382702 1.2857296 0.37217078
0.11800000000000001 1.4500775 0.09558268 1.3237256 0.24041647 1.2848 0.3705756
0.11900000000000001 1.4495791 0.095137656 1.3144614 0.23702838 1.2838477 0.36901116
0.12000000000000001 1.4490454 0.09469983 1.3052657 0.23365913 1.2828733 0.36747715
0.12100000000000001 1.4484781 0.094269015 1.2961425 0.23031832 1.2818774 0.36597288
0.122 1.4478776 0.09384522 1.2870859 0.22700024 1.2808598 0.3644978
0.123 1.4472438 0.093428336 1.2781005 0.2237079 1.279821 0.36305156
0.124 1.4465785 0.09301824 1.2691876 0.2204549 1.2787623 0.36163366
0.125 1.4458812 0.0926149 1.260345 0.21722716 1.2776828 0.3602434
0.126 1.4451529 0.09221829 1.2515728 0.21403207 1.2765841 0.35888046
0.127 1.4443938 0.09182821 1.2428735 0.21087392 1.2754662 0.35754418
0.128 1.4436053 0.09144467 1.2342469 0.2077517 1.2743281 0.35623425
0.129 1.4427878 0.09106763 1.2256913 0.204664 1.273172 0.35495013
0.13 1.4419404 0.0906969 1.2172073 0.20161918 1.2719971 0.3536914
0.131 1.4410647 0.09033256 1.2087966 0.19861238 1.2708044 0.3524575
0.132 1.440161 0.08997433 1.200457 0.1956411 1.2695935 0.35124794
0.133 1.4392304 0.089622356 1.1921902 0.19271155 1.2683655 0.35006243
0.134 1.4382709 0.089276515 1.1839944 0.18982325 1.2671196 0.34890047
0.135 1.4372863 0.08893665 1.1758713 0.18697535 1.2658579 0.3477614
0.136 1.4362737 0.08860281 1.1678193 0.18417001 1.2645782 0.3466452
0.137 1.4352362 0.08827475 1.1598386 0.18140589 1.2632822 0.34555095
0.138 1.4341719 0.08795255 1.1519303 0.17868268 1.2619698 0.34447852
0.139 1.4330829 0.087636136 1.1440914 0.17600113 1.2606426 0.3434275
0.14 1.431969 0.08732542 1.1363244 0.17336339 1.2592983 0.34239733
0.14100000000000001 1.4308299 0.08702027 1.1286283 0.17076784 1.257939 0.3413877
0.14200000000000002 1.4296664 0.086720645 1.1210018 0.1682173 1.2565628 0.340398
0.14300000000000002 1.4284787 0.08642652 1.1134446 0.16570817 1.2551726 0.33942804
0.14400000000000002 1.4272668 0.08613784 1.105958 0.16323788 1.2537675 0.33847737
0.14500000000000002 1.4260327 0.08585451 1.0985416 0.16081356 1.2523477 0.3375456
0.14600000000000002 1.4247746 0.08557636 1.0911901 0.15842792 1.2509121 0.3366322
0.14700000000000002 1.423493 0.085303456 1.0839105 0.15608762 1.249462 0.33573708
0.14800000000000002 1.4221894 0.08503562 1.0766977 0.1537885 1.2479981 0.3348596
0.14900000000000002 1.4208634 0.08477289 1.0695529 0.15153155 1.2465205 0.33399934
0.15000000000000002 1.4195137 0.08451514 1.0624746 0.1493115 1.2450279 0.33315602
0.15100000000000002 1.4181439 0.08426231 1.0554615 0.14713582 1.2435212 0.33232927
0.15200000000000002 1.4167504 0.08401429 1.0485164 0.14499976 1.242001 0.33151877
0.153 1.415336 0.08377103 1.0416348 0.14290497 1.2404675 0.33072424
0.154 1.4139012 0.083532505 1.0348198 0.14085004 1.2389199 0.32994515
0.155 1.4124436 0.08329859 1.0280687 0.13883606 1.2373593 0.32918108
0.156 1.4109653 0.0830692 1.0213817 0.13685894 1.2357846 0.32843187
0.157 1.4094669 0.08284424 1.0147575 0.13492328 1.2341973 0.32769713
0.158 1.407947 0.08262382 1.0081977 0.13302627 1.2325968 0.32697642
0.159 1.4064081 0.08240761 1.0016967 0.13116595 1.2309833 0.3262696
0.16 1.4048473 0.0821957 0.9952587 0.12934457 1.2293568 0.32557598
0.161 1.403267 0.08198796 0.9888831 0.12755926 1.2277174 0.32489577
0.162 1.4016676 0.08178431 0.9825671 0.12581202 1.2260654 0.32422823
0.163 1.400047 0.0815847 0.97630966 0.12409876 1.2244012 0.32357317
0.164 1.3984075 0.08138912 0.97011167 0.12242066 1.2227234 0.32293028
0.165 1.3967485 0.081197314 0.9639726 0.12078047 1.2210338 0.32229924
0.166 1.3950701 0.08100939 0.95789117 0.11917361 1.2193319 0.3216795
0.167 1.3933725 0.08082519 0.9518658 0.11760136 1.2176175 0.3210713
0.168 1.3916559 0.080644615 0.9458992 0.11606164 1.2158909 0.32047397
0.169 1.3899198 0.080467604 0.939988 0.11455386 1.2141523 0.31988725
0.17 1.3881665 0.08029417 0.93413085 0.11308046 1.2124016 0.31931105
0.171 1.3863935 0.0801241 0.9283273 0.11163828 1.2106385 0.31874487
0.17200000000000001 1.3846023 0.079957485 0.9225801 0.110226475 1.2088645 0.31818843
0.173 1.3827922 0.079794124 0.91688585 0.10884202 1.2070782 0.3176415
0.174 1.3809648 0.07963395 0.9112424 0.10749176 1.2052796 0.31710383
0.175 1.3791192 0.07947692 0.9056544 0.10616956 1.2034698 0.31657532
0.176 1.3772552 0.079322904 0.9001144 0.10487647 1.2016478 0.31605533
0.177 1.3753729 0.07917197 0.894627 0.10360945 1.1998147 0.31554404
0.178 1.3734736 0.07902391 0.8891896 0.10236971 1.1979696 0.31504086
0.179 1.3715568 0.078878686 0.8838007 0.101157606 1.1961136 0.31454563
0.18 1.3696216 0.07873624 0.87846184 0.09997189 1.1942455 0.31405827
0.181 1.3676708 0.07859654 0.87316954 0.098810755 1.1923667 0.31357813
0.182 1.3657014 0.07845946 0.86792636 0.09767401 1.1904764 0.31310546
0.183 1.3637147 0.07832486 0.86272943 0.0965627 1.1885748 0.31263974
0.184 1.3617114 0.07819286 0.8575794 0.095475145 1.1866622 0.3121807
0.185 1.3596916 0.07806322 0.85247505 0.09441098 1.1847386 0.31172824
0.186 1.3576545 0.07793596 0.84741473 0.09336798 1.1828034 0.3112823
0.187 1.3556006 0.07781099 0.84239966 0.0923485 1.1808575 0.3108423
0.188 1.3535303 0.077688165 0.837428 0.09135012 1.178901 0.3104081
0.189 1.3514442 0.07756759 0.83249956 0.090371914 1.1769321 0.30997977
0.19 1.3493409 0.07744907 0.82761544 0.08941442 1.1749544 0.3095569
0.191 1.3472214 0.07733258 0.82277125 0.08847715 1.1729642 0.3091392
0.192 1.3450866 0.077218026 0.8179708 0.08756029 1.1709641 0.30872664
0.193 1.3429343 0.07710534 0.8132095 0.08666223 1.168953 0.30831903
0.194 1.340767 0.07699449 0.80848956 0.08578231 1.1669315 0.3079161
0.195 1.3385845 0.0768854 0.80380857 0.08492016 1.164899 0.30751762
0.196 1.3363854 0.076778024 0.7991671 0.084076494 1.1628566 0.30712345
0.197 1.3341701 0.07667226 0.79456437 0.08325054 1.1608028 0.30673334
0.198 1.3319403 0.07656812 0.7899993 0.082441784 1.1587394 0.30634728
0.199 1.3296944 0.07646544 0.7854734 0.08164875 1.1566652 0.30596495
0.2 1.3274341 0.07636434 0.7809835 0.080873206 1.1545811 0.30558634
0.201 1.3251578 0.07626456 0.77652955 0.080113165 1.1524863 0.30521107
0.202 1.3228667 0.07616612 0.7721132 0.07936828 1.1503812 0.30483907
0.203 1.3205609 0.07606901 0.7677318 0.07863922 1.1482662 0.30447024
0.20400000000000001 1.3182397 0.07597313 0.7633854 0.07792585 1.1461408 0.30410433
0.20500000000000002 1.3159044 0.07587842 0.75907326 0.0772261 1.1440058 0.30374143
0.20600000000000002 1.3135543 0.07578481 0.754795 0.076541215 1.1418605 0.30338085
0.20700000000000002 1.3111892 0.07569233 0.7505507 0.07586968 1.139705 0.30302286
0.20800000000000002 1.3088098 0.075600855 0.7463388 0.07521348 1.13754 0.30266735
0.20900000000000002 1.3064159 0.07551036 0.74215937 0.074571125 1.1353654 0.30231392
0.21000000000000002 1.3040079 0.07542081 0.7380129 0.07394162 1.1331805 0.3019628
0.21100000000000002 1.3015856 0.07533215 0.7338977 0.07332575 1.1309857 0.30161324
0.21200000000000002 1.2991493 0.07524425 0.72981286 0.0727233 1.1287816 0.30126575
0.21300000000000002 1.296699 0.07515722 0.72576064 0.07213208 1.126568 0.30091992
0.21400000000000002 1.2942349 0.07507087 0.72173715 0.07155515 1.1243442 0.30057564
0.21500000000000002 1.2917577 0.07498527 0.71774346 0.07099121 1.1221126 0.30023268
0.21600000000000003 1.2892662 0.074900195 0.7137797 0.07043812 1.11987 0.29989108
0.21700000000000003 1.2867613 0.07481583 0.7098449 0.06989694 1.1176181 0.2995506
0.21800000000000003 1.2842431 0.074732035 0.70593905 0.06936881 1.1153574 0.29921135
0.21900000000000003 1.2817116 0.074648716 0.7020607 0.06885169 1.1130869 0.29887286
0.22 1.2791666 0.074565865 0.6982103 0.06834659 1.1108073 0.29853517
0.221 1.2766092 0.074483484 0.6943871 0.06785208 1.108519 0.29819843
0.222 1.2740378 0.074401475 0.6905911 0.06737012 1.1062208 0.29786226
0.223 1.2714548 0.074319854 0.68682134 0.066897556 1.1039144 0.29752645
0.224 1.268858 0.07423858 0.6830786 0.066437215 1.1015987 0.29719108
0.225 1.2662485 0.07415754 0.679361 0.06598794 1.0992742 0.29685616
0.226 1.2636269 0.07407679 0.6756692 0.06554825 1.0969414 0.29652137
0.227 1.260993 0.0739963 0.6720018 0.065119885 1.0945995 0.2961867
0.228 1.2583469 0.07391594 0.66836005 0.06470055 1.092248 0.29585204
0.229 1.255688 0.07383577 0.6647429 0.06429191 1.0898892 0.29551753
0.23 1.2530168 0.073755674 0.6611484 0.0638933 1.0875204 0.29518262
0.231 1.2503345 0.073675685 0.6575781 0.0635041 1.0851442 0.2948476
0.232 1.2476399 0.07359575 0.65403205 0.06312431 1.0827591 0.29451224
0.233 1.2449335 0.0735159 0.6505078 0.0627548 1.0803657 0.29417652
0.234 1.2422152 0.07343595 0.64700735 0.06239456 1.0779643 0.29384026
0.23500000000000001 1.2394853 0.073356025 0.64352804 0.062041964 1.0755546 0.29350358
0.23600000000000002 1.2367444 0.07327606 0.64007205 0.061698657 1.0731364 0.29316613
0.23700000000000002 1.2339919 0.07319604 0.6366366 0.061364867 1.0707108 0.29282808
0.23800000000000002 1.2312286 0.073115826 0.63322353 0.06103893 1.068276 0.29248917
0.23900000000000002 1.2284533 0.07303552 0.6298312 0.06072121 1.0658343 0.2921495
0.24000000000000002 1.2256674 0.07295502 0.6264599 0.06041148 1.063384 0.29180887
0.24100000000000002 1.2228703 0.07287438 0.6231092 0.06010986 1.0609266 0.29146737
0.24200000000000002 1.2200633 0.072793536 0.61977893 0.059816144 1.0584606 0.29112467
0.24300000000000002 1.2172452 0.072712444 0.6164677 0.059529368 1.0559874 0.29078105
0.24400000000000002 1.214416 0.0726311 0.6131767 0.059250873 1.0535064 0.29043615
0.245 1.211577 0.07254948 0.60990524 0.058979537 1.051018 0.2900902
0.246 1.2087272 0.07246753 0.6066533 0.05871401 1.0485222 0.28974283
0.247 1.2058678 0.07238536 0.60341996 0.058456004 1.046019 0.28939414
0.248 1.2029979 0.07230277 0.6002051 0.05820403 1.0435084 0.28904405
0.249 1.2001178 0.07221978 0.5970088 0.057958152 1.0409901 0.28869268
0.25 1.1972282 0.072136596 0.59383094 0.057718776 1.0384655 0.28833976
0.251 1.1943288 0.07205291 0.5906704 0.057485186 1.0359336 0.2879853
0.252 1.1914195 0.07196884 0.587528 0.057256956 1.033394 0.28762934
0.253 1.1885004 0.07188431 0.5844032 0.057034638 1.0308479 0.28727162
0.254 1.1855721 0.071799375 0.5812956 0.056817856 1.028295 0.2869123
0.255 1.182635 0.071713984 0.5782042 0.05660604 1.0257353 0.28655124
0.256 1.1796882 0.07162812 0.5751309 0.056397505 1.023169 0.28618863
0.257 1.1767322 0.07154173 0.5720726 0.056194954 1.0205951 0.28582397
0.258 1.1737673 0.07145493 0.56903183 0.055996545 1.0180157 0.28545764
0.259 1.1707937 0.07136757 0.56600624 0.055802926 1.0154299 0.28508937
0.26 1.1678113 0.071279645 0.56299746 0.055613354 1.012837 0.28471926
0.261 1.1648208 0.07119127 0.5600044 0.05542628 1.0102382 0.2843473
0.262 1.161821 0.071102284 0.55702555 0.055244382 1.0076323 0.2839732
0.263 1.1588129 0.071012735 0.5540636 0.0550649 1.0050211 0.2835971
0.264 1.155797 0.07092263 0.5511158 0.054889068 1.0024039 0.28321925
0.265 1.1527725 0.07083197 0.54818356 0.05471687 0.9997802 0.28283915
0.266 1.1497402 0.070740715 0.5452655 0.054546934 0.9971505 0.282457
0.267 1.1466994 0.07064879 0.54236203 0.054378975 0.9945148 0.28207266
0.268 1.1436509 0.07055627 0.5394736 0.05421354 0.99187356 0.28168625
0.269 1.1405948 0.070463166 0.53659844 0.054051954 0.989227 0.28129777
0.27 1.1375309 0.0703694 0.5337385 0.053891957 0.9865742 0.28090706
0.271 1.1344601 0.070275016 0.53089136 0.05373362 0.9839161 0.28051397
0.272 1.1313816 0.070179984 0.5280586 0.053577196 0.9812522 0.28011888
0.273 1.1282958 0.070084326 0.52523947 0.053421978 0.97858346 0.27972144
0.274 1.1252027 0.06998796 0.5224333 0.053269457 0.975909 0.27932188
0.275 1.1221029 0.06989096 0.51964045 0.053118013 0.97322935 0.27891997
0.276 1.1189955 0.06979328 0.5168602 0.05296683 0.9705445 0.2785156
0.277 1.1158819 0.069694944 0.51409376 0.05281773 0.9678547 0.27810898
0.278 1.1127621 0.06959591 0.5113398 0.05266877 0.96516013 0.2777001
0.279 1.1096349 0.06949615 0.5085981 0.052521642 0.96246004 0.27728888
0.28 1.1065013 0.06939572 0.50586915 0.05237461 0.9597552 0.27687523
0.281 1.103361 0.0692946 0.50315267 0.052229285 0.9570457 0.2764592
0.28200000000000003 1.100215 0.069192775 0.50044835 0.052083034 0.9543318 0.2760408
0.28300000000000003 1.0970634 0.069090225 0.4977559 0.051937703 0.95161325 0.27561998
0.28400000000000003 1.0939049 0.068987 0.49507603 0.051792637 0.94889015 0.2751968
0.28500000000000003 1.0907407 0.06888305 0.49240762 0.051647026 0.94616205 0.27477118
0.28600000000000003 1.0875705 0.06877836 0.48975062 0.05150277 0.9434301 0.27434316
0.28700000000000003 1.0843948 0.068672985 0.48710483 0.051357903 0.9406942 0.27391258
0.28800000000000003 1.0812135 0.06856686 0.4844716 0.051212564 0.9379534 0.2734797
0.28900000000000003 1.078027 0.06846 0.48184943 0.05106733 0.93520874 0.27304438
0.29000000000000004 1.0748341 0.0683524 0.47923765 0.05092233 0.9324598 0.27260646
0.29100000000000004 1.071637 0.06824416 0.47663853 0.050776727 0.9297068 0.2721662
0.29200000000000004 1.0684342 0.06813508 0.47404945 0.050630096 0.92695063 0.27172327
0.29300000000000004 1.0652274 0.06802536 0.47147176 0.05048267 0.9241902 0.27127817
0.29400000000000004 1.0620153 0.06791486 0.468904 0.05033585 0.9214264 0.27083042
0.29500000000000004 1.0587974 0.0678036 0.46634716 0.05018789 0.9186586 0.2703803
0.29600000000000004 1.0555754 0.06769169 0.46380147 0.050039165 0.91588736 0.26992768
0.29700000000000004 1.0523496 0.06757901 0.46126592 0.049890123 0.9131126 0.26947254
0.29800000000000004 1.0491182 0.06746554 0.45874134 0.04973957 0.9103347 0.26901492
0.29900000000000004 1.0458826 0.067351386 0.45622632 0.049589034 0.90755266 0.2685548
0.30000000000000004 1.0426427 0.06723649 0.45372173 0.049437862 0.90476793 0.26809224
0.30100000000000005 1.0393994 0.06712088 0.45122722 0.049284633 0.90198 0.26762724
0.30200000000000005 1.0361518 0.06700455 0.44874263 0.04913129 0.89918935 0.26715967
0.30300000000000005 1.0329 0.06688746 0.44626835 0.048977204 0.89639556 0.2666897
0.30400000000000005 1.0296441 0.06676963 0.4438039 0.04882181 0.8935981 0.2662171
0.30500000000000005 1.0263848 0.06665107 0.44134954 0.048665036 0.89079887 0.2657423
0.30600000000000005 1.0231218 0.06653182 0.43890363 0.048507992 0.88799685 0.26526487
0.30700000000000005 1.0198555 0.06641183 0.436469 0.048350006 0.8851915 0.26478496
0.30800000000000005 1.0165854 0.0662911 0.43404317 0.048190434 0.8823836 0.26430267
0.309 1.0133126 0.06616969 0.43162683 0.048030272 0.87957335 0.2638178
0.31 1.0100367 0.066047505 0.42922023 0.047868762 0.87676096 0.2633307
0.311 1.0067573 0.06592461 0.42682242 0.047706626 0.8739457 0.26284108
0.312 1.0034751 0.06580101 0.4244343 0.047542717 0.87112844 0.26234892
0.313 1.0001895 0.06567673 0.42205495 0.04737802 0.86830896 0.26185432
0.314 0.99690163 0.06555172 0.41968507 0.047212683 0.865487 0.26135728
0.315 0.99361044 0.06542602 0.41732407 0.047046114 0.8626631 0.2608581
0.316 0.9903173 0.065299585 0.4149726 0.04687805 0.8598377 0.26035622
0.317 0.9870224 0.06517247 0.41262996 0.046709415 0.8570101 0.25985217
0.318 0.9837239 0.06504465 0.41029564 0.04653935 0.854181 0.2593456
0.319 0.9804237 0.06491614 0.40797082 0.04636882 0.85134935 0.25883666
0.32 0.9771212 0.064786956 0.4056545 0.046197012 0.8485173 0.25832546
0.321 0.9738167 0.06465707 0.40334713 0.046024263 0.84568286 0.25781193
0.322 0.97051024 0.06452652 0.40104827 0.04585005 0.8428468 0.2572957
0.323 0.96720254 0.064395286 0.39875755 0.045675494 0.84001 0.25677744
0.324 0.96389216 0.06426337 0.3964769 0.04549994 0.83717126 0.2562567
0.325 0.96058047 0.06413078 0.39420334 0.04532307 0.8343316 0.25573397
0.326 0.95726746 0.063997544 0.39193878 0.045145452 0.8314909 0.25520867
0.327 0.95395243 0.06386362 0.38968247 0.04496716 0.8286483 0.254681
0.328 0.9506366 0.06372912 0.3874352 0.044787947 0.8258054 0.25415117
0.329 0.9473195 0.0635939 0.38519597 0.044608377 0.8229612 0.25361913
0.33 0.94400096 0.06345804 0.38296482 0.044427123 0.82011604 0.25308466
0.331 0.940682 0.06332156 0.3807421 0.04424586 0.81727046 0.2525482
0.332 0.93736124 0.06318439 0.3785275 0.044063147 0.8144237 0.25200933
0.333 0.93403983 0.06304665 0.37632135 0.043880418 0.8115763 0.25146833
0.334 0.93071824 0.062908225 0.37412316 0.043695834 0.80872846 0.2509251
0.335 0.9273952 0.06276924 0.3719331 0.043511856 0.8058806 0.2503797
0.336 0.9240725 0.0626296 0.36975136 0.04332667 0.8030314 0.249832
0.337 0.9207483 0.06248939 0.36757797 0.043141052 0.8001823 0.24928221
0.338 0.91742444 0.062348556 0.36541164 0.04295414 0.79733324 0.24873035
0.339 0.91409975 0.062207114 0.3632539 0.042767238 0.79448354 0.24817634
0.33999999999999997 0.9107756 0.062065046 0.36110473 0.04257967 0.79163396 0.2476202
0.34099999999999997 0.9074506 0.06192245 0.3589623 0.042391986 0.78878355 0.2470619
0.34199999999999997 0.9041261 0.06177923 0.3568288 0.04220322 0.7859341 0.2465016
0.34299999999999997 0.90080154 0.061635446 0.3547033 0.04201495 0.7830845 0.24593921
0.344 0.897477 0.061491095 0.35258496 0.04182535 0.78023475 0.24537462
0.345 0.8941529 0.061346162 0.35047477 0.0416358 0.77738553 0.24480812
0.346 0.8908291 0.061200667 0.34837177 0.041446168 0.7745362 0.24423969
0.347 0.8875055 0.06105469 0.3462775 0.04125578 0.77168775 0.24366918
0.348 0.8841833 0.06090808 0.3441909 0.041064747 0.7688395 0.24309668
0.349 0.88086045 0.060760956 0.3421112 0.04087439 0.7659917 0.24252227
0.35 0.8775393 0.060613304 0.3400399 0.040683452 0.76314425 0.24194577
0.351 0.874219 0.06046513 0.33797643 0.040492315 0.7602981 0.24136743
0.352 0.8708986 0.060316406 0.33592087 0.040300276 0.75745225 0.24078712
0.353 0.86757994 0.06016716 0.33387226 0.040109392 0.75460726 0.24020496
0.354 0.86426234 0.060017448 0.33183178 0.0399177 0.7517634 0.23962094
0.355 0.8609456 0.05986718 0.32979858 0.03972704 0.74891984 0.23903492
0.356 0.85763013 0.059716456 0.32777345 0.039535124 0.7460775 0.23844707
0.357 0.85431653 0.059565235 0.32575583 0.03934332 0.7432363 0.23785754
0.358 0.85100394 0.0594135 0.32374555 0.039151736 0.74039644 0.23726596
0.359 0.8476928 0.059261322 0.32174277 0.038959872 0.73755753 0.23667283
0.36 0.8443829 0.059108637 0.31974813 0.03876869 0.73471993 0.23607783
0.361 0.84107506 0.05895552 0.31776094 0.038577855 0.7318838 0.23548108
0.362 0.83776975 0.058801908 0.31578058 0.038386393 0.72904885 0.23488246
0.363 0.834465 0.058647893 0.31380862 0.038196042 0.7262157 0.23428226
0.364 0.8311625 0.05849338 0.31184328 0.03800482 0.72338367 0.23368011
0.365 0.82786214 0.05833841 0.3098863 0.03781426 0.7205533 0.23307651
0.366 0.8245636 0.05818304 0.30793652 0.037624434 0.71772474 0.23247118
0.367 0.82126755 0.058027264 0.3059942 0.037434623 0.71489817 0.23186412
0.368 0.8179738 0.05787106 0.3040599 0.03724546 0.7120727 0.23125562
0.369 0.8146822 0.057714395 0.30213198 0.037055884 0.7092498 0.2306453
0.37 0.81139314 0.057557374 0.30021214 0.0368675 0.7064282 0.23003352
0.371 0.80810606 0.057399947 0.29830015 0.036678914 0.70360917 0.22942019
0.372 0.8048221 0.057242107 0.2963951 0.03649098 0.700792 0.22880526
0.373 0.8015407 0.05708388 0.2944973 0.036303576 0.69797647 0.22818856
0.374 0.79826105 0.05692526 0.29260734 0.036116473 0.6951634 0.22757065
0.375 0.79498535 0.056766305 0.29072472 0.035930365 0.692353 0.22695108
0.376 0.7917124 0.056606974 0.28884926 0.035743825 0.6895443 0.22633012
0.377 0.7884417 0.056447245 0.2869816 0.03555883 0.6867386 0.22570764
0.378 0.78517425 0.056287177 0.28512105 0.03537381 0.68393445 0.22508365
0.379 0.78191 0.056126762 0.2832681 0.035189986 0.68113357 0.22445835
0.38 0.77864915 0.055966023 0.2814227 0.0350066 0.6783347 0.22383156
0.381 0.77539086 0.055804953 0.2795845 0.034823865 0.6755385 0.22320351
0.382 0.7721362 0.055643536 0.2777538 0.03464167 0.67274535 0.22257379
0.383 0.76888496 0.055481795 0.27593032 0.034460496 0.6699543 0.22194299
0.384 0.7656372 0.055319734 0.27411425 0.03427951 0.66716635 0.2213108
0.385 0.76239294 0.055157375 0.27230552 0.03409982 0.66438156 0.22067736
0.386 0.75915194 0.054994732 0.27050453 0.033920385 0.66159934 0.22004256
0.387 0.7559147 0.054831736 0.2687105 0.033742078 0.6588197 0.21940644
0.388 0.7526814 0.054668523 0.266924 0.033564664 0.6560437 0.21876912
0.389 0.74945223 0.054504953 0.2651452 0.033387575 0.6532704 0.21813062
0.39 0.74622583 0.054341134 0.26337314 0.03321187 0.65050024 0.21749085
0.391 0.7430044 0.054177064 0.26160917 0.033036843 0.64773345 0.21684994
0.392 0.73978585 0.054012716 0.25985196 0.032862477 0.6449697 0.21620768
0.393 0.73657256 0.053848088 0.2581024 0.032689538 0.6422091 0.21556446
0.394 0.7333625 0.053683255 0.25636014 0.032517556 0.63945216 0.21491995
0.395 0.730157 0.053518165 0.2546252 0.03234573 0.6366984 0.21427447
0.396 0.72695535 0.053352807 0.25289756 0.032175325 0.63394815 0.2136278
0.397 0.7237585 0.053187232 0.2511776 0.03200606 0.63120127 0.2129801
0.398 0.7205661 0.05302143 0.24946459 0.031837445 0.6284584 0.21233134
0.399 0.7173777 0.052855417 0.2477592 0.031669993 0.6257189 0.21168156
0.4 0.71419424 0.052689184 0.24606104 0.031503446 0.62298286 0.21103077
0.401 0.7110148 0.05252274 0.2443702 0.031338166 0.62025046 0.21037884
0.402 0.7078402 0.05235608 0.24268703 0.031173788 0.61752206 0.20972613
0.403 0.7046705 0.052189223 0.24101071 0.031010741 0.6147974 0.20907235
0.404 0.7015056 0.05202222 0.23934227 0.030848457 0.6120768 0.20841764
0.405 0.6983451 0.051855005 0.2376808 0.030687323 0.60936 0.207762
0.406 0.6951896 0.051687628 0.23602659 0.030527271 0.6066469 0.20710537
0.40700000000000003 0.692039 0.05152006 0.23437975 0.030368416 0.60393786 0.20644803
0.40800000000000003 0.68889344 0.051352315 0.23274067 0.030210534 0.60123324 0.20578972
0.40900000000000003 0.6857532 0.051184427 0.23110852 0.030053945 0.59853256 0.20513058
0.41000000000000003 0.6826174 0.051016375 0.2294838 0.029898526 0.5958359 0.2044706
0.41100000000000003 0.679487 0.050848164 0.22786646 0.029743949 0.5931433 0.2038099
0.41200000000000003 0.67636186 0.050679848 0.22625631 0.029590504 0.5904553 0.20314834
0.41300000000000003 0.6732422 0.050511375 0.22465394 0.02943871 0.58777165 0.20248601
0.41400000000000003 0.6701277 0.05034276 0.22305878 0.029287726 0.5850922 0.20182303
0.41500000000000004 0.6670182 0.05017401 0.22147055 0.029137794 0.5824169 0.20115915
0.41600000000000004 0.6639145 0.050005145 0.21988983 0.028989436 0.57974637 0.20049463
0.41700000000000004 0.66081643 0.049836207 0.2183164 0.028842319 0.5770802 0.19982941
0.41800000000000004 0.65772367 0.049667113 0.2167504 0.028696073 0.5744187 0.1991636
0.41900000000000004 0.6546363 0.049497914 0.21519136 0.028551223 0.5717614 0.19849706
0.42000000000000004 0.6515548 0.049328648 0.21364 0.028407434 0.56910926 0.19782993
0.42100000000000004 0.64847887 0.049159274 0.21209595 0.028265039 0.5664614 0.19716214
0.42200000000000004 0.645409 0.048989814 0.21055917 0.028123835 0.5638182 0.19649374
0.42300000000000004 0.64234453 0.048820272 0.20902972 0.027983816 0.56118 0.19582482
0.42400000000000004 0.63928574 0.048650667 0.20750736 0.027844846 0.55854625 0.19515519
0.42500000000000004 0.6362331 0.04848096 0.20599282 0.02770733 0.55591786 0.19448523
0.42600000000000005 0.6331864 0.048311148 0.20448498 0.027571017 0.5532939 0.1938147
0.42700000000000005 0.6301458 0.048141334 0.20298469 0.02743574 0.550675 0.19314353
0.42800000000000005 0.6271111 0.047971457 0.20149206 0.02730201 0.5480612 0.19247206
0.42900000000000005 0.624082 0.047801513 0.20000629 0.027169455 0.5454521 0.19179995
0.43000000000000005 0.6210596 0.047631543 0.19852766 0.02703824 0.542848 0.19112748
0.43100000000000005 0.61804307 0.047461506 0.19705684 0.02690801 0.5402493 0.19045459
0.43200000000000005 0.6150329 0.04729143 0.19559306 0.02677893 0.53765553 0.18978126
0.43300000000000005 0.6120289 0.047121342 0.19413628 0.026651055 0.53506684 0.18910748
0.43400000000000005 0.60903144 0.04695122 0.19268689 0.026525013 0.5324835 0.18843347
0.43500000000000005 0.60604024 0.046781078 0.191245 0.026399644 0.5299055 0.18775897
0.43600000000000005 0.60305506 0.046610896 0.18981048 0.026275724 0.52733237 0.18708424
0.43700000000000006 0.6000765 0.046440717 0.18838282 0.026152743 0.5247652 0.18640922
0.43800000000000006 0.59710443 0.046270497 0.1869626 0.026031286 0.5222026 0.18573374
0.43900000000000006 0.594139 0.046100337 0.18554951 0.025911104 0.51964587 0.185058
0.44000000000000006 0.5911799 0.04593013 0.18414377 0.025791736 0.51709443 0.18438214
0.44100000000000006 0.5882275 0.04575993 0.18274517 0.025673993 0.51454824 0.18370594
0.44200000000000006 0.58528167 0.04558974 0.18135406 0.025557257 0.512008 0.18302956
0.44300000000000006 0.58234245 0.045419578 0.1799698 0.025441758 0.50947267 0.18235287
0.44400000000000006 0.57941 0.04524941 0.1785932 0.025327336 0.5069433 0.18167609
0.44500000000000006 0.57648444 0.04507929 0.17722343 0.025214074 0.5044194 0.18099907
0.44600000000000006 0.57356554 0.044909175 0.17586106 0.025102278 0.5019013 0.18032193
0.44700000000000006 0.57065344 0.04473908 0.17450579 0.02499149 0.4993884 0.17964454
0.44800000000000006 0.567748 0.04456903 0.17315768 0.024881639 0.49688172 0.17896721
0.44900000000000007 0.5648498 0.044399045 0.17181683 0.02477332 0.49438065 0.17828968
0.45000000000000007 0.5619585 0.04422906 0.17048316 0.024665717 0.49188516 0.17761214
0.45100000000000007 0.55907404 0.04405916 0.16915664 0.02455962 0.48939583 0.1769344
0.45199999999999996 0.55619645 0.043889254 0.16783732 0.02445463 0.48691168 0.17625658
0.45299999999999996 0.55332625 0.043719433 0.16652529 0.0243505 0.4844337 0.1755789
0.45399999999999996 0.55046296 0.043549694 0.16522011 0.024247682 0.4819618 0.1749011
0.45499999999999996 0.5476068 0.043379974 0.16392225 0.024145847 0.47949558 0.17422335
0.45599999999999996 0.5447576 0.043210354 0.16263151 0.024044963 0.47703522 0.1735456
0.45699999999999996 0.54191566 0.043040767 0.16134793 0.02394531 0.4745809 0.1728678
0.45799999999999996 0.5390811 0.04287125 0.16007122 0.023846861 0.47213268 0.17219011
0.45899999999999996 0.5362537 0.042701844 0.15880172 0.0237494 0.46969047 0.17151257
0.45999999999999996 0.53343314 0.042532504 0.15753932 0.023652952 0.46725422 0.17083502
0.46099999999999997 0.5306203 0.04236324 0.15628394 0.023557238 0.46482402 0.17015754
0.46199999999999997 0.5278146 0.042194057 0.15503582 0.02346288 0.46239993 0.16948019
0.46299999999999997 0.5250166 0.04202499 0.15379462 0.023369601 0.45998222 0.1688031
0.46399999999999997 0.5222257 0.04185597 0.15256038 0.023277033 0.45757043 0.1681261
0.46499999999999997 0.5194424 0.041687082 0.1513334 0.023185268 0.45516488 0.16744927
0.46599999999999997 0.5166665 0.04151828 0.15011342 0.023094855 0.4527655 0.16677244
0.46699999999999997 0.51389784 0.04134959 0.14890043 0.02300516 0.45037252 0.16609603
0.46799999999999997 0.51113695 0.041180998 0.14769436 0.022916535 0.44798565 0.16541988
0.469 0.5083836 0.041012548 0.14649527 0.022828694 0.4456054 0.16474381
0.47 0.50563735 0.040844157 0.14530343 0.022741701 0.44323087 0.164068
0.471 0.5028991 0.04067591 0.14411813 0.022655632 0.4408629 0.16339251
0.472 0.50016844 0.04050779 0.1429401 0.022570822 0.43850178 0.16271731
0.473 0.49744546 0.04033976 0.14176892 0.022486717 0.4361465 0.16204244
0.474 0.4947301 0.04017189 0.14060465 0.022403017 0.4337978 0.16136782
0.475 0.49202225 0.040004127 0.13944736 0.022320488 0.43145558 0.1606935
0.476 0.48932213 0.039836496 0.13829702 0.02223872 0.42911962 0.16001964
0.477 0.48662984 0.03966899 0.13715348 0.022157837 0.42679042 0.15934609
0.478 0.48394525 0.03950167 0.1360168 0.022077857 0.42446768 0.15867284
0.479 0.4812685 0.03933444 0.13488714 0.021998394 0.42215133 0.15800008
0.48 0.47859946 0.039167378 0.13376403 0.021920016 0.4198416 0.1573277
0.481 0.47593838 0.03900046 0.1326482 0.021841936 0.4175383 0.15665571
0.482 0.47328517 0.038833663 0.13153885 0.02176497 0.4152416 0.15598422
0.483 0.47063965 0.038667027 0.1304364 0.021688662 0.4129517 0.15531313
0.484 0.46800235 0.038500547 0.12934071 0.021612952 0.41066825 0.15464249
0.485 0.46537274 0.038334217 0.12825185 0.021538032 0.4083916 0.15397248
0.486 0.4627508 0.03816807 0.1271698 0.021463955 0.40612152 0.15330285
0.487 0.46013725 0.038002092 0.12609443 0.021389958 0.4038582 0.15263373
0.488 0.45753154 0.03783624 0.12502591 0.021317197 0.40160164 0.15196523
0.489 0.45493367 0.037670568 0.12396387 0.021245 0.39935142 0.15129718
0.49 0.4523439 0.03750508 0.12290869 0.021173418 0.3971082 0.15062968
0.491 0.44976225 0.03733977 0.121860296 0.021102153 0.3948717 0.14996286
0.492 0.44718853 0.037174597 0.1208185 0.021031877 0.3926419 0.14929655
0.493 0.44462287 0.03700962 0.11978312 0.020962283 0.39041924 0.14863092
0.494 0.44206512 0.036844816 0.11875462 0.020893108 0.38820285 0.14796582
0.495 0.4395159 0.03668022 0.11773273 0.020824423 0.38599372 0.14730138
0.496 0.43697444 0.036515802 0.1167173 0.020756543 0.38379124 0.14663759
0.497 0.43444133 0.03635156 0.115708694 0.020689012 0.38159564 0.14597449
0.498 0.4319161 0.036187496 0.11470637 0.02062231 0.3794068 0.14531198
0.499 0.4293992 0.036023643 0.11371097 0.020555807 0.37722492 0.14465025
0.5 0.42689064 0.035859972 0.112721786 0.020490281 0.37505004 0.14398919
0.501 0.4243903 0.03569648 0.111739196 0.020424863 0.37288204 0.14332885
0.502 0.42189777 0.035533234 0.11076315 0.02036019 0.37072086 0.14266917
0.503 0.4194136 0.03537017 0.10979359 0.02029581 0.3685667 0.14201035
0.504 0.41693786 0.035207313 0.108830646 0.020232046 0.3664194 0.14135222
0.505 0.41447023 0.035044644 0.10787387 0.020168953 0.36427924 0.14069493
0.506 0.4120107 0.034882203 0.10692343 0.020106386 0.36214596 0.14003837
0.507 0.40955964 0.03471997 0.105979785 0.020044127 0.36001968 0.1393826
0.508 0.4071169 0.034557946 0.10504224 0.019982534 0.35790047 0.13872766
0.509 0.4046823 0.034396134 0.1041112 0.019921297 0.35578808 0.13807356
0.51 0.40225598 0.03423454 0.10318646 0.019860508 0.3536828 0.13742025
0.511 0.39983806 0.034073163 0.10226797 0.01980039 0.35158473 0.13676782
0.512 0.39742863 0.033912018 0.101355925 0.019740473 0.34949347 0.13611625
0.513 0.3950273 0.033751097 0.10045002 0.01968127 0.34740955 0.13546564
0.514 0.3926343 0.0335904 0.09955044 0.01962243 0.3453325 0.13481581
0.515 0.39025006 0.033429924 0.09865715 0.019564062 0.34326258 0.13416697
0.516 0.38787377 0.033269674 0.09777009 0.019506266 0.34119964 0.13351896
0.517 0.38550612 0.03310969 0.0968892 0.019448884 0.339144 0.13287196
0.518 0.3831467 0.0329499 0.09601449 0.019391928 0.3370953 0.13222583
0.519 0.38079566 0.0327904 0.09514601 0.019335251 0.3350538 0.13158068
0.52 0.37845322 0.032631084 0.09428371 0.019279357 0.33301926 0.13093649
0.521 0.37611905 0.03247204 0.09342744 0.019223843 0.33099228 0.13029331
0.522 0.37379336 0.03231323 0.09257732 0.019168697 0.32897204 0.12965102
0.523 0.37147617 0.032154683 0.09173322 0.019114088 0.3269592 0.1290099
0.524 0.36916724 0.031996366 0.09089518 0.019059991 0.32495338 0.1283697
0.525 0.36686677 0.031838313 0.09006321 0.019006353 0.3229547 0.12773052
0.526 0.36457494 0.03168051 0.089237414 0.018953016 0.3209634 0.12709236
0.527 0.36229143 0.031522967 0.08841744 0.018900322 0.31897914 0.12645528
0.528 0.3600163 0.031365693 0.08760336 0.018848272 0.317002 0.12581927
0.529 0.35774958 0.03120864 0.0867954 0.018796312 0.3150321 0.12518436
0.53 0.35549164 0.031051882 0.085993394 0.018745277 0.31306952 0.12455049
0.531 0.35324222 0.030895365 0.08519715 0.01869443 0.31111407 0.12391773
0.532 0.35100082 0.030739134 0.08440689 0.018644305 0.3091658 0.123286046
0.533 0.34876823 0.030583154 0.083622545 0.018594442 0.30722478 0.12265553
0.534 0.34654403 0.030427443 0.08284385 0.01854538 0.305291 0.12202615
0.535 0.3443285 0.030272031 0.08207119 0.018496647 0.30336452 0.121397845
0.536 0.34212115 0.030116884 0.08130416 0.018448561 0.3014451 0.120770775
0.537 0.33992255 0.029962005 0.080542944 0.018401098 0.2995331 0.120144784
0.538 0.33773258 0.02980741 0.07978752 0.01835393 0.2976283 0.11952006
0.539 0.3355508 0.0296531 0.07903774 0.018307513 0.29573053 0.11889642
0.54 0.33337772 0.029499074 0.078293875 0.018261416 0.29384032 0.11827405
0.541 0.33121315 0.029345341 0.07755539 0.018216278 0.29195717 0.11765285
0.542 0.3290572 0.029191868 0.076822765 0.018171418 0.29008126 0.11703289
0.543 0.32690966 0.029038694 0.07609567 0.01812736 0.2882127 0.11641414
0.544 0.32477048 0.028885828 0.075374305 0.018083587 0.28635138 0.1157966
0.545 0.32264012 0.028733255 0.074658364 0.018040702 0.28449738 0.11518034
0.546 0.32051808 0.028580967 0.073948085 0.017998205 0.28265062 0.114565365
0.547 0.31840456 0.028428974 0.0732433 0.01795665 0.28081107 0.11395163
0.548 0.3162996 0.028277293 0.07254399 0.017915465 0.27897882 0.11333919
0.549 0.3142031 0.02812593 0.07185025 0.017875044 0.27715376 0.112727985
0.55 0.31211534 0.027974823 0.07116191 0.017835176 0.27533615 0.112118125
0.551 0.31003603 0.027824067 0.07047904 0.01779605 0.27352569 0.11150955
0.552 0.30796516 0.02767359 0.069801524 0.017757665 0.27172258 0.110902324
0.553 0.30590284 0.027523454 0.06912938 0.017720006 0.26992673 0.11029639
0.554 0.303849 0.027373623 0.06846282 0.017682588 0.26813805 0.10969177
0.555 0.3018038 0.027224096 0.0678013 0.017646534 0.2663567 0.10908858
0.556 0.29976708 0.027074885 0.067145266 0.01761068 0.26458266 0.10848672
0.557 0.2977387 0.026926015 0.06649439 0.017576026 0.26281592 0.10788615
0.558 0.29571897 0.026777448 0.065848954 0.017541587 0.26105633 0.10728702
0.559 0.29370794 0.026629196 0.06520861 0.017508117 0.25930417 0.10668929
0.56 0.29170528 0.026481295 0.064573504 0.017475527 0.25755912 0.10609286
0.561 0.2897111 0.0263337 0.06394362 0.017443534 0.25582153 0.105497904
0.562 0.28772548 0.026186444 0.06331886 0.017412283 0.2540911 0.10490434
0.5630000000000001 0.28574824 0.026039518 0.0626993 0.017381879 0.25236788 0.104312204
0.5640000000000001 0.28377965 0.025892928 0.06208471 0.01735232 0.2506521 0.10372147
0.5650000000000001 0.28181958 0.025746686 0.061475262 0.017323498 0.24894345 0.10313219
0.5660000000000001 0.2798678 0.025600752 0.060870916 0.017295377 0.24724203 0.10254434
0.5670000000000001 0.27792472 0.025455179 0.06027153 0.017268304 0.24554804 0.10195794
0.5680000000000001 0.2759902 0.025309948 0.059677172 0.0172419 0.24386112 0.101373
0.5690000000000001 0.27406386 0.025165066 0.059087824 0.017216245 0.24218144 0.10078953
0.5700000000000001 0.2721461 0.02502051 0.05850338 0.017191667 0.24050912 0.10020754
0.5710000000000001 0.2702369 0.024876326 0.057923805 0.017167816 0.23884393 0.09962705
0.5720000000000001 0.26833618 0.02473248 0.057349272 0.017144658 0.2371861 0.09904801
0.5730000000000001 0.26644394 0.024588982 0.05677949 0.017122468 0.2355356 0.098470494
0.5740000000000001 0.26455998 0.024445856 0.056214534 0.017101264 0.23389217 0.09789451
0.5750000000000001 0.26268458 0.024303053 0.055654496 0.017080728 0.23225594 0.097320005
0.5760000000000001 0.26081765 0.024160637 0.055099096 0.017061194 0.23062697 0.09674701
0.5770000000000001 0.2589592 0.02401856 0.05454849 0.017042529 0.22900534 0.096175596
0.5780000000000001 0.2571092 0.02387686 0.054002717 0.017024577 0.22739078 0.09560566
0.5790000000000001 0.25526762 0.02373552 0.053461615 0.0170077 0.22578357 0.095037326
0.58 0.25343442 0.023594543 0.052925147 0.016991604 0.22418341 0.094470516
0.581 0.2516095 0.023453938 0.05239338 0.016976392 0.22259058 0.09390529
0.582 0.2497932 0.0233137 0.05186624 0.016962113 0.22100496 0.093341604
0.583 0.24798521 0.023173818 0.051343594 0.01694867 0.21942636 0.09277951
0.584 0.24618566 0.023034334 0.05082558 0.0169362 0.2178551 0.09221899
0.585 0.24439444 0.022895213 0.05031213 0.016924486 0.2162909 0.091660015
0.586 0.24261156 0.02275647 0.049803134 0.016913796 0.21473402 0.091102675
0.587 0.24083719 0.022618106 0.04929872 0.016903784 0.21318427 0.09054689
0.588 0.2390711 0.022480126 0.048798684 0.016894877 0.21164161 0.089992754
0.589 0.23731329 0.022342525 0.04830306 0.016886784 0.21010612 0.08944025
0.59 0.23556398 0.022205302 0.04781187 0.016879473 0.20857781 0.08888933
0.591 0.233823 0.022068469 0.047325153 0.016872993 0.20705658 0.08834009
0.592 0.23209032 0.021932023 0.04684264 0.016867472 0.2055425 0.08779242
0.593 0.2303659 0.021795982 0.046364445 0.016862802 0.20403554 0.08724644
0.594 0.22864975 0.021660306 0.04589055 0.016859083 0.20253557 0.08670207
0.595 0.22694202 0.021525037 0.04542102 0.016856017 0.20104288 0.08615936
0.596 0.22524257 0.021390157 0.044955656 0.016853917 0.19955726 0.08561831
0.597 0.22355136 0.021255681 0.04449448 0.016852526 0.19807863 0.08507892
0.598 0.22186846 0.021121604 0.044037458 0.016852053 0.19660723 0.08454117
0.599 0.22019373 0.020987915 0.043584634 0.016852416 0.19514287 0.08400512
0.6 0.21852727 0.02085464 0.043135997 0.016853321 0.19368559 0.08347076
0.601 0.21686909 0.020721754 0.042691354 0.016855216 0.19223532 0.082938045
0.602 0.21521915 0.02058928 0.042250834 0.016857922 0.19079207 0.08240707
0.603 0.2135774 0.020457216 0.04181431 0.016861293 0.18935585 0.081877775
0.604 0.21194388 0.020325545 0.041381825 0.016865397 0.18792668 0.08135015
0.605 0.21031852 0.020194301 0.040953327 0.016870301 0.18650445 0.08082426
0.606 0.20870139 0.020063445 0.04052876 0.016875893 0.18508929 0.080300085
0.607 0.20709254 0.01993302 0.04010815 0.01688211 0.18368128 0.07977763
0.608 0.20549154 0.019803002 0.039691415 0.016889133 0.18228 0.07925684
0.609 0.20389898 0.019673405 0.039278574 0.016896818 0.18088594 0.078737855
0.61 0.20231447 0.019544221 0.038869537 0.016905049 0.17949863 0.07822057
0.611 0.20073804 0.019415451 0.038464326 0.016914017 0.17811836 0.07770499
0.612 0.19916983 0.019287113 0.03806291 0.016923496 0.17674513 0.0771912
0.613 0.19760948 0.019159188 0.037665334 0.01693367 0.17537872 0.07667913
0.614 0.1960575 0.019031683 0.037271414 0.016944287 0.17401925 0.0761688
0.615 0.19451338 0.018904606 0.036881205 0.01695557 0.17266673 0.07566022
0.616 0.19297743 0.018777944 0.03649468 0.016967343 0.17132106 0.07515342
0.617 0.19144952 0.018651716 0.036111794 0.016979551 0.16998234 0.07464836
0.618 0.1899296 0.018525917 0.035732556 0.016992355 0.16865054 0.07414508
0.619 0.18841782 0.01840055 0.035356876 0.017005578 0.16732551 0.07364357
0.62 0.18691392 0.018275607 0.034984797 0.017019268 0.16600734 0.07314383
0.621 0.18541801 0.018151099 0.034616236 0.017033322 0.16469601 0.07264588
0.622 0.18393011 0.018027028 0.034251202 0.017047767 0.16339153 0.072149694
0.623 0.18245025 0.017903384 0.033889674 0.01706263 0.16209391 0.07165528
0.624 0.18097824 0.01778018 0.033531584 0.017077869 0.16080305 0.071162716
0.625 0.17951415 0.017657414 0.033176977 0.017093351 0.15951906 0.07067187
0.626 0.1780581 0.017535074 0.03282572 0.01710915 0.15824178 0.07018287
0.627 0.17660972 0.017413188 0.03247784 0.01712517 0.15697123 0.06969566
0.628 0.17516948 0.017291734 0.032133307 0.017141525 0.15570758 0.06921026
0.629 0.17373703 0.017170725 0.031792108 0.017158015 0.15445061 0.06872665
0.63 0.17231245 0.01705015 0.031454235 0.017174717 0.1532003 0.06824484
0.631 0.17089559 0.01693003 0.031119602 0.017191596 0.1519567 0.067764826
0.632 0.1694867 0.016810354 0.030788224 0.017208612 0.15071994 0.06728668
0.633 0.16808558 0.01669111 0.030460058 0.017225722 0.14948975 0.06681033
0.634 0.1666922 0.01657232 0.03013507 0.01724288 0.14826626 0.0663358
0.635 0.16530664 0.016453981 0.029813299 0.017260136 0.14704949 0.065863095
0.636 0.16392885 0.016336085 0.029494606 0.017277377 0.14583932 0.0653922
0.637 0.16255878 0.016218653 0.029179068 0.01729463 0.14463577 0.06492318
0.638 0.1611965 0.016101658 0.02886664 0.017311797 0.14343897 0.06445596
0.639 0.1598418 0.015985118 0.028557207 0.017328955 0.14224862 0.06399059
0.64 0.15849501 0.015869033 0.028250882 0.017345993 0.14106493 0.06352705
0.641 0.15715568 0.015753398 0.027947474 0.017362954 0.13988777 0.06306535
0.642 0.15582414 0.015638215 0.027647138 0.017379781 0.1387172 0.06260549
0.643 0.15450019 0.015523489 0.027349742 0.01739637 0.13755327 0.06214748
0.644 0.15318382 0.015409229 0.027055252 0.017412787 0.13639575 0.061691314
0.645 0.15187508 0.0152954105 0.02676367 0.01742893 0.13524486 0.061236992
0.646 0.15057398 0.015182059 0.026474994 0.01744489 0.13410038 0.060784537
0.647 0.14928037 0.015069172 0.02618919 0.01746051 0.1329624 0.06033393
0.648 0.14799443 0.014956728 0.025906172 0.017475823 0.13183096 0.059885163
0.649 0.14671597 0.014844753 0.025625987 0.017490797 0.13070592 0.05943829
0.65 0.14544499 0.014733246 0.025348604 0.01750541 0.12958738 0.05899323
0.651 0.14418155 0.0146221975 0.025073988 0.017519597 0.12847523 0.05855006
0.652 0.14292553 0.014511597 0.024802046 0.017533334 0.12736946 0.058108743
0.653 0.14167705 0.014401476 0.024532856 0.017546676 0.1262702 0.057669315
0.654 0.14043587 0.014291804 0.024266338 0.017559456 0.12517732 0.057231724
0.655 0.13920227 0.014182609 0.024002485 0.0175718 0.124090716 0.056796014
0.656 0.13797605 0.014073879 0.023741312 0.017583603 0.123010546 0.056362167
0.657 0.13675708 0.0139656095 0.02348268 0.017594833 0.12193667 0.05593019
0.658 0.1355456 0.013857814 0.023226667 0.017605456 0.12086915 0.055500094
0.659 0.13434139 0.013750468 0.022973234 0.017615512 0.11980782 0.05507188
0.66 0.13314453 0.013643607 0.022722352 0.017624915 0.11875292 0.054645512
0.661 0.13195497 0.013537205 0.022473967 0.01763364 0.11770422 0.054221015
0.662 0.1307727 0.013431282 0.022228064 0.01764167 0.11666179 0.053798445
0.663 0.12959778 0.013325825 0.021984674 0.017648982 0.11562562 0.053377714
0.664 0.12842998 0.013220829 0.02174369 0.017655551 0.11459565 0.052958835
0.665 0.12726945 0.0131163085 0.021505203 0.017661393 0.11357195 0.052541893
0.666 0.1261161 0.013012262 0.021269059 0.01766643 0.11255437 0.052126773
0.667 0.12496994 0.012908682 0.021035295 0.017670665 0.11154296 0.051713582
0.668 0.123830944 0.012805578 0.02080393 0.017674068 0.11053769 0.051302247
0.669 0.12269911 0.012702945 0.020574873 0.017676637 0.10953867 0.05089282
0.67 0.12157438 0.012600786 0.020348165 0.017678335 0.10854568 0.05048526
0.671 0.120456696 0.012499094 0.020123696 0.017679067 0.107558854 0.05007959
0.672 0.11934618 0.012397883 0.019901557 0.017678944 0.10657811 0.049675792
0.673 0.118242666 0.012297141 0.019681616 0.017677868 0.10560337 0.049273875
0.674 0.11714623 0.012196878 0.019463934 0.017675871 0.10463479 0.048873845
0.675 0.11605671 0.0120970905 0.019248417 0.017672824 0.10367217 0.048475698
0.676 0.11497426 0.0119977705 0.019035142 0.017668823 0.102715656 0.04807945
0.6769999999999999 0.11389881 0.011898936 0.018824019 0.017663818 0.10176512 0.04768508
0.6779999999999999 0.11283026 0.011800569 0.01861501 0.017657727 0.10082052 0.0472926
0.6789999999999999 0.11176868 0.011702677 0.01840817 0.017650668 0.099881954 0.046901997
0.6799999999999999 0.11071395 0.011605269 0.018203389 0.01764249 0.0989493 0.04651326
0.6809999999999999 0.10966615 0.011508335 0.018000685 0.017633216 0.098022625 0.04612644
0.6819999999999999 0.108625114 0.011411873 0.017800046 0.017622843 0.09710183 0.045741495
0.6829999999999999 0.10759105 0.011315894 0.017601455 0.017611353 0.09618695 0.045358427
0.6839999999999999 0.10656374 0.011220392 0.01740489 0.017598748 0.09527796 0.044977266
0.6849999999999999 0.10554325 0.011125371 0.017210307 0.017584989 0.094374865 0.044597965
0.6859999999999999 0.10452951 0.011030816 0.017017711 0.017570073 0.09347756 0.04422056
0.6869999999999999 0.1035225 0.010936747 0.016827071 0.01755397 0.092586145 0.04384502
0.688 0.10252226 0.010843157 0.016638376 0.01753669 0.09170048 0.043471385
0.689 0.10152871 0.0107500395 0.016451603 0.017518174 0.09082065 0.043099612
0.69 0.10054183 0.010657406 0.016266719 0.017498465 0.089946635 0.042729747
0.691 0.099561654 0.010565249 0.01608372 0.017477548 0.089078315 0.042361747
0.692 0.09858806 0.0104735745 0.015902597 0.0174554 0.08821579 0.041995633
0.693 0.097621165 0.010382382 0.015723316 0.017431986 0.08735896 0.041631397
0.694 0.09666079 0.010291655 0.015545859 0.01740733 0.086507805 0.04126903
0.695 0.09570693 0.010201429 0.015370202 0.017381413 0.08566241 0.040908545
0.696 0.09475971 0.010111667 0.015196322 0.017354164 0.08482265 0.040549926
0.697 0.09381901 0.010022383 0.015024228 0.017325718 0.083988555 0.040193215
0.698 0.09288472 0.009933585 0.014853864 0.017295938 0.08316006 0.039838344
0.699 0.091956995 0.0098452605 0.014685251 0.017264875 0.08233723 0.039485373
0.7 0.09103574 0.009757424 0.0145183625 0.017232519 0.08151997 0.03913426
0.701 0.09012089 0.009670058 0.014353155 0.017198816 0.080708265 0.038785007
0.702 0.08921242 0.009583177 0.014189644 0.01716385 0.07990216 0.03843766
0.703 0.088310346 0.009496773 0.014027775 0.017127527 0.07910158 0.038092133
0.704 0.087414615 0.009410849 0.013867553 0.017089942 0.07830655 0.037748504
0.705 0.08652528 0.009325402 0.0137089845 0.017050963 0.07751699 0.037406728
0.706 0.085642196 0.009240435 0.013552016 0.017010653 0.07673295 0.037066825
0.707 0.084765404 0.009155958 0.0133966375 0.016969085 0.07595439 0.036728773
0.708 0.08389491 0.009071951 0.013242833 0.016926128 0.075181216 0.03639259
0.709 0.0830306 0.008988424 0.013090602 0.016881855 0.074413516 0.03605826
0.71 0.08217254 0.008905373 0.012939897 0.016836232 0.07365124 0.035725772
0.711 0.081320755 0.008822804 0.012790751 0.01678934 0.07289435 0.03539516
0.712 0.08047505 0.008740715 0.012643085 0.016741054 0.07214285 0.035066374
0.713 0.07963548 0.008659102 0.012496927 0.01669144 0.07139666 0.034739453
0.714 0.07880209 0.008577968 0.012352257 0.016640503 0.07065585 0.034414377
0.715 0.077974744 0.00849731 0.012209029 0.016588261 0.069920376 0.034091134
0.716 0.077153526 0.008417132 0.012067272 0.016534662 0.069190174 0.033769757
0.717 0.07633827 0.008337429 0.011926944 0.016479788 0.068465255 0.033450197
0.718 0.07552909 0.008258202 0.011788032 0.016423583 0.06774564 0.033132482
0.719 0.07472591 0.008179459 0.011650525 0.016366037 0.06703124 0.032816578
0.72 0.0739287 0.008101182 0.0115144225 0.016307252 0.066322096 0.03250253
0.721 0.07313747 0.008023389 0.011379675 0.01624712 0.06561814 0.032190274
0.722 0.072352126 0.007946064 0.011246272 0.016185688 0.0649194 0.031879846
0.723 0.07157275 0.007869218 0.011114251 0.016123012 0.064225815 0.031571247
0.724 0.070799135 0.007792842 0.010983518 0.016059037 0.063537404 0.031264447
0.725 0.07003147 0.00771694 0.010854128 0.015993807 0.06285416 0.030959465
0.726 0.069269575 0.007641511 0.010726023 0.015927302 0.062175993 0.03065627
0.727 0.06851352 0.0075665573 0.010599209 0.015859522 0.061502967 0.030354874
0.728 0.067763254 0.0074920636 0.0104736695 0.015790528 0.06083506 0.030055262
0.729 0.06701869 0.007418047 0.010349389 0.0157203 0.06017221 0.02975743
0.73 0.06627988 0.0073444988 0.010226355 0.015648866 0.059514426 0.029461386
0.731 0.0655468 0.0072714156 0.010104558 0.015576212 0.058861677 0.029167097
0.732 0.06481936 0.007198802 0.009983973 0.0155023765 0.058214 0.028874572
0.733 0.06409758 0.0071266424 0.009864567 0.015427297 0.057571303 0.028583784
0.734 0.06338148 0.0070549594 0.00974639 0.015351119 0.05693366 0.02829475
0.735 0.062670894 0.0069837295 0.009629381 0.015273751 0.056300987 0.028007457
0.736 0.06196596 0.0069129663 0.009513532 0.015195242 0.055673275 0.027721865
0.737 0.061266564 0.006842655 0.0093988385 0.015115602 0.055050567 0.027438007
0.738 0.060572676 0.0067728017 0.009285275 0.015034852 0.054432817 0.02715584
0.739 0.059884295 0.0067034108 0.009172864 0.014953002 0.053819977 0.02687539
0.74 0.059201423 0.006634468 0.009061549 0.014870077 0.05321208 0.026596611
0.741 0.058524 0.0065659843 0.008951326 0.014786049 0.05260912 0.02631952
0.742 0.057852 0.0064979475 0.008842218 0.014701 0.052011047 0.02604412
0.743 0.0571854 0.0064303675 0.00873417 0.014614907 0.05141785 0.025770392
0.744 0.056524243 0.0063632377 0.008627212 0.014527812 0.050829545 0.02549835
0.745 0.055868383 0.0062965555 0.0085213175 0.014439705 0.050246056 0.025227986
0.746 0.05521791 0.0062303348 0.008416466 0.0143506015 0.049667425 0.024959328
0.747 0.05457275 0.006164557 0.008312656 0.014260547 0.049093522 0.024692375
0.748 0.0539329 0.0060992427 0.0082098935 0.01416954 0.048524424 0.024427157
0.749 0.053298336 0.006034383 0.008108151 0.014077597 0.047959976 0.024163686
0.75 0.052669063 0.0059699886 0.008007433 0.013984759 0.047400232 0.023902
0.751 0.05204505 0.005906057 0.0079077305 0.0138910245 0.04684506 0.023642126
0.752 0.051426273 0.005842594 0.007809041 0.013796414 0.046294462 0.02338408
0.753 0.050812732 0.005779608 0.0077113556 0.013700954 0.04574835 0.02312792
0.754 0.05020441 0.005717106 0.007614683 0.013604649 0.045206632 0.022873653
0.755 0.04960127 0.0056550866 0.007519003 0.013507531 0.04466929 0.022621319
0.756 0.049003348 0.0055935523 0.007424319 0.013409585 0.044136222 0.022370927
0.757 0.048410583 0.00553252 0.0073306356 0.013310895 0.043607388 0.022122508
0.758 0.047822997 0.005471984 0.007237928 0.013211417 0.043082733 0.021876054
0.759 0.047240533 0.005411951 0.007146209 0.013111209 0.042562183 0.02163158
0.76 0.0466632 0.0053524245 0.00705546 0.013010279 0.042045724 0.02138909
0.761 0.04609097 0.0052934038 0.0069656735 0.012908651 0.041533317 0.02114856
0.762 0.04552382 0.0052348953 0.0068768524 0.012806353 0.04102497 0.02090999
0.763 0.04496169 0.005176894 0.0067889714 0.012703403 0.040520653 0.020673342
0.764 0.044404544 0.0051193982 0.0067020184 0.0125998035 0.04002035 0.020438602
0.765 0.043852393 0.005062402 0.006615991 0.012495624 0.039524116 0.020205745
0.766 0.04330519 0.005005905 0.006530859 0.01239086 0.039031953 0.019974733
0.767 0.042762853 0.004949891 0.006446636 0.012285568 0.03854389 0.019745532
0.768 0.04222536 0.004894349 0.006363267 0.0121797025 0.038059935 0.019518115
0.769 0.041692697 0.0048392722 0.006280759 0.012073361 0.03758017 0.019292442
0.77 0.04116478 0.0047846404 0.0061991024 0.011966533 0.037104584 0.019068465
0.771 0.040641584 0.0047304416 0.0061182757 0.01185927 0.036633205 0.018846154
0.772 0.040123094 0.0046766517 0.006038265 0.0117515735 0.03616605 0.018625457
0.773 0.03960924 0.0046232627 0.0059590703 0.011643492 0.03570318 0.018406367
0.774 0.03910002 0.0045702606 0.0058806725 0.011535037 0.035244558 0.018188832
0.775 0.038595416 0.0045176297 0.005803074 0.011426243 0.03479019 0.01797284
0.776 0.038095385 0.004465362 0.0057262634 0.011317157 0.0343401 0.017758366
0.777 0.037599906 0.0044134534 0.0056502386 0.011207772 0.033894237 0.01754539
0.778 0.037108973 0.004361894 0.005574993 0.011098139 0.03345262 0.017333904
0.779 0.036622576 0.0043106866 0.005500528 0.010988293 0.033015233 0.017123898
0.78 0.0361407 0.0042598285 0.005426846 0.01087825 0.032582026 0.016915364
0.781 0.03566332 0.0042093247 0.005353943 0.010768063 0.03215296 0.016708303
0.782 0.03519044 0.004159176 0.0052818125 0.01065774 0.031728048 0.016502721
0.783 0.034722023 0.004109394 0.0052104597 0.010547331 0.031307247 0.016298622
0.784 0.034258075 0.004059979 0.005139879 0.010436857 0.030890534 0.016096013
0.785 0.033798605 0.004010943 0.0050700833 0.010326375 0.030477876 0.015894894
0.786 0.033343554 0.003962291 0.005001061 0.010215896 0.0300692 0.015695263
0.787 0.03289294 0.003914036 0.0049328045 0.010105458 0.029664544 0.0154971415
0.788 0.03244675 0.0038661826 0.004865329 0.009995128 0.029263852 0.015300541
0.789 0.032004938 0.0038187443 0.004798619 0.009884908 0.028867075 0.015105449
0.79 0.031567536 0.00377173 0.0047326824 0.009774853 0.02847423 0.014911888
0.791 0.031134503 0.0037251501 0.0046675126 0.009665001 0.028085263 0.014719864
0.792 0.030705828 0.0036790175 0.0046031 0.009555381 0.027700149 0.014529371
0.793 0.030281486 0.0036333406 0.0045394553 0.009446053 0.027318858 0.014340424
0.794 0.029861458 0.0035881323 0.0044765626 0.009337033 0.026941393 0.014153023
0.795 0.029445719 0.00354341 0.0044144215 0.0092284 0.026567705 0.013967171
0.796 0.029034268 0.0034991782 0.004353023 0.009120163 0.026197774 0.013782876
0.797 0.028627072 0.0034554563 0.0042923638 0.009012367 0.025831608 0.013600142
0.798 0.028224112 0.0034122546 0.004232437 0.008905086 0.025469132 0.013418971
0.799 0.027825354 0.0033695921 0.0041732346 0.008798331 0.025110358 0.013239361
0.8 0.027430765 0.0033274784 0.004114736 0.008692133 0.024755249 0.013061311
0.801 0.027040346 0.0032859321 0.004056939 0.0085865585 0.024403788 0.012884827
0.802 0.026654055 0.0032449653 0.003999838 0.0084816525 0.024055943 0.01270991
0.803 0.026271854 0.0032045962 0.0039434046 0.008377424 0.023711698 0.012536557
0.8039999999999999 0.025893705 0.0031648388 0.0038876384 0.008273929 0.023371024 0.012364764
0.8049999999999999 0.025519585 0.0031257048 0.0038325118 0.0081711905 0.023033885 0.012194529
0.8059999999999999 0.025149465 0.0030872116 0.0037780134 0.008069239 0.022700284 0.012025853
0.8069999999999999 0.024783304 0.0030493685 0.0037241213 0.00796808 0.022370169 0.01185873
0.8079999999999999 0.024421051 0.00301219 0.0036708242 0.007867772 0.022043504 0.011693151
0.8089999999999999 0.024062688 0.002975685 0.0036180841 0.0077682994 0.021720288 0.011529112
0.8099999999999999 0.023708142 0.0029398596 0.0035658954 0.0076696672 0.021400476 0.011366611
0.8109999999999999 0.0233574 0.0029047197 0.0035142312 0.007571897 0.021084016 0.011205631
0.8119999999999999 0.023010401 0.0028702675 0.0034630683 0.007474975 0.02077091 0.011046171
0.813 0.022667112 0.0028365005 0.003412386 0.0073789 0.020461118 0.010888224
0.814 0.02232748 0.0028034092 0.0033621606 0.0072836457 0.020154597 0.010731768
0.815 0.021991443 0.0027709848 0.0033123728 0.0071892035 0.019851325 0.0105768
0.816 0.021658966 0.0027392118 0.0032629964 0.00709553 0.019551251 0.010423314
0.817 0.02133 0.0027080649 0.0032140194 0.007002611 0.019254377 0.010271287
0.818 0.0210045 0.0026775184 0.0031654174 0.006910407 0.01896063 0.010120717
0.819 0.0206824 0.0026475352 0.0031171767 0.0068188724 0.01867001 0.009971583
0.82 0.020363681 0.0026180767 0.0030692844 0.0067279767 0.018382462 0.009823884
0.821 0.020048259 0.0025890982 0.0030217199 0.0066376673 0.018097963 0.009677598
0.822 0.019736102 0.0025605485 0.0029744785 0.0065479116 0.017816491 0.009532714
0.823 0.019427175 0.0025323739 0.0029275478 0.0064586573 0.017537996 0.009389228
0.824 0.019121435 0.0025045183 0.002880918 0.0063698664 0.017262466 0.009247121
0.825 0.018818831 0.0024769255 0.0028345864 0.0062814923 0.016989859 0.009106383
0.826 0.01851932 0.0024495348 0.0027885514 0.0061935126 0.016720157 0.008966998
0.827 0.018222889 0.0024222962 0.0027428102 0.0061058817 0.016453335 0.008828961
0.828 0.0179295 0.0023951542 0.0026973584 0.006018572 0.016189372 0.008692263
0.829 0.017639099 0.002368062 0.0026521978 0.005931537 0.015928226 0.008556886
0.83 0.01735168 0.0023409766 0.0026073395 0.005844784 0.01566989 0.008422824
0.831 0.017067216 0.0023138626 0.0025627783 0.005758269 0.015414344 0.008290069
0.832 0.016785687 0.002286692 0.0025185207 0.0056719803 0.015161563 0.008158611
0.833 0.01650707 0.0022594426 0.0024745697 0.005585913 0.014911524 0.008028442
0.834 0.016231349 0.0022320992 0.002430938 0.005500052 0.014664211 0.00789956
0.835 0.015958522 0.0022046564 0.0023876259 0.0054143956 0.01441961 0.007771954
0.836 0.015688559 0.0021771109 0.0023446442 0.005328949 0.014177704 0.0076456172
0.837 0.015421443 0.0021494674 0.0023019982 0.0052437102 0.013938469 0.007520548
0.838 0.015157187 0.0021217351 0.0022596947 0.005158678 0.013701891 0.0073967427
0.839 0.014895764 0.00209393 0.0022177426 0.00507388 0.013467962 0.0072742
0.84 0.014637176 0.0020660677 0.002176149 0.0049893158 0.0132366745 0.0071529164
0.841 0.014381413 0.0020381713 0.0021349199 0.0049050036 0.0130079985 0.0070328917
0.842 0.014128464 0.0020102605 0.0020940634 0.0048209657 0.012781935 0.006914127
0.843 0.01387832 0.001982361 0.002053584 0.004737219 0.012558443 0.0067966217
0.844 0.013630981 0.0019544964 0.002013494 0.0046537835 0.012337544 0.006680376
0.845 0.013386431 0.0019266941 0.0019737955 0.004570687 0.012119201 0.0065653934
0.846 0.013144668 0.001898978 0.0019344933 0.0044879545 0.011903402 0.0064516757
0.847 0.012905693 0.001871373 0.0018955952 0.0044056037 0.011690152 0.006339226
0.848 0.012669479 0.0018439066 0.0018571084 0.004323672 0.011479417 0.0062280465
0.849 0.012436031 0.0018165992 0.0018190369 0.004242184 0.011271195 0.0061181425
0.85 0.012205344 0.0017894765 0.001781385 0.0041611674 0.011065472 0.006009524
0.851 0.011977404 0.0017625582 0.001744157 0.004080648 0.010862237 0.0059021865
0.852 0.011752191 0.0017358674 0.0017073582 0.004000657 0.0106614735 0.00579614
0.853 0.011529713 0.0017094219 0.0016709924 0.003921222 0.010463164 0.0056913863
0.854 0.011309954 0.0016832416 0.001635065 0.003842375 0.010267306 0.0055879382
0.855 0.011092902 0.001657344 0.001599578 0.0037641418 0.010073882 0.0054857945
0.856 0.010878541 0.0016317456 0.001564533 0.0036865452 0.009882876 0.005384964
0.857 0.010666874 0.0016064619 0.0015299354 0.0036096172 0.009694284 0.005285456
0.858 0.010457874 0.001581506 0.0014957867 0.0035333813 0.00950808 0.0051872684
0.859 0.010251541 0.0015568928 0.0014620904 0.0034578652 0.0093242545 0.005090414
0.86 0.010047857 0.0015326324 0.0014288462 0.0033830886 0.009142795 0.004994896
0.861 0.009846808 0.0015087386 0.001396059 0.0033090783 0.008963694 0.004900724
0.862 0.009648388 0.0014852205 0.0013637282 0.003235854 0.008786931 0.0048079006
0.863 0.009452582 0.0014620881 0.0013318534 0.0031634395 0.008612498 0.0047164345
0.864 0.009259376 0.001439349 0.001300442 0.0030918554 0.008440376 0.0046263323
0.865 0.009068748 0.0014170121 0.0012694878 0.0030211164 0.008270555 0.004537598
0.866 0.008880696 0.0013950834 0.0012389952 0.0029512427 0.008103014 0.004450239
0.867 0.008695201 0.0013735691 0.0012089636 0.0028822515 0.007937743 0.00436426
0.868 0.008512245 0.0013524756 0.0011793931 0.0028141544 0.007774734 0.004279665
0.869 0.008331818 0.0013318065 0.001150283 0.00274697 0.007613969 0.004196466
0.87 0.008153907 0.0013115654 0.0011216339 0.0026807084 0.0074554253 0.0041146614
0.871 0.007978494 0.0012917552 0.0010934443 0.0026153834 0.007299099 0.0040342603
0.872 0.0078055602 0.0012723798 0.0010657149 0.0025510052 0.007144973 0.003955266
0.873 0.007635098 0.0012534389 0.001038443 0.00248758 0.0069930255 0.0038776833
0.874 0.00746708 0.001234933 0.0010116277 0.00242512 0.006843251 0.003801512
0.875 0.007301505 0.0012168624 0.0009852675 0.0023636294 0.006695627 0.003726761
0.876 0.0071383496 0.0011992266 0.0009593613 0.002303117 0.0065501463 0.0036534297
0.877 0.0069775926 0.0011820243 0.00093390717 0.0022435877 0.006406786 0.0035815216
0.878 0.0068192254 0.0011652521 0.0009089031 0.0021850464 0.0062655364 0.0035110377
0.879 0.006663227 0.0011489068 0.00088434666 0.0021274935 0.0061263763 0.0034419778
0.88 0.0065095886 0.0011329856 0.0008602363 0.002070934 0.0059892945 0.003374343
0.881 0.0063582878 0.0011174827 0.00083656795 0.0020153688 0.0058542783 0.0033081332
0.882 0.0062093018 0.0011023922 0.0008133408 0.0019607993 0.005721303 0.0032433453
0.883 0.006062621 0.0010877091 0.0007905516 0.0019072237 0.005590358 0.003179975
0.884 0.0059182304 0.0010734254 0.00076819654 0.0018546408 0.005461427 0.0031180207
0.885 0.005776111 0.0010595343 0.0007462727 0.0018030509 0.0053344946 0.0030574757
0.886 0.0056362455 0.0010460258 0.0007247768 0.0017524495 0.0052095423 0.0029983332
0.887 0.005498613 0.001032892 0.00070370646 0.0017028357 0.0050865575 0.0029405868
0.888 0.0053631985 0.0010201227 0.0006830576 0.0016542039 0.00496552 0.0028842245
0.889 0.0052299853 0.0010077064 0.0006628266 0.0016065487 0.0048464164 0.002829237
0.89 0.005098956 0.0009956326 0.0006430093 0.001559866 0.0047292258 0.0027756107
0.891 0.004970096 0.0009838891 0.0006236029 0.0015141508 0.004613937 0.0027233323
0.892 0.0048433845 0.0009724641 0.0006046028 0.0014693959 0.004500531 0.0026723852
0.893 0.0047188015 0.000961343 0.0005860053 0.0014255954 0.0043889876 0.0026227497
0.894 0.004596334 0.00095051306 0.0005678059 0.0013827389 0.004279296 0.002574408
0.895 0.0044759633 0.0009399601 0.00055000087 0.0013408212 0.004171437 0.0025273364
0.896 0.0043576686 0.00092966977 0.00053258595 0.0012998332 0.0040653916 0.0024815127
0.897 0.0042414353 0.0009196256 0.00051555637 0.001259765 0.0039611454 0.002436909
0.898 0.0041272435 0.0009098132 0.000498908 0.0012206082 0.0038586804 0.0023934976
0.899 0.00401508 0.00090021663 0.000482637 0.0011823527 0.0037579802 0.0023512496
0.9 0.003904921 0.0008908195 0.00046673775 0.0011449872 0.0036590262 0.0023101321
0.901 0.003796754 0.00088160497 0.00045120693 0.0011085026 0.0035618034 0.002270111
0.902 0.0036905545 0.0008725567 0.00043603842 0.0010728858 0.0034662934 0.00223115
0.903 0.0035863123 0.0008636579 0.00042122917 0.001038128 0.003372481 0.0021932116
0.904 0.0034840032 0.0008548917 0.00040677327 0.001004215 0.0032803463 0.0021562562
0.905 0.0033836134 0.00084624044 0.00039266658 0.00097113574 0.0031898748 0.0021202415
0.906 0.003285124 0.0008376875 0.00037890446 0.0009388783 0.0031010478 0.0020851258
0.907 0.0031885167 0.0008292162 0.00036548194 0.00090743 0.003013849 0.002050864
0.908 0.0030937716 0.0008208086 0.00035239419 0.00087677647 0.0029282605 0.0020174095
0.909 0.0030008745 0.0008124482 0.0003396363 0.00084690604 0.0028442664 0.0019847164
0.91 0.002909805 0.0008041189 0.00032720412 0.0008178051 0.0027618504 0.0019527377
0.911 0.002820546 0.0007958034 0.0003150922 0.0007894598 0.0026809939 0.0019214232
0.912 0.0027330804 0.0007874854 0.00030329556 0.0007618569 0.002601681 0.0018907248
0.913 0.0026473885 0.00077914953 0.00029181 0.0007349815 0.0025238944 0.0018605924
0.914 0.0025634528 0.00077078043 0.0002806306 0.00070882135 0.0024476203 0.0018309781
0.915 0.002481257 0.00076236244 0.0002697523 0.0006833613 0.0023728374 0.0018018305
0.916 0.0024007822 0.0007538813 0.00025917054 0.0006585878 0.002299533 0.001773101
0.917 0.0023220098 0.0007453225 0.00024888015 0.00063448574 0.0022276894 0.0017447415
0.918 0.0022449242 0.00073667284 0.0002388767 0.0006110424 0.00215729 0.001716704
0.919 0.0021695055 0.00072791945 0.00022915557 0.0005882424 0.002088319 0.0016889413
0.92 0.0020957368 0.00071904965 0.00021971203 0.00056607317 0.0020207604 0.0016614068
0.921 0.0020236007 0.00071005215 0.00021054118 0.00054451916 0.0019545995 0.0016340582
0.922 0.0019530792 0.0007009157 0.00020163828 0.0005235675 0.001889819 0.0016068504
0.923 0.0018841549 0.0006916307 0.0001929989 0.00050320383 0.0018264032 0.0015797444
0.924 0.0018168093 0.00068218785 0.00018461865 0.0004834157 0.0017643392 0.0015527004
0.925 0.0017510264 0.0006725784 0.0001764926 0.00046418846 0.0017036103 0.0015256809
0.926 0.0016867876 0.0006627947 0.0001686162 0.00044550942 0.0016442 0.0014986516
0.927 0.001624075 0.0006528306 0.00016098522 0.00042736589 0.0015860957 0.0014715805
0.928 0.0015628727 0.0006426803 0.0001535951 0.00040974485 0.0015292811 0.0014444373
0.929 0.001503163 0.0006323394 0.00014644151 0.00039263463 0.0014737438 0.0014171968
0.93 0.0014449279 0.0006218034 0.00013951989 0.0003760223 0.0014194667 0.0013898314
0.931 0.0013881508 0.0006110704 0.00013282608 0.00035989648 0.0013664381 0.0013623224
0.932 0.001332815 0.000600139 0.00012635569 0.0003442461 0.0013146439 0.0013346513
0.9329999999999999 0.0012789022 0.00058900844 0.000120104494 0.00032905993 0.0012640699 0.001306801
0.9339999999999999 0.0012263956 0.00057767885 0.00011406822 0.00031432704 0.001214703 0.0012787601
0.9349999999999999 0.0011752779 0.00056615256 0.00010824277 0.00030003744 0.0011665291 0.0012505185
0.9359999999999999 0.0011255338 0.0005544321 0.00010262406 0.0002861818 0.0011195374 0.0012220714
0.9369999999999999 0.0010771446 0.0005425216 9.720773e-05 0.00027274957 0.0010737126 0.0011934141
0.938 0.001030095 0.0005304262 9.199e-05 0.0002597327 0.0010290437 0.0011645475
0.939 0.0009843665 0.0005181516 8.696666e-05 0.00024712202 0.0009855177 0.0011354735
0.94 0.00093994424 0.00050570536 8.2133825e-05 0.00023490937 0.00094312296 0.0011061999
0.941 0.00089681044 0.000493096 7.748749e-05 0.00022308713 0.00090184755 0.001076734
0.942 0.0008549483 0.0004803325 7.302371e-05 0.00021164748 0.00086167856 0.0010470884
0.943 0.0008143425 0.00046742609 6.873865e-05 0.00020058361 0.0008226059 0.0010172789
0.944 0.00077497517 0.0004543875 6.462835e-05 0.00018988861 0.0007846177 0.0009873222
0.945 0.0007368302 0.0004412297 6.068896e-05 0.00017955615 0.00074770226 0.00095723855
0.946 0.00069989136 0.00042796636 5.6916735e-05 0.0001695802 0.0007118494 0.00092705153
0.947 0.00066414184 0.00041461142 5.3307827e-05 0.00015995483 0.0006770465 0.000896786
0.948 0.0006295655 0.0004011806 4.9858452e-05 0.00015067465 0.00064328423 0.0008664698
0.949 0.00059614575 0.0003876898 4.6564845e-05 0.00014173424 0.00061055133 0.0008361326
0.95 0.00056386617 0.00037415634 4.3423264e-05 0.00013312866 0.0005788368 0.00080580765
0.951 0.0005327106 0.00036059762 4.042997e-05 0.00012485292 0.00054813037 0.0007755276
0.952 0.0005026619 0.00034703256 3.7581278e-05 0.00011690241 0.0005184218 0.0007453291
0.953 0.000473704 0.0003334795 3.4873363e-05 0.0001092723 0.0004896997 0.0007152488
0.954 0.00044582036 0.0003199581 3.2302603e-05 0.00010195819 0.0004619541 0.00068532483
0.955 0.00041899417 0.0003064886 2.9865254e-05 9.495554e-05 0.0004351744 0.0006555976
0.956 0.00039320887 0.00029309135 2.7557617e-05 8.825986e-05 0.00040934928 0.000626108
0.957 0.00036844783 0.0002797871 2.5375997e-05 8.18667e-05 0.000384469 0.0005968975
0.958 0.0003446939 0.0002665965 2.3316677e-05 7.577137e-05 0.00036052198 0.00056800735
0.959 0.00032193045 0.00025354084 2.1375985e-05 6.996938e-05 0.0003374976 0.0005394811
0.96 0.00030014012 0.00024064118 1.9550183e-05 6.445588e-05 0.00031538453 0.0005113608
0.961 0.00027930608 0.00022791879 1.7835595e-05 5.922606e-05 0.00029417168 0.00048368954
0.962 0.00025941044 0.00021539412 1.6228467e-05 5.427468e-05 0.00027384722 0.0004565084
0.963 0.00024043614 0.00020308844 1.4725147e-05 4.9596634e-05 0.0002543996 0.00042986023
0.964 0.00022236533 0.00019102167 1.33218755e-05 4.5186327e-05 0.00023581681 0.00040378488
0.965 0.00020517994 0.000179214 1.2014968e-05 4.1038067e-05 0.00021808635 0.00037832317
0.966 0.00018886219 0.00016768492 1.0800709e-05 3.714588e-05 0.00020119543 0.00035351331
0.967 0.00017339371 0.00015645297 9.675366e-06 3.3503457e-05 0.00018513092 0.00032939273
0.968 0.00015875575 0.0001455365 8.635245e-06 3.0104282e-05 0.00016987974 0.00030599686
0.969 0.00014492952 0.0001349525 7.676639e-06 2.6941503e-05 0.00015542732 0.00028335958
0.97 0.00013189617 0.00012471742 6.7958667e-06 2.4008013e-05 0.00014175993 0.0002615125
0.971 0.000119636105 0.000114846574 5.9892336e-06 2.1296379e-05 0.00012886229 0.00024048495
0.972 0.00010812977 0.00010535416 5.2530727e-06 1.8798883e-05 0.000116719224 0.00022030382
0.973 9.7357115e-05 9.6253105e-05 4.5837455e-06 1.6507523e-05 0.0001053148 0.0002009934
0.974 8.729783e-05 8.755503e-05 3.977614e-06 1.441404e-05 9.463242e-05 0.00018257486
0.975 7.79313e-05 7.927042e-05 3.4310972e-06 1.2509905e-05 8.4655134e-05 0.00016506662
0.976 6.9236456e-05 7.140797e-05 2.9406258e-06 1.0786348e-05 7.536526e-05 0.00014848381
0.977 6.1191924e-05 6.397496e-05 2.5026766e-06 9.234385e-06 6.674434e-05 0.00013283807
0.978 5.3775948e-05 5.697709e-05 2.1137764e-06 7.8448475e-06 5.877351e-05 0.00011813774
0.979 4.6966303e-05 5.0418257e-05 1.7704969e-06 6.6083953e-06 5.143305e-05 0.00010438734
0.98 4.074047e-05 4.4300636e-05 1.4694742e-06 5.515572e-06 4.470257e-05 9.15878e-05
0.981 3.5075416e-05 3.862455e-05 1.2074064e-06 4.5568136e-06 3.8560975e-05 7.973604e-05
0.982 2.9947692e-05 3.3388405e-05 9.810666e-07 3.7225172e-06 3.2986434e-05 6.882506e-05
0.983 2.5333415e-05 2.8588658e-05 7.873088e-07 3.0030621e-06 2.7956352e-05 5.8843747e-05
0.984 2.1208261e-05 2.421974e-05 6.230758e-07 2.388864e-06 2.3447374e-05 4.9776932e-05
0.985 1.7547412e-05 2.0274025e-05 4.854082e-07 1.8704201e-06 1.9435342e-05 4.1605155e-05
0.986 1.43256575e-05 1.6741787e-05 3.7145392e-07 1.4383612e-06 1.589535e-05 3.4304736e-05
0.987 1.1517195e-05 1.3611142e-05 2.7847446e-07 1.0835004e-06 1.2801673e-05 2.7847656e-05
0.988 9.095818e-06 1.0868038e-05 2.0385622e-07 7.96889e-07 1.0127749e-05 2.220157e-05
0.989 7.0348096e-06 8.496208e-06 1.4511902e-07 5.6987244e-07 7.84624e-06 1.73298e-05
0.99 5.306949e-06 6.477151e-06 9.992525e-08 3.941463e-07 5.9289664e-06 1.3191233e-05
0.991 3.884519e-06 4.7901217e-06 6.608956e-08 2.6181445e-07 4.346932e-06 9.740441e-06
0.992 2.7392916e-06 3.412113e-06 4.158885e-08 1.6544963e-07 3.0703106e-06 6.9276143e-06
0.993 1.8425294e-06 2.31783e-06 2.4571323e-08 9.815113e-08 2.068441e-06 4.698594e-06
0.994 1.1649809e-06 1.4797073e-06 1.33667575e-08 5.3606904e-08 1.3098432e-06 2.9949294e-06
0.995 6.7688154e-07 8.678972e-07 6.4960726e-09 2.6153117e-08 7.622035e-07 1.7538871e-06
0.996 3.4794672e-07 4.5027426e-07 2.6811762e-09 1.0834942e-08 3.9238785e-07 9.085146e-07
0.997 1.4737317e-07 1.924434e-07 8.5476964e-10 3.4668104e-09 1.6643804e-07 3.876841e-07
0.998 4.3838792e-08 5.7753173e-08 1.701091e-10 6.9237166e-10 4.9580464e-08 1.16163676e-07
0.999 5.501409e-09 7.3103448e-09 1.0710638e-11 4.3743058e-11 6.2306107e-09 1.4680836e-08
1.0 0.0 0.0 0.0 0.0 0.0 0.0
