#x Gluon Gluon_error
0.001 -0.360338
0.00100692 -0.359855
0.0010139 -0.359352
0.00102092 -0.358827
0.00102799 -0.358281
0.00103511 -0.357714
0.00104227 -0.357125
0.00104949 -0.356514
0.00105676 -0.355882
0.00106408 -0.355228
0.00107145 -0.354552
0.00107886 -0.353854
0.00108634 -0.353135
0.00109386 -0.352393
0.00110143 -0.351629
0.00110906 -0.350843
0.00111674 -0.350035
0.00112447 -0.349205
0.00113226 -0.348352
0.0011401 -0.347477
0.001148 -0.346579
0.00115594 -0.345659
0.00116395 -0.344716
0.00117201 -0.34375
0.00118013 -0.342762
0.0011883 -0.341751
0.00119653 -0.340717
0.00120481 -0.33966
0.00121315 -0.33858
0.00122156 -0.337477
0.00123001 -0.336351
0.00123853 -0.335201
0.00124711 -0.334028
0.00125574 -0.332832
0.00126444 -0.331613
0.0012732 -0.33037
0.00128201 -0.329104
0.00129089 -0.327814
0.00129983 -0.3265
0.00130883 -0.325163
0.00131789 -0.323802
0.00132702 -0.322417
0.00133621 -0.321008
0.00134546 -0.319575
0.00135478 -0.318119
0.00136416 -0.316638
0.00137361 -0.315133
0.00138312 -0.313604
0.0013927 -0.312051
0.00140234 -0.310474
0.00141205 -0.308872
0.00142183 -0.307246
0.00143167 -0.305595
0.00144159 -0.30392
0.00145157 -0.302221
0.00146162 -0.300497
0.00147174 -0.298748
0.00148194 -0.296975
0.0014922 -0.295177
0.00150253 -0.293355
0.00151293 -0.291507
0.00152341 -0.289635
0.00153396 -0.287738
0.00154458 -0.285816
0.00155528 -0.283869
0.00156605 -0.281896
0.00157689 -0.279899
0.00158781 -0.277877
0.00159881 -0.27583
0.00160988 -0.273758
0.00162103 -0.27166
0.00163225 -0.269537
0.00164355 -0.267389
0.00165494 -0.265216
0.0016664 -0.263017
0.00167794 -0.260793
0.00168955 -0.258544
0.00170125 -0.256269
0.00171303 -0.253969
0.0017249 -0.251643
0.00173684 -0.249292
0.00174887 -0.246915
0.00176098 -0.244513
0.00177317 -0.242085
0.00178545 -0.239632
0.00179782 -0.237153
0.00181027 -0.234649
0.0018228 -0.232118
0.00183542 -0.229563
0.00184813 -0.226981
0.00186093 -0.224374
0.00187382 -0.221742
0.00188679 -0.219083
0.00189986 -0.216399
0.00191301 -0.213689
0.00192626 -0.210954
0.0019396 -0.208192
0.00195303 -0.205405
0.00196656 -0.202593
0.00198017 -0.199754
0.00199389 -0.19689
0.00200769 -0.194
0.0020216 -0.191085
0.00203559 -0.188144
0.00204969 -0.185177
0.00206388 -0.182184
0.00207818 -0.179166
0.00209257 -0.176122
0.00210706 -0.173052
0.00212165 -0.169957
0.00213634 -0.166836
0.00215113 -0.163689
0.00216603 -0.160517
0.00218103 -0.157319
0.00219613 -0.154096
0.00221134 -0.150847
0.00222665 -0.147573
0.00224207 -0.144273
0.0022576 -0.140948
0.00227323 -0.137598
0.00228897 -0.134222
0.00230482 -0.13082
0.00232078 -0.127394
0.00233685 -0.123942
0.00235303 -0.120465
0.00236933 -0.116963
0.00238574 -0.113435
0.00240226 -0.109883
0.00241889 -0.106305
0.00243564 -0.102703
0.00245251 -0.099075
0.00246949 -0.0954226
0.00248659 -0.0917453
0.00250381 -0.0880432
0.00252115 -0.0843164
0.00253861 -0.0805649
0.00255619 -0.0767888
0.00257389 -0.0729882
0.00259171 -0.0691631
0.00260966 -0.0653135
0.00262773 -0.0614396
0.00264592 -0.0575415
0.00266425 -0.0536191
0.0026827 -0.0496726
0.00270127 -0.0457021
0.00271998 -0.0417075
0.00273881 -0.0376891
0.00275778 -0.0336469
0.00277688 -0.029581
0.0027961 -0.0254914
0.00281547 -0.0213783
0.00283496 -0.0172417
0.00285459 -0.0130818
0.00287436 -0.00889856
0.00289427 -0.00469218
0.00291431 -0.000462723
0.00293449 0.0037897
0.00295481 0.00806499
0.00297527 0.0123631
0.00299587 0.0166838
0.00301662 0.021027
0.00303751 0.0253927
0.00305854 0.0297807
0.00307972 0.034191
0.00310105 0.0386233
0.00312252 0.0430776
0.00314414 0.0475537
0.00316592 0.0520516
0.00318784 0.0565711
0.00320991 0.061112
0.00323214 0.0656743
0.00325452 0.0702578
0.00327706 0.0748624
0.00329975 0.0794879
0.0033226 0.0841342
0.00334561 0.0888012
0.00336878 0.0934887
0.00339211 0.0981967
0.0034156 0.102925
0.00343925 0.107673
0.00346306 0.112441
0.00348704 0.117229
0.00351119 0.122037
0.00353551 0.126864
0.00355999 0.13171
0.00358464 0.136576
0.00360946 0.14146
0.00363446 0.146364
0.00365962 0.151286
0.00368497 0.156226
0.00371048 0.161185
0.00373618 0.166162
0.00376205 0.171158
0.0037881 0.17617
0.00381433 0.181201
0.00384075 0.186249
0.00386734 0.191314
0.00389412 0.196397
0.00392109 0.201496
0.00394824 0.206612
0.00397558 0.211745
0.00400311 0.216894
0.00403083 0.222059
0.00405874 0.22724
0.00408685 0.232437
0.00411515 0.237649
0.00414365 0.242877
0.00417234 0.24812
0.00420123 0.253378
0.00423032 0.258651
0.00425962 0.263938
0.00428911 0.26924
0.00431882 0.274556
0.00434872 0.279886
0.00437884 0.285229
0.00440916 0.290587
0.00443969 0.295957
0.00447043 0.301341
0.00450139 0.306737
0.00453256 0.312146
0.00456395 0.317568
0.00459555 0.323002
0.00462737 0.328448
0.00465942 0.333905
0.00469168 0.339375
0.00472417 0.344855
0.00475689 0.350347
0.00478983 0.35585
0.00482299 0.361363
0.00485639 0.366886
0.00489002 0.37242
0.00492388 0.377964
0.00495798 0.383518
0.00499231 0.389081
0.00502688 0.394653
0.00506169 0.400234
0.00509674 0.405825
0.00513204 0.411423
0.00516757 0.41703
0.00520336 0.422645
0.00523939 0.428268
0.00527567 0.433899
0.0053122 0.439537
0.00534899 0.445181
0.00538603 0.450833
0.00542333 0.456492
0.00546088 0.462156
0.0054987 0.467827
0.00553677 0.473504
0.00557511 0.479186
0.00561372 0.484874
0.00565259 0.490567
0.00569174 0.496265
0.00573115 0.501967
0.00577084 0.507674
0.0058108 0.513385
0.00585104 0.5191
0.00589155 0.524818
0.00593235 0.53054
0.00597343 0.536265
0.00601479 0.541992
0.00605645 0.547723
0.00609838 0.553456
0.00614061 0.55919
0.00618314 0.564927
0.00622595 0.570666
0.00626907 0.576405
0.00631248 0.582146
0.00635619 0.587888
0.0064002 0.59363
0.00644452 0.599373
0.00648915 0.605115
0.00653409 0.610858
0.00657933 0.6166
0.00662489 0.622342
0.00667077 0.628082
0.00671696 0.633822
0.00676347 0.63956
0.00681031 0.645296
0.00685747 0.651031
0.00690495 0.656763
0.00695277 0.662493
0.00700092 0.66822
0.0070494 0.673944
0.00709821 0.679666
0.00714736 0.685383
0.00719686 0.691098
0.00724669 0.696808
0.00729687 0.702514
0.0073474 0.708216
0.00739828 0.713913
0.00744951 0.719605
0.0075011 0.725292
0.00755304 0.730974
0.00760534 0.73665
0.00765801 0.74232
0.00771104 0.747985
0.00776444 0.753643
0.0078182 0.759294
0.00787234 0.764939
0.00792685 0.770576
0.00798175 0.776207
0.00803702 0.78183
0.00809267 0.787445
0.00814871 0.793052
0.00820514 0.798651
0.00826196 0.804242
0.00831917 0.809824
0.00837678 0.815397
0.00843478 0.820961
0.00849319 0.826516
0.008552 0.832061
0.00861122 0.837596
0.00867086 0.843122
0.0087309 0.848637
0.00879136 0.854142
0.00885224 0.859636
0.00891353 0.86512
0.00897526 0.870592
0.00903741 0.876053
0.00909999 0.881503
0.00916301 0.886941
0.00922646 0.892367
0.00929035 0.897781
0.00935468 0.903183
0.00941946 0.908572
0.00948469 0.913949
0.00955037 0.919312
0.0096165 0.924663
0.00968309 0.93
0.00975014 0.935324
0.00981766 0.940634
0.00988564 0.94593
0.0099541 0.951212
0.010023 0.95648
0.0100924 0.961733
0.0101623 0.966972
0.0102327 0.972196
0.0103036 0.977405
0.0103749 0.982599
0.0104467 0.987777
0.0105191 0.99294
0.0105919 0.998087
0.0106653 1.00322
0.0107391 1.00833
0.0108135 1.01343
0.0108884 1.01852
0.0109638 1.02358
0.0110397 1.02863
0.0111161 1.03366
0.0111931 1.03868
0.0112706 1.04368
0.0113487 1.04866
0.0114273 1.05362
0.0115064 1.05857
0.0115861 1.0635
0.0116663 1.06841
0.0117471 1.0733
0.0118284 1.07817
0.0119103 1.08303
0.0119928 1.08787
0.0120759 1.09269
0.0121595 1.09748
0.0122437 1.10227
0.0123285 1.10703
0.0124138 1.11177
0.0124998 1.11649
0.0125864 1.1212
0.0126735 1.12588
0.0127613 1.13054
0.0128496 1.13519
0.0129386 1.13981
0.0130282 1.14442
0.0131184 1.149
0.0132093 1.15357
0.0133007 1.15811
0.0133929 1.16263
0.0134856 1.16713
0.013579 1.17162
0.013673 1.17608
0.0137677 1.18052
0.013863 1.18494
0.013959 1.18933
0.0140557 1.19371
0.014153 1.19806
0.014251 1.2024
0.0143497 1.20671
0.0144491 1.211
0.0145491 1.21527
0.0146499 1.21952
0.0147513 1.22374
0.0148535 1.22794
0.0149563 1.23212
0.0150599 1.23628
0.0151642 1.24042
0.0152692 1.24453
0.0153749 1.24862
0.0154814 1.25269
0.0155886 1.25674
0.0156965 1.26076
0.0158052 1.26477
0.0159147 1.26874
0.0160249 1.2727
0.0161359 1.27663
0.0162476 1.28054
0.0163601 1.28443
0.0164734 1.28829
0.0165875 1.29213
0.0167023 1.29595
0.016818 1.29975
0.0169345 1.30352
0.0170517 1.30726
0.0171698 1.31099
0.0172887 1.31469
0.0174084 1.31837
0.017529 1.32202
0.0176503 1.32565
0.0177726 1.32926
0.0178956 1.33284
0.0180196 1.3364
0.0181443 1.33993
0.01827 1.34344
0.0183965 1.34693
0.0185239 1.3504
0.0186522 1.35383
0.0187813 1.35725
0.0189114 1.36064
0.0190423 1.36401
0.0191742 1.36735
0.019307 1.37067
0.0194407 1.37397
0.0195753 1.37724
0.0197108 1.38049
0.0198473 1.38371
0.0199848 1.38691
0.0201232 1.39008
0.0202625 1.39323
0.0204028 1.39636
0.0205441 1.39946
0.0206864 1.40253
0.0208296 1.40559
0.0209739 1.40861
0.0211191 1.41162
0.0212653 1.4146
0.0214126 1.41755
0.0215609 1.42048
0.0217102 1.42339
0.0218605 1.42627
0.0220119 1.42912
0.0221643 1.43196
0.0223178 1.43476
0.0224723 1.43755
0.022628 1.44031
0.0227846 1.44304
0.0229424 1.44575
0.0231013 1.44843
0.0232613 1.45109
0.0234223 1.45373
0.0235845 1.45634
0.0237479 1.45893
0.0239123 1.46149
0.0240779 1.46403
0.0242446 1.46654
0.0244125 1.46903
0.0245816 1.47149
0.0247518 1.47393
0.0249232 1.47634
0.0250958 1.47873
0.0252695 1.48109
0.0254445 1.48343
0.0256207 1.48575
0.0257981 1.48804
0.0259768 1.49031
0.0261567 1.49255
0.0263378 1.49476
0.0265202 1.49696
0.0267038 1.49912
0.0268887 1.50127
0.0270749 1.50338
0.0272624 1.50548
0.0274512 1.50755
0.0276413 1.50959
0.0278327 1.51161
0.0280254 1.5136
0.0282195 1.51557
0.0284149 1.51752
0.0286117 1.51944
0.0288098 1.52134
0.0290093 1.52321
0.0292102 1.52505
0.0294125 1.52688
0.0296161 1.52867
0.0298212 1.53044
0.0300277 1.53219
0.0302357 1.53392
0.030445 1.53561
0.0306559 1.53729
0.0308681 1.53894
0.0310819 1.54056
0.0312971 1.54216
0.0315139 1.54374
0.0317321 1.54529
0.0319518 1.54681
0.0321731 1.54831
0.0323959 1.54979
0.0326202 1.55124
0.0328461 1.55267
0.0330735 1.55407
0.0333026 1.55545
0.0335332 1.5568
0.0337654 1.55813
0.0339992 1.55943
0.0342346 1.56071
0.0344717 1.56196
0.0347104 1.56319
0.0349508 1.5644
0.0351928 1.56558
0.0354365 1.56673
0.0356819 1.56786
0.035929 1.56897
0.0361778 1.57005
0.0364283 1.5711
0.0366805 1.57213
0.0369345 1.57314
0.0371903 1.57412
0.0374478 1.57507
0.0377071 1.576
0.0379682 1.57691
0.0382312 1.57779
0.0384959 1.57864
0.0387625 1.57947
0.0390309 1.58028
0.0393012 1.58106
0.0395733 1.58181
0.0398474 1.58254
0.0401233 1.58325
0.0404011 1.58393
0.0406809 1.58458
0.0409626 1.58521
0.0412463 1.58581
0.0415319 1.58639
0.0418195 1.58694
0.0421091 1.58747
0.0424007 1.58797
0.0426943 1.58845
0.0429899 1.5889
0.0432876 1.58932
0.0435874 1.58972
0.0438892 1.59009
0.0441931 1.59044
0.0444991 1.59076
0.0448073 1.59106
0.0451176 1.59133
0.04543 1.59157
0.0457446 1.59179
0.0460614 1.59198
0.0463803 1.59215
0.0467015 1.59229
0.0470249 1.5924
0.0473505 1.59248
0.0476784 1.59254
0.0480086 1.59258
0.048341 1.59258
0.0486758 1.59256
0.0490128 1.59252
0.0493522 1.59244
0.049694 1.59234
0.0500381 1.59222
0.0503846 1.59206
0.0507335 1.59188
0.0510848 1.59167
0.0514385 1.59143
0.0517947 1.59117
0.0521534 1.59088
0.0525146 1.59056
0.0528782 1.59021
0.0532444 1.58983
0.0536131 1.58943
0.0539843 1.589
0.0543582 1.58854
0.0547346 1.58805
0.0551136 1.58753
0.0554952 1.58699
0.0558795 1.58641
0.0562665 1.58581
0.0566561 1.58518
0.0570484 1.58452
0.0574435 1.58383
0.0578413 1.58311
0.0582418 1.58236
0.0586451 1.58158
0.0590512 1.58077
0.0594601 1.57993
0.0598719 1.57906
0.0602865 1.57816
0.0607039 1.57723
0.0611243 1.57626
0.0615476 1.57527
0.0619738 1.57425
0.0624029 1.57319
0.062835 1.5721
0.0632701 1.57099
0.0637083 1.56984
0.0641494 1.56865
0.0645936 1.56744
0.0650409 1.56619
0.0654913 1.56491
0.0659448 1.5636
0.0664015 1.56225
0.0668613 1.56087
0.0673243 1.55946
0.0677905 1.55801
0.0682599 1.55653
0.0687326 1.55501
0.0692086 1.55346
0.0696878 1.55188
0.0701704 1.55026
0.0706563 1.5486
0.0711456 1.54691
0.0716382 1.54518
0.0721343 1.54342
0.0726338 1.54161
0.0731368 1.53978
0.0736432 1.5379
0.0741532 1.53599
0.0746667 1.53404
0.0751837 1.53205
0.0757044 1.53002
0.0762286 1.52796
0.0767565 1.52585
0.077288 1.52371
0.0778232 1.52153
0.0783621 1.5193
0.0789047 1.51704
0.0794511 1.51473
0.0800013 1.51239
0.0805553 1.51
0.0811131 1.50757
0.0816748 1.5051
0.0822403 1.50258
0.0828098 1.50002
0.0833833 1.49742
0.0839607 1.49477
0.0845421 1.49208
0.0851275 1.48935
0.085717 1.48657
0.0863106 1.48374
0.0869082 1.48087
0.0875101 1.47795
0.088116 1.47498
0.0887262 1.47197
0.0893406 1.46891
0.0899593 1.4658
0.0905822 1.46264
0.0912095 1.45943
0.0918411 1.45617
0.092477 1.45286
0.0931174 1.4495
0.0937622 1.44608
0.0944115 1.44262
0.0950653 1.4391
0.0957236 1.43553
0.0963864 1.43191
0.0970539 1.42823
0.097726 1.4245
0.0984027 1.42071
0.0990841 1.41687
0.0997702 1.41297
0.100461 1.40901
0.101157 1.405
0.101857 1.40092
0.102563 1.39679
0.103273 1.3926
0.103988 1.38835
0.104708 1.38404
0.105433 1.37967
0.106163 1.37524
0.106898 1.37074
0.107639 1.36619
0.108384 1.36156
0.109134 1.35688
0.10989 1.35213
0.110651 1.34732
0.111417 1.34244
0.112189 1.33749
0.112966 1.33248
0.113748 1.3274
0.114536 1.32225
0.115329 1.31703
0.116127 1.31175
0.116932 1.30639
0.117741 1.30097
0.118557 1.29548
0.119378 1.28991
0.120204 1.28427
0.121037 1.27856
0.121875 1.27278
0.122719 1.26693
0.123569 1.261
0.124424 1.255
0.125286 1.24893
0.126153 1.24278
0.127027 1.23655
0.127907 1.23025
0.128792 1.22388
0.129684 1.21743
0.130582 1.21091
0.131486 1.2043
0.132397 1.19763
0.133314 1.19087
0.134237 1.18404
0.135167 1.17714
0.136103 1.17015
0.137045 1.16309
0.137994 1.15596
0.13895 1.14874
0.139912 1.14145
0.140881 1.13409
0.141856 1.12665
0.142838 1.11913
0.143828 1.11154
0.144824 1.10387
0.145826 1.09613
0.146836 1.08832
0.147853 1.08043
0.148877 1.07247
0.149908 1.06443
0.150946 1.05633
0.151991 1.04815
0.153044 1.03991
0.154103 1.03159
0.155171 1.02321
0.156245 1.01476
0.157327 1.00624
0.158416 0.997665
0.159513 0.989022
0.160618 0.980318
0.16173 0.971553
0.16285 0.962729
0.163978 0.953848
0.165113 0.944911
0.166257 0.935919
0.167408 0.926876
0.168567 0.917783
0.169735 0.908641
0.17091 0.899452
0.172093 0.89022
0.173285 0.880945
0.174485 0.87163
0.175693 0.862278
0.17691 0.852891
0.178135 0.843471
0.179369 0.834021
0.180611 0.824544
0.181861 0.815041
0.183121 0.805517
0.184389 0.795973
0.185666 0.786413
0.186951 0.776839
0.188246 0.767255
0.189549 0.757663
0.190862 0.748066
0.192184 0.738469
0.193514 0.728872
0.194854 0.719281
0.196204 0.709698
0.197562 0.700127
0.19893 0.69057
0.200308 0.681031
0.201695 0.671514
0.203092 0.662022
0.204498 0.652557
0.205914 0.643124
0.20734 0.633727
0.208776 0.624367
0.210222 0.61505
0.211677 0.605778
0.213143 0.596554
0.214619 0.587382
0.216105 0.578266
0.217602 0.569209
0.219109 0.560213
0.220626 0.551283
0.222154 0.542422
0.223692 0.533633
0.225241 0.524919
0.226801 0.516284
0.228371 0.50773
0.229953 0.499261
0.231545 0.49088
0.233148 0.48259
0.234763 0.474394
0.236389 0.466295
0.238025 0.458295
0.239674 0.450398
0.241333 0.442606
0.243005 0.434923
0.244687 0.42735
0.246382 0.419891
0.248088 0.412548
0.249806 0.405323
0.251536 0.398219
0.253277 0.391239
0.255031 0.384384
0.256797 0.377657
0.258576 0.37106
0.260366 0.364595
0.262169 0.358264
0.263984 0.352069
0.265813 0.346013
0.267653 0.340096
0.269507 0.334321
0.271373 0.32869
0.273252 0.323203
0.275144 0.317863
0.27705 0.31267
0.278968 0.307627
0.2809 0.302735
0.282845 0.297994
0.284804 0.293407
0.286776 0.288973
0.288762 0.284694
0.290761 0.280571
0.292775 0.276605
0.294802 0.272796
0.296843 0.269144
0.298899 0.265651
0.300969 0.262317
0.303053 0.259141
0.305151 0.256125
0.307265 0.253267
0.309392 0.250568
0.311535 0.248028
0.313692 0.245646
0.315864 0.243422
0.318052 0.241355
0.320254 0.239445
0.322472 0.237689
0.324705 0.236088
0.326953 0.23464
0.329217 0.233344
0.331497 0.232197
0.333792 0.231199
0.336104 0.230348
0.338431 0.22964
0.340775 0.229075
0.343135 0.228649
0.345511 0.22836
0.347903 0.228206
0.350312 0.228182
0.352738 0.228287
0.355181 0.228516
0.35764 0.228866
0.360117 0.229334
0.362611 0.229915
0.365122 0.230606
0.36765 0.231402
0.370196 0.232299
0.372759 0.233292
0.375341 0.234377
0.37794 0.235548
0.380557 0.236802
0.383192 0.238132
0.385846 0.239534
0.388518 0.241002
0.391208 0.24253
0.393917 0.244115
0.396645 0.245748
0.399391 0.247426
0.402157 0.249143
0.404942 0.250892
0.407746 0.252668
0.410569 0.254466
0.413413 0.256279
0.416275 0.258102
0.419158 0.259929
0.42206 0.261755
0.424983 0.263574
0.427926 0.265381
0.430889 0.267171
0.433873 0.268937
0.436877 0.270676
0.439903 0.272381
0.442949 0.274049
0.446016 0.275674
0.449105 0.277253
0.452215 0.27878
0.455346 0.280251
0.458499 0.281663
0.461674 0.283011
0.464871 0.284292
0.46809 0.285504
0.471332 0.286641
0.474596 0.287702
0.477882 0.288684
0.481191 0.289584
0.484523 0.2904
0.487879 0.291129
0.491257 0.29177
0.494659 0.292321
0.498084 0.292781
0.501533 0.293147
0.505006 0.29342
0.508503 0.293598
0.512024 0.293681
0.51557 0.293667
0.51914 0.293556
0.522735 0.293349
0.526355 0.293045
0.53 0.292644
0.53367 0.292147
0.537365 0.291553
0.541087 0.290864
0.544833 0.29008
0.548606 0.289201
0.552405 0.288229
0.55623 0.287164
0.560082 0.286008
0.563961 0.284762
0.567866 0.283426
0.571798 0.282003
0.575758 0.280493
0.579745 0.278898
0.583759 0.277219
0.587802 0.275458
0.591872 0.273617
0.595971 0.271696
0.600097 0.269698
0.604253 0.267624
0.608437 0.265475
0.61265 0.263254
0.616893 0.260962
0.621165 0.2586
0.625466 0.256171
0.629797 0.253676
0.634158 0.251116
0.63855 0.248494
0.642972 0.24581
0.647424 0.243067
0.651907 0.240266
0.656422 0.237408
0.660967 0.234495
0.665544 0.231529
0.670153 0.228512
0.674793 0.225443
0.679466 0.222326
0.684171 0.219162
0.688909 0.215951
0.693679 0.212695
0.698483 0.209395
0.70332 0.206054
0.70819 0.202671
0.713094 0.199249
0.718032 0.195788
0.723004 0.192289
0.728011 0.188754
0.733052 0.185184
0.738128 0.18158
0.74324 0.177943
0.748386 0.174273
0.753569 0.170572
0.758787 0.166841
0.764041 0.16308
0.769332 0.159291
0.77466 0.155474
0.780024 0.15163
0.785425 0.14776
0.790864 0.143864
0.796341 0.139944
0.801855 0.136
0.807408 0.132032
0.812999 0.128042
0.818629 0.124029
0.824297 0.119995
0.830005 0.11594
0.835753 0.111865
0.84154 0.107769
0.847368 0.103654
0.853236 0.0995203
0.859144 0.0953679
0.865093 0.0911973
0.871084 0.0870091
0.877116 0.0828035
0.88319 0.078581
0.889305 0.0743419
0.895464 0.0700865
0.901664 0.0658152
0.907908 0.0615282
0.914195 0.0572259
0.920526 0.0529084
0.9269 0.0485761
0.933319 0.0442293
0.939782 0.039868
0.946289 0.0354925
0.952842 0.0311031
0.95944 0.0266999
0.966084 0.0222831
0.972774 0.0178528
0.97951 0.0134092
0.986293 0.00895247
0.993123 0.0044827
