1e-07 1.2300305 1.2515452 -0.64775795 41.591923 1.6272506 1.9036862
1.0715193052376071e-07 1.2286221 1.248099 -0.6305507 41.337215 1.6251582 1.8996494
1.1481536214968817e-07 1.2271956 1.244632 -0.6131396 41.08129 1.6230423 1.8955913
1.2302687708123812e-07 1.2257499 1.2411451 -0.59551287 40.824196 1.6208999 1.8915113
1.3182567385564074e-07 1.2242852 1.2376384 -0.57766706 40.56594 1.6187339 1.8874103
1.4125375446227555e-07 1.2228013 1.2341115 -0.5596096 40.306423 1.6165413 1.883288
1.5135612484362072e-07 1.2212968 1.2305646 -0.5413303 40.045677 1.6143227 1.879145
1.6218100973589298e-07 1.2197725 1.2269992 -0.52283144 39.783657 1.6120778 1.8749801
1.7378008287493765e-07 1.218228 1.2234145 -0.5041086 39.520332 1.6098081 1.8707955
1.8620871366628656e-07 1.2166619 1.2198105 -0.48516473 39.255665 1.6075096 1.8665892
1.9952623149688787e-07 1.215075 1.2161876 -0.4659916 38.98964 1.6051849 1.8623626
2.1379620895022324e-07 1.2134663 1.212546 -0.4465895 38.722214 1.6028317 1.8581152
2.2908676527677748e-07 1.2118349 1.2088861 -0.42695618 38.453358 1.6004514 1.8538474
2.4547089156850283e-07 1.2101812 1.2052078 -0.40709358 38.18303 1.598042 1.8495594
2.6302679918953816e-07 1.2085052 1.2015114 -0.38699567 37.911198 1.5956043 1.8452511
2.818382931264455e-07 1.2068048 1.1977965 -0.36665034 37.637867 1.5931382 1.8409219
3.019951720402019e-07 1.2050809 1.1940641 -0.3460695 37.36294 1.590642 1.8365734
3.235936569296281e-07 1.2033334 1.1903133 -0.32524997 37.086372 1.5881164 1.8322042
3.4673685045253164e-07 1.2015609 1.1865453 -0.30418137 36.80818 1.5855603 1.8278149
3.715352290971728e-07 1.199763 1.1827592 -0.28286847 36.528236 1.5829742 1.8234057
3.981071705534969e-07 1.1979396 1.1789548 -0.26130253 36.24656 1.5803572 1.8189775
4.2657951880159254e-07 1.1960901 1.1751337 -0.2394849 35.9631 1.5777087 1.8145291
4.5708818961487516e-07 1.1942146 1.1712947 -0.21741207 35.677788 1.5750278 1.8100603
4.897788193684457e-07 1.1923119 1.1674374 -0.19508088 35.3906 1.5723168 1.8055723
5.248074602497723e-07 1.1903815 1.1635627 -0.17249061 35.101456 1.5695719 1.8010648
5.62341325190349e-07 1.188424 1.1596704 -0.1496355 34.81033 1.5667946 1.7965381
6.025595860743581e-07 1.1864372 1.1557598 -0.1265151 34.517185 1.563984 1.7919912
6.45654229034655e-07 1.184422 1.1518312 -0.103127286 34.221954 1.5611391 1.7874252
6.918309709189363e-07 1.1823767 1.1478845 -0.07946993 33.924557 1.5582596 1.7828393
7.413102413009177e-07 1.1803024 1.1439196 -0.05553505 33.62501 1.5553465 1.7782351
7.943282347242822e-07 1.1781962 1.1399359 -0.031329516 33.323204 1.5523977 1.773611
8.511380382023759e-07 1.1760597 1.1359335 -0.006845398 33.019104 1.5494134 1.7689668
9.120108393559096e-07 1.1738913 1.1319119 0.017918434 32.71268 1.5463934 1.7643042
9.77237220955811e-07 1.1716914 1.127871 0.04296791 32.403893 1.5433366 1.7596215
1.0471285480508985e-06 1.1694585 1.1238099 0.068297535 32.092617 1.5402427 1.7549196
1.122018454301963e-06 1.1671923 1.1197292 0.093915254 31.7789 1.5371114 1.7501981
1.2022644346174132e-06 1.1648926 1.1156274 0.11982304 31.462646 1.5339432 1.7454575
1.2882495516931322e-06 1.1625581 1.1115048 0.14601742 31.143839 1.5307356 1.7406973
1.3803842646028838e-06 1.1601897 1.1073608 0.17250587 30.822422 1.5274901 1.7359177
1.479108388168207e-06 1.1577858 1.1031944 0.19928616 30.498358 1.5242047 1.7311176
1.584893192461114e-06 1.155345 1.099005 0.22636044 30.17161 1.5208793 1.7262981
1.698243652461746e-06 1.1528692 1.0947926 0.25373337 29.842167 1.5175148 1.7214593
1.8197008586099826e-06 1.1503559 1.0905555 0.28140643 29.509983 1.5141089 1.7166002
1.9498445997580454e-06 1.1478057 1.0862938 0.30937594 29.175045 1.5106621 1.7117213
2.0892961308540407e-06 1.145218 1.0820061 0.33764303 28.83734 1.5071727 1.7068224
2.2387211385683376e-06 1.1425918 1.0776922 0.36621097 28.496857 1.5036421 1.7019032
2.3988329190194897e-06 1.1399276 1.0733504 0.3950764 28.153582 1.5000685 1.6969646
2.5703957827688647e-06 1.1372241 1.0689807 0.42424762 27.807549 1.4964508 1.6920053
2.7542287033381634e-06 1.1344817 1.0645814 0.45371467 27.458744 1.4927899 1.6870257
2.951209226666384e-06 1.1316997 1.0601513 0.48348346 27.107183 1.489084 1.682026
3.162277660168379e-06 1.1288785 1.05569 0.5135542 26.752937 1.4853331 1.6770062
3.3884415613920275e-06 1.1260167 1.0511957 0.5439174 26.396 1.4815369 1.6719661
3.6307805477010175e-06 1.1231159 1.0466675 0.57458025 26.03646 1.4776943 1.6669055
3.890451449942805e-06 1.1201739 1.042104 0.60553855 25.674376 1.4738041 1.6618253
4.168693834703355e-06 1.1171917 1.0375037 0.6367898 25.309813 1.4698663 1.6567245
4.466835921509635e-06 1.1141688 1.032866 0.6683341 24.942892 1.4658796 1.6516035
4.78630092322638e-06 1.1111048 1.0281892 0.70015943 24.57371 1.4618437 1.6464626
5.128613839913648e-06 1.1080008 1.0234714 0.73227155 24.202383 1.4577593 1.6413018
5.4954087385762485e-06 1.1048564 1.0187117 0.76466405 23.829113 1.4536233 1.6361206
5.888436553555884e-06 1.1016695 1.0139084 0.7973275 23.454006 1.4494355 1.6309191
6.30957344480193e-06 1.098443 1.0090599 0.83025986 23.077295 1.4451963 1.6256987
6.760829753919819e-06 1.0951759 1.0041652 0.86345285 22.699183 1.4409032 1.6204579
7.2443596007498914e-06 1.0918671 0.9992221 0.89690435 22.319918 1.436556 1.6151971
7.76247116628691e-06 1.0885175 0.9942297 0.9305928 21.93975 1.4321557 1.609917
8.31763771102671e-06 1.0851276 0.98918587 0.9645185 21.558977 1.4276997 1.6046166
8.91250938133746e-06 1.081696 0.9840896 0.9986662 21.17793 1.4231871 1.5992967
9.549925860214369e-06 1.078225 0.9789391 1.033031 20.796984 1.4186188 1.5939574
1.0232929922807536e-05 1.0747123 0.9737327 1.0675952 20.416515 1.4139926 1.5885984
1.0964781961431852e-05 1.0711595 0.9684695 1.1023469 20.036928 1.4093072 1.5832205
1.1748975549395302e-05 1.0675664 0.9631475 1.1372703 19.658712 1.4045627 1.5778229
1.2589254117941661e-05 1.0639328 0.95776564 1.1723471 19.282347 1.3997583 1.572406
1.3489628825916533e-05 1.0602597 0.95232195 1.2075667 18.908394 1.3948933 1.5669708
1.445439770745928e-05 1.0565464 0.9468157 1.2429053 18.53742 1.389966 1.5615171
1.5488166189124797e-05 1.0527946 0.941246 1.2783523 18.170061 1.3849772 1.5560448
1.6595869074375598e-05 1.0490031 0.93561107 1.3138827 17.80701 1.3799255 1.5505552
1.778279410038923e-05 1.0451734 0.9299094 1.3494731 17.448902 1.3748107 1.5450476
1.9054607179632443e-05 1.0413057 0.92414033 1.3851101 17.096579 1.3696328 1.539524
2.0417379446695318e-05 1.0374002 0.91830325 1.4207584 16.750778 1.3643925 1.5339833
2.187761623949552e-05 1.0334588 0.91239685 1.4564073 16.412361 1.3590912 1.528427
2.344228815319923e-05 1.0294801 0.9064206 1.4920242 16.082203 1.3537278 1.5228554
2.5118864315095822e-05 1.0254662 0.9003732 1.5275859 15.761203 1.3483065 1.5172685
2.691534803926914e-05 1.0214173 0.89425445 1.5630609 15.450287 1.342827 1.5116667
2.8840315031266056e-05 1.0173343 0.8880636 1.5984317 15.150441 1.3372933 1.5060503
3.090295432513592e-05 1.0132183 0.8818003 1.6336648 14.862622 1.3317071 1.500419
3.3113112148259076e-05 1.0090693 0.87546355 1.6687288 14.587796 1.3260713 1.4947734
3.5481338923357534e-05 1.0048897 0.8690541 1.7035922 14.326931 1.3203894 1.4891138
3.8018939632056124e-05 1.0006793 0.8625711 1.7382379 14.080982 1.3146623 1.4834397
4.073802778041122e-05 0.9964404 0.8560146 1.7726157 13.850827 1.3088936 1.4777519
4.3651583224016566e-05 0.99217355 0.8493849 1.8067086 13.637327 1.3030853 1.4720496
4.677351412871981e-05 0.9878802 0.8426816 1.840475 13.44125 1.297238 1.4663346
5.011872336272715e-05 0.9835623 0.83590615 1.8738881 13.263259 1.2913545 1.4606086
5.3703179637025325e-05 0.9792211 0.82905793 1.9069186 13.103924 1.2854348 1.4548708
5.7543993733715664e-05 0.97485805 0.8221382 1.9395223 12.963682 1.2794812 1.4491235
6.165950018614822e-05 0.9704746 0.81514764 1.9716773 12.842794 1.2734926 1.4433681
6.606934480075965e-05 0.96607363 0.8080871 2.0033393 12.741392 1.2674701 1.4376066
7.079457843841373e-05 0.9616546 0.8009574 2.0344791 12.65941 1.2614151 1.4318404
7.585775750291836e-05 0.9572216 0.7937598 2.0650656 12.596614 1.2553271 1.426071
8.128305161640995e-05 0.9527742 0.7864949 2.0950608 12.552583 1.2492067 1.4203013
8.709635899560796e-05 0.9483161 0.77916396 2.1244268 12.526726 1.243055 1.414532
9.332543007969905e-05 0.9438462 0.7717675 2.1531346 12.518248 1.2368724 1.4087653
0.0001 0.9393681 0.7643063 2.181144 12.526216 1.2306588 1.4030036
0.00010715193052376059 0.9348832 0.7567805 2.2084212 12.549541 1.224415 1.3972481
0.0001148153621496883 0.93039215 0.7491903 2.2349308 12.587 1.2181431 1.3914999
0.0001230268770812381 0.9258968 0.7415348 2.260632 12.63726 1.211842 1.3857611
0.00013182567385564074 0.92139876 0.73381335 2.2854874 12.698894 1.2055131 1.3800327
0.0001412537544622754 0.9168988 0.72602415 2.309461 12.770386 1.1991577 1.3743148
0.00015135612484362072 0.9123984 0.7181642 2.33252 12.850171 1.192776 1.3686091
0.00016218100973589298 0.90789855 0.7102305 2.3546124 12.936663 1.1863698 1.362915
0.00017378008287493744 0.9034009 0.70221853 2.3756983 13.02827 1.1799381 1.3572338
0.00018620871366628676 0.8989054 0.69412255 2.395743 13.123348 1.1734838 1.3515648
0.00019952623149688788 0.89441335 0.6859355 2.4146938 13.22029 1.1670059 1.3459057
0.00021379620895022324 0.8899245 0.6776493 2.432508 13.317509 1.1605048 1.3402569
0.00022908676527677723 0.88543993 0.669255 2.4491339 13.413432 1.1539814 1.3346174
0.00024547089156850286 0.8809597 0.6607415 2.4645178 13.506545 1.1474365 1.3289833
0.00026302679918953814 0.8764839 0.6520978 2.4786263 13.595287 1.1408685 1.323354
0.00028183829312644523 0.87201196 0.6433119 2.4913795 13.67833 1.13428 1.3177266
0.0003019951720402016 0.8675438 0.63437176 2.5027387 13.754207 1.1276685 1.3120998
0.0003235936569296281 0.8630804 0.62526643 2.5126538 13.82157 1.1210358 1.3064702
0.0003467368504525317 0.85862154 0.61598647 2.5210617 13.879184 1.1143827 1.3008366
0.0003715352290971724 0.8541679 0.6065265 2.5279248 13.925801 1.107709 1.2951994
0.0003981071705534969 0.84972215 0.5968846 2.533198 13.960277 1.1010181 1.2895573
0.00042657951880159257 0.84528756 0.5870654 2.536855 13.981478 1.0943117 1.2839123
0.0004570881896148747 0.84086883 0.57708 2.5388715 13.988439 1.0875962 1.2782676
0.0004897788193684461 0.8364733 0.5669474 2.5392513 13.980155 1.0808778 1.272628
0.0005248074602497723 0.8321105 0.5566924 2.5379987 13.955746 1.0741638 1.2669972
0.0005623413251903491 0.82779104 0.5463467 2.535148 13.914366 1.067466 1.2613822
0.0006025595860743575 0.823529 0.5359447 2.5307395 13.855256 1.0607947 1.2557863
0.0006456542290346556 0.81933844 0.5255219 2.524825 13.777652 1.0541644 1.2502141
0.0006918309709189362 0.81523496 0.5151126 2.5174568 13.680961 1.0475885 1.244667
0.000741310241300917 0.8112346 0.5047472 2.5086982 13.564577 1.0410815 1.2391448
0.0007943282347242813 0.8073521 0.49445203 2.4985976 13.427978 1.0346564 1.2336442
0.0008511380382023759 0.80360276 0.48424822 2.4872184 13.270647 1.0283262 1.2281605
0.0009120108393559096 0.7999989 0.47415304 2.4745884 13.092256 1.0221046 1.2226877
0.0009772372209558102 0.7965519 0.46418157 2.4607425 12.892507 1.0160005 1.217218
0.0010471285480508985 0.7932736 0.45434707 2.4457083 12.671168 1.0100254 1.2117432
0.001122018454301963 0.7901733 0.44466358 2.4295053 12.428171 1.0041878 1.206256
0.001202264434617413 0.7872611 0.43514505 2.4121428 12.163556 0.99849725 1.2007478
0.0012882495516931324 0.7845468 0.42580655 2.3936431 11.877481 0.9929626 1.1952106
0.0013803842646028838 0.7820402 0.41666427 2.3740256 11.570179 0.9875934 1.1896358
0.0014791083881682072 0.77975106 0.40773457 2.353323 11.242085 0.98239845 1.1840163
0.001584893192461114 0.7776911 0.39903367 2.3315618 10.8937645 0.97738856 1.1783434
0.0016982436524617425 0.7758726 0.3905769 2.3087933 10.525887 0.9725748 1.1726079
0.0018197008586099826 0.77430886 0.38237777 2.2850664 10.139356 0.9679689 1.1668017
0.0019498445997580456 0.77301425 0.37444738 2.2604444 9.735184 0.9635832 1.1609143
0.0020892961308540407 0.772004 0.36679408 2.235017 9.31454 0.95943093 1.1549348
0.0022387211385683377 0.77129537 0.3594227 2.208867 8.8787775 0.95552737 1.148854
0.00239883291901949 0.77090526 0.35233492 2.1820815 8.429521 0.95188504 1.1426594
0.0025703957827688645 0.7708522 0.34552884 2.1547866 7.968445 0.9485221 1.1363393
0.0027542287033381634 0.7711566 0.33899882 2.1270819 7.497623 0.9454525 1.1298809
0.0029512092266663842 0.7718386 0.3327363 2.0991101 7.0191646 0.942694 1.1232717
0.0031622776601683794 0.77291954 0.32672998 2.0710049 6.535554 0.9402629 1.116499
0.0033884415613920273 0.7744229 0.32096556 2.0429068 6.0495796 0.9381777 1.1095499
0.00363078054770101 0.77637017 0.31542826 2.014969 5.5643306 0.93645597 1.1024106
0.003890451449942805 0.77878624 0.31009996 1.9873381 5.083434 0.9351162 1.095068
0.004168693834703355 0.7816945 0.30496305 1.9601864 4.610964 0.9341761 1.0875084
0.004466835921509625 0.7851212 0.29999924 1.9336735 4.1518555 0.9336558 1.0797194
0.00478630092322638 0.78909034 0.29518992 1.9079597 3.7121468 0.9335739 1.0716871
0.005128613839913648 0.7936278 0.29051718 1.8832135 3.2992313 0.93395025 1.0633976
0.005495408738576248 0.79876053 0.28596413 1.8595995 2.922515 0.9348041 1.0548382
0.005888436553555884 0.8045126 0.28151453 1.8372885 2.5937257 0.93615395 1.0459962
0.00630957344480193 0.81091195 0.27715352 1.8164418 2.3267899 0.9380207 1.0368572
0.006760829753919818 0.81798255 0.2728676 1.7972097 2.1360245 0.940422 1.027409
0.007244359600749891 0.8257502 0.26864487 1.7797514 2.031623 0.94337726 1.0176377
0.007762471166286911 0.83423924 0.26447463 1.7642121 2.0140676 0.94690394 1.0075299
0.008317637711026709 0.8434748 0.2603476 1.7507315 2.0717924 0.9510201 0.99707365
0.008912509381337459 0.85348 0.25625578 1.7394391 2.1849506 0.95574236 0.98625463
0.00954992586021435 0.8642757 0.25219202 1.730455 2.3320622 0.96108496 0.97506106
0.010232929922807537 0.87588304 0.24814986 1.7238779 2.4944625 0.96706206 0.9634809
0.01096478196143185 0.88831925 0.24412362 1.7197886 2.6576579 0.9736846 0.95150214
0.01174897554939528 0.90160143 0.2401077 1.7182547 2.811019 0.980963 0.9391158
0.012589254117941661 0.915742 0.23609683 1.7193205 2.9468653 0.9889019 0.9263117
0.013489628825916533 0.9307493 0.23208563 1.722994 3.0596962 0.9975069 0.9130832
0.01445439770745928 0.9466277 0.22806852 1.7292528 3.1456242 1.0067744 0.8994238
0.015488166189124795 0.96337664 0.22403966 1.7380455 3.202034 1.0167009 0.88533175
0.016595869074375595 0.9809878 0.2199934 1.7492679 3.2272468 1.0272735 0.8708061
0.01778279410038923 0.99944574 0.2159233 1.7627738 3.2204442 1.0384765 0.8558493
0.019054607179632442 1.0187259 0.2118237 1.7783638 3.1815653 1.050284 0.8404673
0.020417379446695274 1.0387931 0.20768844 1.7957784 3.1111543 1.0626647 0.8246692
0.02187761623949552 1.0596008 0.20351239 1.8147005 3.0104914 1.0755774 0.80846816
0.023442288153199226 1.0810905 0.1992907 1.8347439 2.8813767 1.0889703 0.79188025
0.02511886431509577 1.1031876 0.19501986 1.855466 2.7262812 1.1027831 0.7749255
0.02691534803926914 1.1258041 0.19069767 1.8763438 2.5481124 1.1169424 0.7576275
0.028840315031266057 1.1488379 0.18632354 1.8968017 2.3503203 1.1313653 0.74001366
0.03090295432513592 1.1721674 0.18189923 1.9162021 2.1368861 1.1459538 0.7221139
0.03311311214825908 1.1956598 0.17742905 1.9338602 1.9122351 1.1606004 0.7039613
0.03548133892335753 1.2191656 0.17292057 1.9490391 1.6810268 1.1751803 0.6855892
0.038018939632056124 1.2425257 0.16838554 1.960987 1.4485382 1.1895509 0.6670298
0.04073802778041122 1.2655735 0.16384374 1.9689085 1.2203832 1.2035398 0.6483087
0.04365158322401656 1.2881447 0.15932688 1.9719942 1.0029972 1.216928 0.62944007
0.046773514128719815 1.3100799 0.15488692 1.9694251 0.80424803 1.2294468 0.61046284
0.05011872336272725 1.3312004 0.1505786 1.960529 0.6346449 1.2408876 0.5915506
0.053703179637025214 1.3512589 0.14637206 1.9450374 0.50783265 1.251323 0.5729622
0.057543993733715666 1.3699776 0.14212358 1.9229542 0.43694568 1.2609665 0.55466413
0.06165950018614822 1.3871537 0.13776264 1.894151 0.42345017 1.2697757 0.536481
0.0660693448007595 1.4026529 0.13333985 1.8584356 0.44915584 1.277505 0.5184322
0.07079457843841373 1.4163513 0.12892203 1.8158203 0.4891329 1.2839265 0.50063586
0.07585775750291836 1.42813 0.12455057 1.766569 0.52573246 1.288877 0.4832085
0.08128305161640995 1.4378777 0.120249055 1.7111795 0.5497998 1.2922447 0.46625
0.08709635899560797 1.4454957 0.11603399 1.6502799 0.55770844 1.2939454 0.44985414
0.09332543007969905 1.4508973 0.11192077 1.5845889 0.54906654 1.2939092 0.43411374
0.1 1.454004 0.10792676 1.5148655 0.5253537 1.292075 0.419122
0.1 1.454004 0.10792676 1.5148655 0.5253537 1.292075 0.419122
0.101 1.4542581 0.10736249 1.5045367 0.5208401 1.2916598 0.41702956
0.10200000000000001 1.4544603 0.10680654 1.494245 0.51611173 1.2912096 0.41497523
0.10300000000000001 1.4546138 0.10625904 1.4839978 0.5111903 1.2907271 0.41295826
0.10400000000000001 1.4547179 0.105719715 1.4737923 0.50609285 1.2902119 0.41097802
0.10500000000000001 1.4547745 0.105188504 1.4636322 0.50083643 1.2896647 0.40903375
0.10600000000000001 1.4547845 0.10466526 1.453519 0.49541965 1.2890874 0.40712503
0.10700000000000001 1.454749 0.1041499 1.4434559 0.48987025 1.2884794 0.40525118
0.10800000000000001 1.4546694 0.10364233 1.4334459 0.48419374 1.287843 0.4034114
0.10900000000000001 1.4545465 0.10314241 1.4234886 0.47839034 1.2871773 0.40160522
0.11 1.4543812 0.10265003 1.4135853 0.4724999 1.2864842 0.39983213
0.111 1.4541733 0.10216514 1.4037396 0.46651164 1.2857634 0.39809158
0.112 1.4539268 0.10168757 1.3939532 0.46043214 1.2850158 0.3963829
0.113 1.453639 0.101217374 1.3842287 0.45428005 1.2842427 0.39470536
0.114 1.4533125 0.10075423 1.3745623 0.44807294 1.2834436 0.39305872
0.115 1.4529485 0.10029815 1.3649577 0.44180986 1.2826196 0.39144242
0.116 1.4525478 0.09984917 1.3554188 0.43549183 1.2817711 0.38985547
0.117 1.4521103 0.09940704 1.3459479 0.42913544 1.2809 0.38829777
0.11800000000000001 1.4516361 0.098971754 1.3365391 0.42275658 1.2800043 0.38676864
0.11900000000000001 1.4511275 0.09854318 1.3272008 0.41635787 1.2790861 0.3852676
0.12000000000000001 1.4505848 0.0981213 1.3179265 0.40994146 1.278145 0.3837943
0.12100000000000001 1.4500074 0.097706 1.308724 0.4035242 1.2771827 0.3823478
0.122 1.4493982 0.09729724 1.2995932 0.3970902 1.2761981 0.38092798
0.123 1.4487554 0.09689483 1.2905288 0.39068538 1.2751926 0.37953433
0.124 1.448081 0.09649886 1.2815375 0.384277 1.274167 0.3781664
0.125 1.447375 0.09610916 1.2726159 0.37789366 1.2731204 0.37682334
0.126 1.4466391 0.09572563 1.2637712 0.37152135 1.2720546 0.37550512
0.127 1.4458723 0.09534826 1.2549949 0.36519307 1.2709687 0.37421104
0.128 1.4450754 0.0949769 1.2462933 0.3589008 1.2698624 0.37294078
0.129 1.4442493 0.09461159 1.2376634 0.35263532 1.2687387 0.3716937
0.13 1.4433954 0.0942522 1.2291088 0.34641606 1.2675959 0.37046963
0.131 1.4425113 0.09389872 1.2206281 0.3402472 1.2664349 0.36926794
0.132 1.4416003 0.093550965 1.212218 0.3341378 1.2652559 0.36808804
0.133 1.4406617 0.09320894 1.2038832 0.32808694 1.2640592 0.36692983
0.134 1.4396961 0.092872575 1.1956244 0.32207835 1.2628446 0.36579278
0.135 1.4387028 0.09254185 1.1874365 0.31614706 1.2616129 0.36467636
0.136 1.4376842 0.092216566 1.1793226 0.31027937 1.260365 0.3635804
0.137 1.436639 0.09189675 1.1712816 0.3044826 1.2590997 0.36250407
0.138 1.4355692 0.09158228 1.1633166 0.29874867 1.2578179 0.36144736
0.139 1.4344733 0.091273285 1.1554202 0.29310128 1.2565203 0.36040977
0.14 1.4333534 0.0909694 1.1475987 0.28752804 1.2552061 0.3593909
0.14100000000000001 1.432207 0.0906707 1.1398494 0.28203422 1.2538769 0.35839036
0.14200000000000002 1.4310372 0.090377174 1.1321748 0.2766133 1.2525309 0.3574077
0.14300000000000002 1.4298432 0.09008871 1.1245682 0.27128443 1.2511702 0.35644266
0.14400000000000002 1.4286258 0.08980519 1.1170353 0.26604196 1.2497939 0.35549474
0.14500000000000002 1.4273849 0.08952662 1.1095712 0.2608811 1.248403 0.35456377
0.14600000000000002 1.4261206 0.08925288 1.1021793 0.25580508 1.2469966 0.35364908
0.14700000000000002 1.4248328 0.08898395 1.0948559 0.2508224 1.2455763 0.3527507
0.14800000000000002 1.4235225 0.08871969 1.0876042 0.24592547 1.2441407 0.35186803
0.14900000000000002 1.4221905 0.08846013 1.0804198 0.24112351 1.2426912 0.3510008
0.15000000000000002 1.4208356 0.08820508 1.0733027 0.23641254 1.2412267 0.35014862
0.15100000000000002 1.4194583 0.0879546 1.0662552 0.23178597 1.2397479 0.34931102
0.15200000000000002 1.41806 0.087708525 1.0592772 0.22725539 1.2382559 0.34848785
0.153 1.4166398 0.08746689 1.0523615 0.22282031 1.2367494 0.34767884
0.154 1.4151976 0.08722945 1.0455126 0.21847978 1.2352294 0.34688365
0.155 1.4137354 0.08699638 1.0387323 0.21422514 1.2336961 0.34610176
0.156 1.4122511 0.08676739 1.0320135 0.21006797 1.2321484 0.34533313
0.157 1.4107469 0.08654249 1.0253597 0.20599438 1.2305882 0.34457713
0.158 1.4092216 0.08632166 1.0187709 0.20201936 1.2290144 0.3438337
0.159 1.4076761 0.086104795 1.0122439 0.19813602 1.227427 0.34310243
0.16 1.4061099 0.08589177 1.0057777 0.19434309 1.2258264 0.34238294
0.161 1.4045242 0.08568259 0.99937326 0.19064231 1.2242134 0.34167525
0.162 1.4029183 0.085477225 0.9930322 0.18702619 1.2225877 0.3409789
0.163 1.4012923 0.085275404 0.9867489 0.18350047 1.2209485 0.3402934
0.164 1.3996471 0.0850773 0.9805259 0.18006381 1.2192966 0.33961874
0.165 1.3979819 0.08488264 0.9743609 0.17670938 1.217632 0.33895457
0.166 1.3962984 0.08469157 0.9682534 0.17344858 1.2159554 0.3383006
0.167 1.3945947 0.08450385 0.96220565 0.170262 1.2142653 0.33765632
0.168 1.3928722 0.08431946 0.956216 0.16716328 1.2125641 0.337022
0.169 1.3911316 0.08413823 0.95027876 0.16414826 1.2108498 0.3363969
0.17 1.3893715 0.083960295 0.94439715 0.1612104 1.2091225 0.33578113
0.171 1.3875927 0.083785444 0.93857217 0.15835576 1.2073846 0.33517405
0.17200000000000001 1.3857956 0.083613634 0.9327987 0.15557727 1.2056332 0.3345757
0.173 1.3839805 0.08344487 0.92708033 0.15287583 1.2038704 0.33398575
0.174 1.382147 0.08327894 0.9214136 0.15024717 1.2020955 0.33340392
0.175 1.3802958 0.08311586 0.9157973 0.14769343 1.2003087 0.33282998
0.176 1.3784257 0.082955636 0.910235 0.14520688 1.1985103 0.33226368
0.177 1.3765379 0.08279801 0.90472275 0.14279376 1.1966997 0.33170503
0.178 1.3746327 0.08264308 0.89925855 0.14044613 1.1948773 0.33115354
0.179 1.3727098 0.082490645 0.8938454 0.1381686 1.1930435 0.33060893
0.18 1.370769 0.08234085 0.8884795 0.1359551 1.1911979 0.33007124
0.181 1.3688118 0.08219338 0.8831619 0.13380386 1.189341 0.32953998
0.182 1.3668367 0.08204835 0.8778905 0.13171116 1.1874727 0.32901517
0.183 1.3648446 0.08190558 0.8726673 0.12968491 1.1855922 0.32849652
0.184 1.3628353 0.08176504 0.86748934 0.12771066 1.1837006 0.32798383
0.185 1.360809 0.08162674 0.86235785 0.1257973 1.1817985 0.327477
0.186 1.3587664 0.08149051 0.8572686 0.123935066 1.1798841 0.32697555
0.187 1.3567067 0.08135637 0.85222346 0.12212483 1.1779593 0.3264795
0.188 1.3546301 0.081224136 0.8472244 0.12036739 1.1760222 0.32598853
0.189 1.3525383 0.08109392 0.8422658 0.118662015 1.1740751 0.32550263
0.19 1.3504285 0.080965534 0.8373511 0.117001064 1.1721165 0.3250217
0.191 1.3483036 0.08083899 0.832477 0.115390494 1.1701468 0.3245452
0.192 1.346162 0.08071415 0.8276435 0.11382206 1.1681666 0.32407328
0.193 1.344005 0.080591 0.82285035 0.11229888 1.1661756 0.32360545
0.194 1.3418312 0.080469474 0.81809723 0.11081523 1.1641731 0.32314187
0.195 1.3396417 0.080349535 0.8133842 0.10937418 1.1621599 0.32268202
0.196 1.3374368 0.08023107 0.80871016 0.10797549 1.1601368 0.32222635
0.197 1.3352156 0.0801141 0.8040722 0.10660708 1.1581017 0.32177395
0.198 1.3329796 0.07999852 0.79947263 0.10528015 1.156057 0.32132506
0.199 1.330728 0.07988432 0.7949099 0.10398542 1.1540009 0.32087955
0.2 1.3284616 0.07977143 0.790385 0.10272958 1.1519349 0.3204372
0.201 1.3261784 0.07965975 0.7858963 0.10150396 1.1498588 0.3199977
0.202 1.3238815 0.07954926 0.7814415 0.10031173 1.1477711 0.31956118
0.203 1.3215693 0.07943991 0.77702284 0.099150635 1.145674 0.3191273
0.20400000000000001 1.319242 0.07933164 0.77263796 0.0980195 1.1435668 0.31869608
0.20500000000000002 1.3169004 0.07922444 0.7682877 0.096914634 1.1414489 0.31826732
0.20600000000000002 1.3145437 0.079118215 0.76397014 0.095837094 1.1393212 0.3178408
0.20700000000000002 1.3121719 0.07901292 0.7596856 0.09479143 1.1371824 0.3174165
0.20800000000000002 1.3097857 0.078908525 0.7554341 0.093767844 1.1350342 0.3169943
0.20900000000000002 1.3073862 0.07880503 0.7512157 0.092775635 1.1328762 0.3165739
0.21000000000000002 1.3049719 0.0787023 0.7470262 0.0917986 1.1307082 0.31615537
0.21100000000000002 1.302543 0.07860031 0.7428696 0.09085232 1.12853 0.31573835
0.21200000000000002 1.300101 0.0784991 0.7387431 0.08992623 1.1263422 0.31532314
0.21300000000000002 1.2976449 0.078398556 0.73464715 0.089024656 1.1241441 0.31490922
0.21400000000000002 1.2951741 0.07829861 0.730582 0.08814806 1.121937 0.31449667
0.21500000000000002 1.2926903 0.07819928 0.72654444 0.087288365 1.1197199 0.31408533
0.21600000000000003 1.290192 0.07810045 0.72253716 0.086453944 1.1174929 0.31367517
0.21700000000000003 1.287681 0.07800223 0.7185577 0.085637905 1.1152568 0.3132659
0.21800000000000003 1.2851562 0.07790444 0.7146054 0.08483876 1.1130108 0.31285757
0.21900000000000003 1.282618 0.077807106 0.7106809 0.08405891 1.110756 0.31245002
0.22 1.280067 0.0777101 0.70678604 0.08330662 1.1084907 0.31204325
0.221 1.2775025 0.0776135 0.7029169 0.0825697 1.1062174 0.31163707
0.222 1.2749251 0.077517256 0.69907415 0.081849 1.1039343 0.3112315
0.223 1.2723349 0.0774213 0.69525695 0.08114537 1.1016423 0.31082627
0.224 1.2697322 0.07732561 0.69146675 0.08046269 1.0993409 0.31042135
0.225 1.2671163 0.07723012 0.68770254 0.07980329 1.0970299 0.31001675
0.226 1.2644882 0.077134855 0.68396187 0.07915165 1.094711 0.30961213
0.227 1.2618475 0.07703975 0.68024606 0.07852174 1.0923828 0.30920786
0.228 1.2591944 0.0769448 0.67655647 0.077910304 1.090046 0.30880335
0.229 1.2565292 0.07684994 0.67288834 0.07731152 1.0877001 0.30839893
0.23 1.2538521 0.07675511 0.6692437 0.076726876 1.0853447 0.3079941
0.231 1.2511624 0.07666035 0.66562486 0.07616768 1.0829822 0.30758938
0.232 1.2484611 0.076565646 0.6620289 0.0756221 1.0806097 0.307184
0.233 1.2457482 0.07647095 0.6584535 0.07508654 1.0782303 0.30677855
0.234 1.2430234 0.07637614 0.65490115 0.074569754 1.0758405 0.30637243
0.23500000000000001 1.2402872 0.07628132 0.6513721 0.074070804 1.0734437 0.30596593
0.23600000000000002 1.2375395 0.0761864 0.6478656 0.073586494 1.0710381 0.30555877
0.23700000000000002 1.2347804 0.076091416 0.6443792 0.07312083 1.0686246 0.30515113
0.23800000000000002 1.23201 0.07599626 0.6409152 0.07266623 1.0662025 0.3047426
0.23900000000000002 1.2292281 0.07590098 0.63747007 0.07222399 1.0637727 0.30433336
0.24000000000000002 1.2264361 0.07580552 0.63404727 0.07180253 1.0613345 0.30392328
0.24100000000000002 1.2236329 0.07570982 0.6306432 0.07138958 1.0588884 0.30351228
0.24200000000000002 1.2208188 0.075613946 0.6272607 0.070993386 1.056435 0.30310053
0.24300000000000002 1.2179935 0.07551777 0.62389743 0.07061162 1.0539732 0.3026876
0.24400000000000002 1.2151574 0.075421356 0.6205538 0.07024341 1.0515037 0.3022736
0.245 1.2123126 0.07532472 0.61723036 0.069890134 1.0490264 0.30185854
0.246 1.2094561 0.07522775 0.61392486 0.06954931 1.0465424 0.30144235
0.247 1.2065899 0.0751305 0.61063856 0.06922217 1.0440499 0.301025
0.248 1.2037128 0.07503287 0.60737085 0.06890779 1.0415506 0.30060628
0.249 1.200826 0.07493493 0.60412127 0.068606436 1.0390434 0.30018637
0.25 1.19793 0.07483658 0.60088956 0.06831705 1.0365292 0.29976508
0.251 1.1950239 0.07473785 0.59767646 0.06804053 1.0340079 0.2993426
0.252 1.1921078 0.07463877 0.59448063 0.06777571 1.0314791 0.29891846
0.253 1.189182 0.07453921 0.59130234 0.06752421 1.0289433 0.2984929
0.254 1.1862477 0.074439235 0.58814085 0.06728184 1.026401 0.29806587
0.255 1.1833035 0.07433883 0.5849961 0.067051195 1.0238516 0.2976373
0.256 1.1803497 0.07423803 0.58186847 0.0668342 1.0212945 0.29720727
0.257 1.1773876 0.07413668 0.5787571 0.06662522 1.0187316 0.2967754
0.258 1.1744161 0.07403492 0.57566136 0.066424355 1.0161617 0.29634205
0.259 1.1714362 0.07393265 0.57258445 0.06623818 1.0135854 0.29590708
0.26 1.1684474 0.07382983 0.56952125 0.066060685 1.0110023 0.29547042
0.261 1.1654499 0.07372658 0.5664743 0.06589069 1.0084134 0.29503182
0.262 1.1624432 0.0736227 0.5634428 0.065731406 1.0058169 0.2945917
0.263 1.1594286 0.07351836 0.5604268 0.06557974 1.0032148 0.29414964
0.264 1.1564054 0.07341347 0.5574257 0.06543829 1.0006069 0.29370576
0.265 1.1533749 0.07330802 0.55444074 0.06530313 0.9979924 0.2932601
0.266 1.1503356 0.07320204 0.551469 0.06517515 0.995372 0.2928125
0.267 1.1472886 0.07309547 0.5485124 0.06505782 0.99274504 0.29236305
0.268 1.1442337 0.072988234 0.54556966 0.064944245 0.990113 0.2919117
0.269 1.141171 0.0728805 0.5426428 0.06484133 0.9874749 0.29145846
0.27 1.138101 0.07277219 0.5397296 0.06474141 0.98483086 0.2910031
0.271 1.1350232 0.072663225 0.5368301 0.064649925 0.9821815 0.29054597
0.272 1.1319388 0.07255367 0.5339445 0.06456225 0.97952616 0.2900867
0.273 1.1288464 0.07244345 0.531072 0.0644811 0.976866 0.28962559
0.274 1.125747 0.072332725 0.528213 0.06440523 0.97419935 0.28916234
0.275 1.1226403 0.072221294 0.52536815 0.0643335 0.971528 0.28869706
0.276 1.1195266 0.0721092 0.5225365 0.06426599 0.96885157 0.28822964
0.277 1.1164064 0.07199656 0.5197173 0.0642035 0.96616966 0.28776023
0.278 1.1132802 0.071883224 0.5169119 0.064144686 0.963483 0.2872888
0.279 1.1101466 0.07176927 0.5141177 0.06408879 0.96079123 0.28681514
0.28 1.1070065 0.07165464 0.51133806 0.06403558 0.95809436 0.2863394
0.281 1.1038603 0.071539365 0.5085703 0.06398677 0.9553921 0.28586146
0.28200000000000003 1.1007079 0.0714234 0.5058146 0.063939676 0.9526861 0.28538156
0.28300000000000003 1.0975492 0.07130687 0.5030716 0.063894205 0.9499746 0.28489938
0.28400000000000003 1.0943848 0.071189605 0.5003407 0.06385379 0.94725937 0.28441525
0.28500000000000003 1.0912142 0.07107164 0.49762166 0.06381363 0.94453883 0.28392857
0.28600000000000003 1.0880375 0.07095307 0.4949135 0.06377309 0.9418139 0.28344008
0.28700000000000003 1.0848559 0.07083379 0.49221927 0.0637369 0.9390848 0.2829493
0.28800000000000003 1.0816684 0.07071389 0.48953465 0.06370022 0.9363516 0.2824565
0.28900000000000003 1.0784756 0.07059331 0.48686323 0.063664705 0.93361413 0.2819612
0.29000000000000004 1.0752769 0.070471995 0.48420262 0.06362836 0.9308725 0.28146374
0.29100000000000004 1.0720735 0.07034999 0.48155415 0.06359243 0.92812693 0.28096423
0.29200000000000004 1.0688646 0.07022737 0.4789159 0.063557364 0.92537725 0.2804625
0.29300000000000004 1.065651 0.070104055 0.47628793 0.06352401 0.9226237 0.27995855
0.29400000000000004 1.0624323 0.06998004 0.4736721 0.063488126 0.91986656 0.27945235
0.29500000000000004 1.0592089 0.06985534 0.47106734 0.0634509 0.9171053 0.27894413
0.29600000000000004 1.055981 0.06973002 0.46847385 0.063412115 0.9143409 0.27843353
0.29700000000000004 1.0527484 0.06960397 0.46589088 0.06337408 0.9115729 0.2779208
0.29800000000000004 1.0495117 0.06947723 0.46331778 0.06333576 0.90880114 0.27740583
0.29900000000000004 1.0462697 0.06934984 0.46075585 0.06329691 0.90602607 0.27688864
0.30000000000000004 1.0430245 0.0692218 0.45820507 0.06325252 0.9032478 0.27636924
0.30100000000000005 1.0397748 0.06909301 0.4556638 0.063207105 0.900466 0.27584773
0.30200000000000005 1.036521 0.06896358 0.45313287 0.06316298 0.89768136 0.2753238
0.30300000000000005 1.0332627 0.06883347 0.4506122 0.06311479 0.89489394 0.27479786
0.30400000000000005 1.0300016 0.06870271 0.44810236 0.06306262 0.8921029 0.27426958
0.30500000000000005 1.0267365 0.06857126 0.44560143 0.06301126 0.8893093 0.27373925
0.30600000000000005 1.0234677 0.06843913 0.4431116 0.06295603 0.88651305 0.27320668
0.30700000000000005 1.0201956 0.06830636 0.44063133 0.062899895 0.8837138 0.2726719
0.30800000000000005 1.0169197 0.06817288 0.43816116 0.06283631 0.8809119 0.2721349
0.309 1.013641 0.06803878 0.43569997 0.06277509 0.8781073 0.27159584
0.31 1.0103587 0.06790399 0.4332491 0.062707774 0.8753005 0.27105457
0.311 1.007074 0.06776853 0.4308082 0.06263785 0.8724915 0.2705111
0.312 1.0037863 0.06763249 0.42837688 0.0625664 0.8696796 0.26996547
0.313 1.0004947 0.067495674 0.42595378 0.062493347 0.8668659 0.2694176
0.314 0.9972008 0.067358315 0.42354095 0.06241338 0.86404985 0.26886773
0.315 0.9939051 0.06722025 0.42113715 0.062333763 0.86123145 0.26831567
0.316 0.99060625 0.06708154 0.41874385 0.062245827 0.8584115 0.26776156
0.317 0.9873049 0.06694222 0.41635907 0.06215788 0.85558945 0.26720536
0.318 0.9840014 0.06680223 0.41398358 0.06206367 0.8527655 0.26664665
0.319 0.98069537 0.06666161 0.41161674 0.0619689 0.8499395 0.26608625
0.32 0.9773878 0.06652035 0.40925977 0.061870236 0.8471124 0.2655237
0.321 0.97407776 0.06637855 0.40691227 0.06176412 0.8442832 0.2649591
0.322 0.970766 0.066236064 0.40457252 0.061658412 0.84145254 0.2643922
0.323 0.96745247 0.066092946 0.40224215 0.061549038 0.83862084 0.2638234
0.324 0.96413743 0.06594924 0.39992073 0.061435092 0.8357871 0.26325247
0.325 0.96081996 0.065804906 0.39760885 0.061314613 0.8329522 0.26267955
0.326 0.95750135 0.065659955 0.39530522 0.061191488 0.8301163 0.26210463
0.327 0.9541811 0.065514445 0.39300987 0.061067667 0.82727915 0.2615276
0.328 0.9508602 0.06536828 0.390724 0.0609375 0.8244409 0.2609486
0.329 0.94753766 0.06522158 0.38844636 0.060803585 0.8216017 0.26036754
0.33 0.94421405 0.06507424 0.38617802 0.060664672 0.8187618 0.25978473
0.331 0.94088966 0.064926356 0.38391766 0.060523886 0.81592077 0.25919968
0.332 0.9375641 0.064777866 0.38166645 0.060376596 0.81307846 0.25861272
0.333 0.9342376 0.06462885 0.37942287 0.06022959 0.8102362 0.25802392
0.334 0.9309109 0.064479195 0.3771886 0.06007619 0.80739266 0.25743318
0.335 0.9275829 0.064329036 0.37496185 0.05992012 0.8045493 0.25684047
0.336 0.92425466 0.06417829 0.37274426 0.059757233 0.8017052 0.25624582
0.337 0.92092586 0.064027 0.3705354 0.059591748 0.79886085 0.25564924
0.338 0.91759676 0.0638752 0.3683346 0.05942425 0.7960159 0.25505084
0.339 0.91426766 0.06372281 0.36614177 0.05925116 0.7931709 0.25445056
0.33999999999999997 0.91093844 0.0635699 0.36395732 0.059077624 0.7903257 0.25384852
0.34099999999999997 0.90760833 0.0634164 0.36178163 0.058895644 0.78747994 0.25324455
0.34199999999999997 0.90427935 0.06326248 0.35961393 0.05871311 0.78463453 0.25263867
0.34299999999999997 0.9009495 0.063108005 0.35745475 0.05852622 0.78178924 0.25203115
0.344 0.89762115 0.06295298 0.35530326 0.05833508 0.7789442 0.25142184
0.345 0.8942912 0.06279747 0.35316005 0.05813964 0.77609885 0.2508106
0.346 0.89096314 0.062641464 0.3510253 0.05794368 0.77325463 0.25019762
0.347 0.8876352 0.062484942 0.348899 0.05774027 0.77040994 0.24958307
0.348 0.8843078 0.06232798 0.34677982 0.0575363 0.76756614 0.24896653
0.349 0.8809806 0.06217049 0.3446693 0.05732616 0.76472247 0.24834849
0.35 0.8776551 0.06201249 0.34256637 0.057116695 0.7618792 0.24772863
0.351 0.8743298 0.06185406 0.34047157 0.056902345 0.75903696 0.24710718
0.352 0.87100565 0.06169519 0.33838505 0.05668424 0.7561953 0.24648401
0.353 0.8676826 0.06153583 0.33630714 0.056460913 0.75335455 0.24585915
0.354 0.86436045 0.06137602 0.3342358 0.05624028 0.75051427 0.24523263
0.355 0.86103904 0.061215717 0.33217344 0.056010608 0.74767464 0.24460457
0.356 0.8577197 0.061055012 0.33011872 0.055778176 0.74483657 0.24397491
0.357 0.8544014 0.060893886 0.328072 0.055545047 0.7419995 0.2433436
0.358 0.85108507 0.06073233 0.3260336 0.055307698 0.73916334 0.24271081
0.359 0.8477691 0.060570285 0.32400295 0.055067886 0.73632807 0.2420764
0.36 0.8444557 0.06040788 0.32197917 0.05482757 0.7334947 0.24144043
0.361 0.84114355 0.060245067 0.31996405 0.05458184 0.7306624 0.24080297
0.362 0.83783334 0.060081802 0.31795728 0.054332364 0.7278314 0.24016412
0.363 0.83452517 0.059918217 0.31595755 0.054083563 0.72500193 0.23952366
0.364 0.8312185 0.059754163 0.31396556 0.053830612 0.72217375 0.2388818
0.365 0.82791436 0.05958975 0.31198218 0.053574257 0.719347 0.2382384
0.366 0.8246119 0.059424978 0.31000584 0.053318605 0.7165224 0.2375936
0.367 0.82131165 0.059259836 0.30803806 0.05305683 0.7136991 0.2369474
0.368 0.8180136 0.0590943 0.30607748 0.05279659 0.7108776 0.23629987
0.369 0.81471854 0.058928397 0.3041243 0.052531656 0.7080577 0.23565082
0.37 0.81142527 0.05876214 0.3021799 0.052264553 0.7052406 0.2350005
0.371 0.80813456 0.058595512 0.30024278 0.05199605 0.70242476 0.23434888
0.372 0.80484635 0.05842862 0.29831374 0.051723458 0.6996113 0.2336959
0.373 0.8015611 0.05826132 0.2963914 0.05145208 0.6967994 0.2330415
0.374 0.7982785 0.058093727 0.29447773 0.051178984 0.6939902 0.23238592
0.375 0.79499894 0.05792582 0.29257184 0.050901696 0.69118273 0.23172903
0.376 0.79172236 0.0577576 0.29067346 0.050622657 0.68837786 0.23107103
0.377 0.78844815 0.057589028 0.28878295 0.05034347 0.6855754 0.23041162
0.378 0.7851769 0.05742015 0.2868997 0.050063055 0.68277514 0.22975096
0.379 0.7819091 0.05725103 0.28502434 0.049780425 0.6799776 0.22908922
0.38 0.7786445 0.05708159 0.28315696 0.049494665 0.67718244 0.22842629
0.381 0.7753832 0.056911897 0.28129745 0.04920702 0.6743896 0.22776224
0.382 0.77212495 0.056741867 0.27944466 0.04892269 0.6715993 0.22709681
0.383 0.7688704 0.05657158 0.27759954 0.048636362 0.66881233 0.22643043
0.384 0.76561904 0.056401078 0.2757633 0.048346587 0.6660276 0.22576298
0.385 0.76237154 0.05623027 0.27393377 0.04805741 0.6632457 0.22509445
0.386 0.7591277 0.056059208 0.27211264 0.04776405 0.6604673 0.22442478
0.387 0.7558871 0.055887885 0.2702984 0.047474694 0.6576912 0.22375394
0.388 0.75265044 0.0557164 0.26849213 0.04718104 0.6549181 0.22308221
0.389 0.74941766 0.055544615 0.26669335 0.04689017 0.65214807 0.22240944
0.39 0.74618906 0.0553726 0.26490223 0.04659527 0.6493817 0.22173573
0.391 0.74296385 0.055200424 0.26311883 0.04630039 0.6466177 0.22106099
0.392 0.7397426 0.05502796 0.2613435 0.046002835 0.64385736 0.22038527
0.393 0.7365257 0.054855336 0.25957528 0.045709092 0.6411002 0.21970867
0.394 0.73331296 0.054682482 0.25781453 0.045413982 0.6383465 0.21903108
0.395 0.73010474 0.05450944 0.25606233 0.045116767 0.6355963 0.2183526
0.396 0.7269003 0.054336198 0.25431687 0.044820752 0.6328491 0.21767311
0.397 0.72370046 0.05416277 0.25257903 0.044525303 0.63010544 0.21699293
0.398 0.72050494 0.05398914 0.2508492 0.044226848 0.62736535 0.2163119
0.399 0.71731395 0.05381537 0.24912676 0.043932717 0.6246291 0.21562997
0.4 0.71412766 0.053641427 0.24741194 0.043634076 0.62189627 0.21494728
0.401 0.7109455 0.053467344 0.24570478 0.043337706 0.6191671 0.21426369
0.402 0.70776826 0.053293064 0.24400514 0.043042775 0.6164417 0.21357937
0.403 0.70459574 0.053118654 0.24231368 0.042745646 0.6137204 0.21289435
0.404 0.7014283 0.05294412 0.24062905 0.042450614 0.61100274 0.21220855
0.405 0.69826525 0.05276942 0.23895209 0.042156942 0.60828906 0.21152201
0.406 0.6951068 0.052594583 0.2372831 0.041861527 0.605579 0.21083474
0.40700000000000003 0.6919536 0.05241964 0.2356215 0.041567784 0.6028733 0.21014683
0.40800000000000003 0.68880606 0.052244566 0.23396744 0.041275334 0.60017145 0.2094583
0.40900000000000003 0.68566287 0.0520694 0.23232101 0.040982783 0.59747404 0.20876898
0.41000000000000003 0.6825248 0.051894058 0.23068202 0.0406913 0.5947804 0.20807914
0.41100000000000003 0.67939204 0.051718663 0.22905068 0.040400837 0.5920911 0.20738877
0.41200000000000003 0.6762649 0.051543172 0.2274271 0.040111907 0.5894061 0.20669754
0.41300000000000003 0.67314255 0.05136758 0.22581047 0.039824497 0.5867252 0.20600598
0.41400000000000003 0.67002577 0.051191896 0.22420228 0.039535675 0.58404887 0.20531377
0.41500000000000004 0.666914 0.051016107 0.22260134 0.03924821 0.5813766 0.20462105
0.41600000000000004 0.66380847 0.05084028 0.22100748 0.0389641 0.5787089 0.20392773
0.41700000000000004 0.6607074 0.050664388 0.21942179 0.0386801 0.576046 0.20323397
0.41800000000000004 0.65761274 0.050488364 0.21784323 0.038397804 0.5733872 0.20253977
0.41900000000000004 0.65452355 0.05031234 0.21627264 0.03811616 0.57073313 0.201845
0.42000000000000004 0.65143985 0.050136242 0.21470892 0.037836686 0.56808376 0.20114979
0.42100000000000004 0.648362 0.04996006 0.2131533 0.03755839 0.5654389 0.20045425
0.42200000000000004 0.64528966 0.049783867 0.21160536 0.037282493 0.5627986 0.19975817
0.42300000000000004 0.6422234 0.049607653 0.21006422 0.03700807 0.5601634 0.19906178
0.42400000000000004 0.6391629 0.04943139 0.2085313 0.03673472 0.5575328 0.19836496
0.42500000000000004 0.6361081 0.049255043 0.20700555 0.036463756 0.5549069 0.1976678
0.42600000000000005 0.63305974 0.049078703 0.2054873 0.03619572 0.55228615 0.19697036
0.42700000000000005 0.63001704 0.048902385 0.20397681 0.03592762 0.5496701 0.19627257
0.42800000000000005 0.6269804 0.048726022 0.20247366 0.035663087 0.547059 0.19557437
0.42900000000000005 0.62394994 0.048549596 0.20097782 0.03539957 0.5444528 0.1948759
0.43000000000000005 0.6209254 0.048373174 0.19948955 0.03513889 0.54185194 0.1941773
0.43100000000000005 0.61790735 0.048196837 0.19800897 0.03488055 0.53925604 0.19347836
0.43200000000000005 0.6148956 0.048020415 0.19653602 0.0346234 0.536665 0.19277923
0.43300000000000005 0.61188966 0.04784405 0.19506994 0.034370225 0.5340793 0.19207974
0.43400000000000005 0.60889053 0.04766767 0.1936117 0.034118358 0.53149855 0.19138014
0.43500000000000005 0.60589767 0.047491327 0.19216073 0.03386883 0.52892363 0.1906804
0.43600000000000005 0.6029111 0.047314994 0.19071756 0.03362131 0.52635354 0.18998045
0.43700000000000006 0.599931 0.04713865 0.18928164 0.033377703 0.5237887 0.18928042
0.43800000000000006 0.5969574 0.04696237 0.18785295 0.033136502 0.52122927 0.18858008
0.43900000000000006 0.59399027 0.04678611 0.18643217 0.03289647 0.51867515 0.18787977
0.44000000000000006 0.5910298 0.0466099 0.1850185 0.03266176 0.51612675 0.1871794
0.44100000000000006 0.588076 0.04643375 0.18361223 0.032427963 0.5135834 0.18647885
0.44200000000000006 0.5851287 0.04625761 0.18221357 0.032197375 0.5110458 0.18577829
0.44300000000000006 0.58218825 0.046081513 0.18082231 0.03196937 0.50851357 0.18507756
0.44400000000000006 0.5792545 0.045905493 0.17943841 0.031744167 0.5059869 0.18437688
0.44500000000000006 0.5763277 0.045729563 0.17806171 0.031523153 0.50346583 0.18367626
0.44600000000000006 0.57340765 0.04555364 0.17669281 0.031303618 0.50095046 0.18297562
0.44700000000000006 0.57049394 0.04537779 0.17533082 0.031088052 0.49844033 0.18227494
0.44800000000000006 0.5675876 0.045202013 0.1739765 0.030874608 0.49593636 0.18157423
0.44900000000000007 0.5646882 0.04502635 0.17262948 0.030666022 0.49343812 0.18087378
0.45000000000000007 0.5617957 0.04485075 0.17128986 0.030459134 0.49094525 0.18017331
0.45100000000000007 0.55891013 0.044675197 0.16995749 0.030256739 0.48845866 0.17947291
0.45199999999999996 0.55603147 0.044499766 0.16863222 0.030057514 0.48597702 0.1787725
0.45299999999999996 0.5531603 0.044324417 0.16731435 0.02986148 0.48350212 0.17807236
0.45399999999999996 0.55029577 0.044149157 0.16600406 0.029668938 0.4810329 0.17737241
0.45499999999999996 0.5474386 0.043973967 0.16470073 0.029479641 0.4785694 0.1766725
0.45599999999999996 0.5445886 0.043798897 0.16340508 0.029292628 0.47611198 0.17597277
0.45699999999999996 0.5417456 0.043623924 0.16211617 0.029111488 0.47366017 0.17527317
0.45799999999999996 0.53891 0.04344908 0.16083507 0.028931674 0.47121456 0.17457396
0.45899999999999996 0.53608155 0.04327434 0.15956096 0.028755907 0.4687752 0.1738748
0.45999999999999996 0.5332607 0.04309972 0.15829438 0.028584698 0.46634158 0.17317595
0.46099999999999997 0.53044677 0.042925175 0.15703447 0.028416766 0.46391422 0.17247729
0.46199999999999997 0.5276404 0.042750783 0.15578242 0.02825169 0.46149278 0.17177896
0.46299999999999997 0.52484155 0.042576503 0.1545374 0.028091025 0.45907775 0.17108087
0.46399999999999997 0.5220498 0.042402364 0.15329935 0.027934281 0.45666873 0.17038319
0.46499999999999997 0.5192657 0.042228367 0.15206878 0.02778038 0.45426586 0.16968566
0.46599999999999997 0.5164889 0.042054463 0.15084511 0.027630568 0.4518692 0.16898854
0.46699999999999997 0.5137199 0.041880716 0.14962865 0.02748539 0.4494788 0.16829178
0.46799999999999997 0.5109584 0.041707113 0.14841926 0.027343078 0.4470948 0.16759534
0.469 0.5082043 0.041533653 0.1472174 0.027204609 0.4447167 0.16689934
0.47 0.5054574 0.041360296 0.14602228 0.027070682 0.4423452 0.16620365
0.471 0.50271887 0.04118715 0.14483424 0.026940893 0.4399801 0.16550839
0.472 0.49998745 0.041014146 0.14365335 0.026813969 0.43762124 0.16481358
0.473 0.49726394 0.04084127 0.14247997 0.026691396 0.435269 0.16411924
0.474 0.49454802 0.04066856 0.14131315 0.026572054 0.43292278 0.16342533
0.475 0.4918396 0.040496014 0.14015365 0.026457269 0.4305831 0.16273178
0.476 0.48913917 0.040323615 0.13900103 0.026346749 0.4282499 0.16203895
0.477 0.48644656 0.04015141 0.13785568 0.026239851 0.42592308 0.16134644
0.478 0.48376182 0.039979372 0.13671714 0.026136067 0.42360318 0.16065456
0.479 0.48108453 0.03980749 0.13558553 0.026037155 0.42128947 0.15996307
0.48 0.47841525 0.039635744 0.13446069 0.025942694 0.4189822 0.15927218
0.481 0.47575396 0.039464243 0.13334318 0.025850812 0.41668183 0.15858181
0.482 0.47310022 0.039292913 0.13223238 0.025763772 0.4143877 0.15789208
0.483 0.47045466 0.03912173 0.13112885 0.025679847 0.41210037 0.1572029
0.484 0.46781653 0.03895075 0.13003188 0.025600642 0.40981957 0.15651436
0.485 0.4651868 0.03877995 0.12894228 0.025523966 0.40754554 0.15582639
0.486 0.46256498 0.038609356 0.1278592 0.025452085 0.4052779 0.1551391
0.487 0.45995113 0.038438953 0.12678295 0.025384462 0.40301713 0.15445241
0.488 0.45734516 0.03826872 0.12571362 0.02532049 0.40076306 0.15376647
0.489 0.45474744 0.038098726 0.124651015 0.025259947 0.39851567 0.15308112
0.49 0.4521573 0.0379289 0.12359543 0.025203252 0.39627498 0.15239647
0.491 0.44957578 0.03775928 0.122546434 0.025150986 0.39404118 0.15171252
0.492 0.44700196 0.03758987 0.12150445 0.025101785 0.39181405 0.15102929
0.493 0.44443607 0.037420653 0.12046922 0.025056174 0.38959372 0.15034686
0.494 0.44187847 0.037251662 0.11944045 0.025014734 0.38738006 0.14966504
0.495 0.43932912 0.037082877 0.118418664 0.024976863 0.3851733 0.14898406
0.496 0.43678775 0.036914326 0.11740354 0.024942853 0.3829735 0.14830387
0.497 0.43425474 0.03674596 0.116395056 0.024912378 0.3807804 0.14762442
0.498 0.43172935 0.03657783 0.115392946 0.024885876 0.37859416 0.14694577
0.499 0.42921275 0.036409914 0.114397764 0.024862397 0.37641487 0.14626792
0.5 0.42670402 0.036242228 0.11340926 0.024842555 0.3742425 0.14559093
0.501 0.4242036 0.036074776 0.112427436 0.024826283 0.3720769 0.14491478
0.502 0.42171136 0.035907544 0.11145203 0.024812987 0.36991853 0.14423949
0.503 0.41922748 0.035740547 0.110483415 0.024803253 0.36776683 0.14356501
0.504 0.4167519 0.035573773 0.10952101 0.02479743 0.3656221 0.14289147
0.505 0.41428435 0.03540725 0.108565405 0.024794629 0.3634844 0.14221878
0.506 0.41182533 0.03524093 0.10761608 0.024795499 0.36135375 0.14154698
0.507 0.40937448 0.035074893 0.10667338 0.0247993 0.3592299 0.14087616
0.508 0.4069318 0.034909073 0.10573699 0.024806608 0.35711324 0.14020617
0.509 0.4044975 0.034743514 0.10480718 0.02481676 0.35500336 0.13953722
0.51 0.40207165 0.03457818 0.103883915 0.024830014 0.35290074 0.13886917
0.511 0.39965403 0.03441309 0.10296693 0.024846291 0.3508051 0.13820213
0.512 0.3972449 0.034248263 0.10205634 0.024865909 0.34871644 0.13753603
0.513 0.39484382 0.0340837 0.101152174 0.024888152 0.34663463 0.13687089
0.514 0.39245155 0.03391939 0.10025421 0.024913607 0.34456033 0.1362069
0.515 0.390067 0.03375533 0.09936261 0.024942137 0.34249294 0.13554385
0.516 0.38769132 0.03359151 0.09847734 0.02497318 0.34043247 0.13488176
0.517 0.38532406 0.033427972 0.09759848 0.025006808 0.3383794 0.13422075
0.518 0.38296518 0.03326469 0.09672571 0.025043402 0.33633325 0.13356082
0.519 0.3806147 0.0331017 0.09585911 0.0250832 0.33429417 0.13290194
0.52 0.37827244 0.032938942 0.09499879 0.025125105 0.3322624 0.13224418
0.521 0.37593886 0.032776464 0.09414483 0.025169319 0.33023757 0.13158742
0.522 0.37361366 0.03261428 0.093296744 0.025216825 0.32821995 0.1309318
0.523 0.3712968 0.032452345 0.092454955 0.025266558 0.32620946 0.1302773
0.524 0.36898857 0.032290716 0.09161925 0.025318632 0.3242061 0.1296239
0.525 0.36668858 0.03212933 0.09078973 0.025372708 0.32220995 0.12897168
0.526 0.36439735 0.031968243 0.0899662 0.025429608 0.32022098 0.12832059
0.527 0.3621143 0.031807426 0.089148656 0.025488669 0.31823927 0.12767065
0.528 0.35983974 0.031646922 0.08833712 0.0255501 0.31626475 0.12702186
0.529 0.3575738 0.03148667 0.08753191 0.025613021 0.31429735 0.12637427
0.53 0.35531643 0.03132672 0.086732246 0.02567878 0.31233707 0.12572789
0.531 0.3530674 0.031167077 0.08593882 0.025746299 0.31038406 0.12508272
0.532 0.3508268 0.031007718 0.085151166 0.025816131 0.30843833 0.12443866
0.533 0.34859475 0.030848654 0.08436959 0.025887398 0.30649978 0.12379593
0.534 0.34637135 0.030689863 0.083593644 0.025961204 0.30456835 0.12315437
0.535 0.3441563 0.030531405 0.08282376 0.026036393 0.30264422 0.122514054
0.536 0.34194982 0.030373229 0.08205959 0.026113665 0.30072758 0.12187501
0.537 0.33975184 0.030215383 0.08130121 0.026192676 0.29881775 0.121237285
0.538 0.33756253 0.030057821 0.080548875 0.02627301 0.2969154 0.1206008
0.539 0.33538163 0.029900579 0.0798019 0.026355583 0.29502022 0.11996555
0.54 0.3332093 0.029743642 0.079061 0.026439345 0.2931324 0.11933166
0.541 0.3310455 0.029587017 0.078325555 0.026524832 0.29125166 0.118699074
0.542 0.3288901 0.0294307 0.07759601 0.026611617 0.2893782 0.11806775
0.543 0.32674327 0.029274704 0.07687192 0.026699975 0.28751212 0.11743778
0.544 0.324605 0.029119026 0.076153606 0.026789933 0.28565323 0.11680921
0.545 0.32247525 0.028963683 0.075440735 0.026881048 0.2838016 0.11618192
0.546 0.32035416 0.02880864 0.07473356 0.026973512 0.28195718 0.11555597
0.547 0.31824148 0.028653927 0.07403181 0.027067361 0.28012013 0.114931434
0.548 0.31613737 0.028499538 0.07333582 0.027162027 0.27829027 0.114308216
0.549 0.31404167 0.028345497 0.072645195 0.027257847 0.27646768 0.11368644
0.55 0.31195468 0.028191773 0.07196006 0.027354889 0.2746524 0.113066
0.551 0.30987626 0.028038386 0.07128035 0.027453203 0.27284443 0.11244702
0.552 0.30780625 0.027885344 0.07060624 0.027552187 0.27104366 0.11182947
0.553 0.30574477 0.02773261 0.06993722 0.027652424 0.2692501 0.11121329
0.554 0.30369195 0.027580244 0.06927374 0.027753374 0.267464 0.11059853
0.555 0.30164757 0.02742821 0.06861563 0.0278553 0.26568505 0.10998525
0.556 0.29961178 0.02727651 0.06796277 0.027957853 0.26391333 0.10937337
0.557 0.29758433 0.027125161 0.067315094 0.028061602 0.26214883 0.10876301
0.558 0.29556566 0.026974156 0.06667293 0.028165365 0.26039183 0.10815406
0.559 0.29355538 0.026823515 0.06603576 0.028270299 0.2586419 0.107546635
0.56 0.29155368 0.02667321 0.06540391 0.028375627 0.25689936 0.106940664
0.561 0.2895604 0.02652327 0.06477714 0.028481724 0.25516403 0.106336206
0.562 0.2875757 0.026373679 0.064155705 0.028588053 0.25343594 0.10573322
0.5630000000000001 0.2855996 0.02622443 0.063539155 0.028695296 0.25171527 0.10513176
0.5640000000000001 0.2836318 0.026075574 0.06292794 0.028802337 0.25000164 0.10453182
0.5650000000000001 0.28167266 0.02592706 0.062321696 0.028910102 0.24829537 0.10393336
0.5660000000000001 0.27972203 0.025778914 0.061720416 0.029018424 0.24659635 0.10333646
0.5670000000000001 0.27777982 0.025631124 0.061124273 0.029126825 0.24490473 0.10274113
0.5680000000000001 0.27584627 0.025483716 0.060533084 0.02923533 0.24322018 0.10214734
0.5690000000000001 0.27392098 0.02533666 0.05994683 0.029344143 0.24154301 0.10155508
0.5700000000000001 0.2720045 0.025189992 0.05936553 0.029453002 0.23987305 0.1009644
0.5710000000000001 0.27009615 0.025043694 0.05878905 0.029562328 0.23821014 0.10037529
0.5720000000000001 0.26819628 0.024897767 0.058217555 0.029671365 0.23655468 0.09978776
0.5730000000000001 0.26630515 0.024752216 0.057650696 0.029780649 0.23490639 0.09920181
0.5740000000000001 0.26442233 0.024607038 0.05708883 0.02988963 0.23326528 0.09861748
0.5750000000000001 0.26254806 0.024462257 0.05653174 0.029998781 0.23163168 0.09803474
0.5760000000000001 0.26068205 0.024317846 0.055979405 0.030107668 0.23000498 0.09745357
0.5770000000000001 0.2588246 0.024173828 0.055431813 0.030216359 0.22838563 0.096874095
0.5780000000000001 0.25697562 0.024030201 0.054888822 0.030324953 0.2267734 0.096296184
0.5790000000000001 0.2551351 0.023886949 0.05435046 0.030433478 0.22516845 0.09571993
0.58 0.2533029 0.023744082 0.053816885 0.030541383 0.22357069 0.095145285
0.581 0.25147918 0.023601618 0.053287834 0.030649193 0.22198021 0.09457227
0.582 0.24966395 0.023459561 0.05276346 0.03075652 0.22039685 0.09400095
0.583 0.24785703 0.023317875 0.05224347 0.030863518 0.21882069 0.09343127
0.584 0.24605851 0.0231766 0.051728133 0.030970015 0.2172517 0.092863284
0.585 0.2442683 0.02303573 0.051217288 0.031075742 0.21568987 0.09229691
0.586 0.2424867 0.022895254 0.05071096 0.031181121 0.21413518 0.09173224
0.587 0.2407133 0.022755176 0.05020899 0.031285934 0.21258764 0.09116927
0.588 0.23894833 0.022615522 0.049711462 0.03139004 0.21104743 0.09060795
0.589 0.23719187 0.022476258 0.049218263 0.031493522 0.20951428 0.090048335
0.59 0.23544347 0.022337401 0.04872952 0.03159617 0.20798822 0.08949045
0.591 0.23370348 0.022198964 0.048244964 0.031698223 0.20646925 0.088934265
0.592 0.23197192 0.022060927 0.047764733 0.031799365 0.20495744 0.08837978
0.593 0.23024864 0.021923313 0.04728878 0.03189975 0.20345297 0.087827004
0.594 0.22853369 0.0217861 0.046817083 0.031999182 0.20195536 0.08727593
0.595 0.22682703 0.021649327 0.046349593 0.03209765 0.20046501 0.08672664
0.596 0.22512867 0.021512946 0.04588628 0.032195073 0.19898158 0.08617908
0.597 0.22343856 0.021377007 0.045427017 0.032291695 0.19750533 0.08563324
0.598 0.22175673 0.021241471 0.044972032 0.03238698 0.19603616 0.08508918
0.599 0.22008318 0.02110637 0.04452093 0.032481372 0.19457407 0.0845468
0.6 0.21841782 0.020971695 0.044074096 0.032574527 0.193119 0.08400623
0.601 0.21676081 0.020837434 0.04363122 0.032666508 0.19167097 0.08346737
0.602 0.21511196 0.020703616 0.04319235 0.032757234 0.19023009 0.082930334
0.603 0.2134714 0.020570217 0.04275733 0.03284691 0.18879622 0.082395084
0.604 0.21183881 0.020437252 0.042326402 0.03293503 0.18736936 0.08186155
0.605 0.21021482 0.020304719 0.0418993 0.033021968 0.1859494 0.08132984
0.606 0.20859873 0.02017261 0.041476067 0.03310756 0.18453652 0.08079986
0.607 0.20699091 0.020040952 0.041056704 0.033191677 0.18313074 0.08027175
0.608 0.20539111 0.019909713 0.04064121 0.0332743 0.18173176 0.0797454
0.609 0.20379972 0.01977894 0.040229548 0.033355344 0.18033996 0.07922083
0.61 0.20221628 0.019648578 0.039821472 0.033435095 0.178955 0.0786981
0.611 0.20064095 0.019518664 0.039417256 0.033513214 0.17757706 0.07817714
0.612 0.19907384 0.019389212 0.039016765 0.03358959 0.17620604 0.07765801
0.613 0.19751476 0.019260177 0.038619846 0.03366442 0.17484187 0.07714068
0.614 0.19596381 0.019131597 0.038226712 0.03373757 0.17348482 0.07662521
0.615 0.19442075 0.01900346 0.037837137 0.03380897 0.17213453 0.07611154
0.616 0.19288602 0.018875776 0.03745115 0.033878595 0.1707911 0.0755997
0.617 0.19135913 0.01874853 0.03706878 0.033946346 0.16945465 0.07508968
0.618 0.18984044 0.018621748 0.03668978 0.034012478 0.16812515 0.074581526
0.619 0.1883297 0.01849541 0.036314443 0.034076676 0.1668024 0.074075185
0.62 0.18682696 0.01836952 0.03594262 0.03413881 0.1654866 0.07357069
0.621 0.18533212 0.018244088 0.03557405 0.03419923 0.16417755 0.07306807
0.622 0.18384533 0.018119102 0.035209097 0.03425756 0.1628754 0.07256725
0.623 0.18236656 0.017994583 0.03484743 0.03431396 0.16158003 0.0720683
0.624 0.1808956 0.017870503 0.0344892 0.034368277 0.16029145 0.07157119
0.625 0.17943266 0.017746896 0.034134258 0.034420487 0.15900971 0.071075976
0.626 0.17797756 0.017623743 0.03378256 0.03447075 0.15773475 0.07058263
0.627 0.17653048 0.01750105 0.033434257 0.034518804 0.15646653 0.070091106
0.628 0.1750912 0.01737882 0.03308921 0.034564603 0.15520512 0.069601476
0.629 0.17365985 0.017257042 0.032747336 0.0346083 0.15395041 0.06911372
0.63 0.17223631 0.017135743 0.032408696 0.034649756 0.15270248 0.06862782
0.631 0.1708206 0.017014882 0.032073215 0.034688924 0.1514612 0.068143815
0.632 0.16941273 0.016894504 0.031740814 0.034726024 0.15022667 0.06766167
0.633 0.1680127 0.016774595 0.031411648 0.03476057 0.14899884 0.06718141
0.634 0.16662039 0.016655138 0.0310855 0.03479275 0.14777762 0.06670303
0.635 0.16523594 0.016536158 0.030762445 0.034822736 0.14656316 0.066226535
0.636 0.16385904 0.016417628 0.03044238 0.034850225 0.14535527 0.06575193
0.637 0.16249007 0.016299581 0.03012537 0.034875322 0.14415406 0.06527923
0.638 0.16112879 0.016182002 0.029811338 0.03489795 0.14295952 0.064808406
0.639 0.15977524 0.01606489 0.029500265 0.034918033 0.14177155 0.06433948
0.64 0.1584294 0.01594825 0.029192101 0.03493576 0.14059015 0.06387248
0.641 0.15709111 0.015832078 0.028886925 0.034950815 0.13941531 0.0634073
0.642 0.15576054 0.015716387 0.028584575 0.034963485 0.13824713 0.0629441
0.643 0.1544376 0.015601161 0.028285054 0.03497355 0.13708542 0.062482756
0.644 0.1531223 0.015486411 0.027988369 0.034981 0.13593028 0.06202335
0.645 0.15181452 0.015372129 0.02769453 0.034985762 0.13478169 0.0615658
0.646 0.15051445 0.015258326 0.027403489 0.034987994 0.13363962 0.061110176
0.647 0.14922181 0.015144999 0.027115064 0.03498763 0.13250397 0.060656447
0.648 0.14793684 0.015032146 0.026829515 0.034984455 0.13137485 0.060204666
0.649 0.14665928 0.014919768 0.026546575 0.034978673 0.13025218 0.05975478
0.65 0.1453893 0.014807868 0.026266301 0.03497021 0.12913597 0.05930678
0.651 0.14412683 0.014696446 0.02598879 0.034958974 0.1280262 0.058860708
0.652 0.14287177 0.014585498 0.02571381 0.03494505 0.12692283 0.05841656
0.653 0.1416242 0.014475032 0.025441496 0.034928307 0.12582584 0.057974312
0.654 0.140384 0.014365044 0.02517173 0.034908794 0.12473526 0.05753399
0.655 0.1391513 0.014255533 0.024904532 0.034886576 0.12365107 0.057095576
0.656 0.13792603 0.014146493 0.024639856 0.034861624 0.12257328 0.056659076
0.657 0.13670798 0.014037933 0.024377696 0.03483377 0.121501714 0.05622448
0.658 0.1354974 0.013929872 0.024118017 0.03480313 0.1204366 0.05579185
0.659 0.1342941 0.013822269 0.02386082 0.03476959 0.11937769 0.055361085
0.66 0.13309814 0.013715165 0.02360606 0.034733333 0.11832511 0.05493225
0.661 0.13190949 0.013608524 0.023353755 0.034694172 0.117278844 0.054505333
0.662 0.1307281 0.0135023715 0.023103729 0.034652207 0.11623879 0.05408038
0.663 0.129554 0.0133967 0.022856165 0.0346074 0.115205094 0.053657297
0.664 0.12838708 0.013291508 0.022610944 0.03455969 0.11417744 0.05323614
0.665 0.1272274 0.013186807 0.022368047 0.034509137 0.1131561 0.052816905
0.666 0.12607491 0.013082577 0.022127459 0.03445569 0.11214095 0.05239959
0.667 0.124929644 0.012978833 0.021889107 0.03439946 0.11113202 0.051984206
0.668 0.12379142 0.012875567 0.021653045 0.03434027 0.110129155 0.051570725
0.669 0.122660376 0.012772789 0.02141926 0.034278214 0.10913247 0.051159166
0.67 0.12153646 0.012670494 0.021187661 0.03421334 0.108141966 0.05074955
0.671 0.12041963 0.012568681 0.020958256 0.0341456 0.107157506 0.050341822
0.672 0.119309835 0.012467348 0.020731058 0.034074925 0.10617921 0.049936026
0.673 0.11820715 0.012366492 0.020505989 0.03400146 0.10520694 0.049532145
0.674 0.117111444 0.012266128 0.020283088 0.033925135 0.10424075 0.049130205
0.675 0.11602273 0.012166244 0.020062283 0.03384588 0.10328062 0.048730142
0.676 0.11494108 0.012066835 0.019843575 0.033763856 0.1023265 0.04833204
0.6769999999999999 0.11386633 0.011967921 0.019626942 0.033678953 0.10137843 0.04793583
0.6779999999999999 0.112798445 0.011869481 0.019412333 0.03359125 0.10043631 0.04754151
0.6789999999999999 0.11173764 0.011771526 0.01919979 0.033500783 0.09950012 0.04714912
0.6799999999999999 0.11068365 0.011674046 0.018989267 0.03340738 0.09857 0.046758674
0.6809999999999999 0.10963655 0.011577061 0.018780757 0.03331118 0.09764574 0.046370123
0.6819999999999999 0.10859628 0.011480552 0.018574215 0.03321225 0.09672738 0.04598346
0.6829999999999999 0.1075628 0.011384524 0.01836965 0.033110574 0.09581503 0.045598738
0.6839999999999999 0.10653619 0.01128899 0.01816698 0.033006128 0.09490854 0.045215927
0.6849999999999999 0.10551639 0.011193923 0.017966235 0.0328989 0.094007835 0.044835005
0.6859999999999999 0.10450333 0.011099342 0.017767433 0.032788955 0.09311302 0.044456005
0.6869999999999999 0.10349702 0.011005241 0.01757049 0.03267629 0.092224054 0.04407891
0.688 0.10249738 0.010911627 0.017375441 0.03256094 0.09134096 0.043703713
0.689 0.10150453 0.010818485 0.017182238 0.032442916 0.09046359 0.04333042
0.69 0.10051827 0.010725833 0.01699083 0.032322254 0.08959199 0.042959027
0.691 0.0995386 0.010633656 0.016801257 0.03219893 0.08872622 0.04258954
0.692 0.09856565 0.010541965 0.016613474 0.032073036 0.08786616 0.042221956
0.693 0.09759934 0.010450754 0.016427498 0.03194449 0.08701182 0.041856285
0.694 0.09663956 0.010360025 0.01624327 0.031813405 0.086163156 0.04149248
0.695 0.09568637 0.010269772 0.01606078 0.03167975 0.08532028 0.041130565
0.696 0.09473968 0.010179997 0.01588004 0.031543612 0.08448302 0.040770553
0.697 0.093799494 0.010090705 0.015701005 0.031405028 0.083651446 0.04041246
0.698 0.09286577 0.01000189 0.015523686 0.031263873 0.08282546 0.04005623
0.699 0.09193866 0.009913555 0.015348025 0.03112039 0.08200511 0.039701883
0.7 0.0910179 0.009825696 0.015174017 0.030974481 0.08119038 0.039349433
0.701 0.09010357 0.0097383205 0.015001696 0.030826146 0.08038119 0.038998846
0.702 0.08919562 0.009651422 0.014830994 0.030675495 0.0795776 0.03865017
0.703 0.088294 0.009564998 0.014661921 0.030522553 0.07877954 0.03830334
0.704 0.08739884 0.009479053 0.014494452 0.030367259 0.077987015 0.03795842
0.705 0.08650991 0.009393583 0.014328535 0.030209808 0.07719998 0.03761534
0.706 0.08562735 0.0093085915 0.014164227 0.030050104 0.07641844 0.037274152
0.707 0.08475104 0.009224079 0.014001485 0.029888239 0.075642355 0.036934845
0.708 0.083881 0.009140039 0.013840285 0.02972418 0.074871734 0.03659738
0.709 0.08301717 0.0090564685 0.013680626 0.029558057 0.07410657 0.036261797
0.71 0.08215955 0.00897338 0.013522447 0.02938983 0.07334679 0.03592806
0.711 0.081308104 0.008890761 0.013365781 0.029219646 0.0725924 0.03559621
0.712 0.08046283 0.008808621 0.013210642 0.029047417 0.07184342 0.03526618
0.713 0.07962372 0.008726956 0.01305695 0.028873218 0.071099766 0.034938026
0.714 0.07879071 0.008645759 0.012904717 0.028697092 0.07036146 0.03461173
0.715 0.077963784 0.008565029 0.012753929 0.028519107 0.06962846 0.034287248
0.716 0.07714291 0.008484782 0.012604615 0.028339317 0.06890082 0.033964638
0.717 0.076328054 0.008404995 0.012456684 0.0281577 0.06817841 0.033643853
0.718 0.075519234 0.008325691 0.012310136 0.027974375 0.0674613 0.033324923
0.719 0.07471641 0.008246848 0.012165035 0.027789257 0.066749364 0.033007804
0.72 0.07391955 0.00816848 0.012021309 0.027602522 0.06604272 0.032692518
0.721 0.07312865 0.008090575 0.011878933 0.027414173 0.06534132 0.03237907
0.722 0.07234367 0.008013143 0.011737946 0.02722423 0.06464504 0.03206742
0.723 0.07156456 0.007936176 0.011598254 0.0270328 0.06395395 0.031757597
0.724 0.070791304 0.007859676 0.011459952 0.0268398 0.06326802 0.03144958
0.725 0.07002391 0.0077836383 0.011322945 0.026645398 0.062587276 0.031143377
0.726 0.069262326 0.0077080657 0.01118724 0.02644959 0.061911616 0.030838957
0.727 0.068506554 0.007632957 0.011052847 0.026252432 0.061241064 0.030536333
0.728 0.06775659 0.0075583174 0.010919733 0.026053956 0.0605756 0.0302355
0.729 0.067012265 0.007484128 0.010787888 0.02585425 0.05991518 0.02993644
0.73 0.06627372 0.0074104015 0.010657323 0.025653318 0.05925989 0.029639162
0.731 0.06554086 0.007337132 0.010528001 0.025451194 0.058609575 0.029343626
0.732 0.064813726 0.0072643254 0.010399907 0.02524799 0.05796436 0.029049855
0.733 0.06409217 0.0071919668 0.010273057 0.025043651 0.057324097 0.028757824
0.734 0.06337625 0.0071200654 0.010147415 0.02483836 0.05668883 0.028467534
0.735 0.062665954 0.007048614 0.0100229895 0.024632068 0.056058563 0.028178964
0.736 0.061961208 0.0069776187 0.009899744 0.024424838 0.055433307 0.027892115
0.737 0.061262 0.0069070696 0.009777704 0.024216758 0.05481297 0.027606972
0.738 0.06056833 0.006836966 0.009656796 0.02400781 0.054197583 0.027323516
0.739 0.05988015 0.0067673116 0.009537105 0.023798103 0.05358715 0.027041754
0.74 0.05919743 0.0066981 0.009418521 0.023587659 0.05298162 0.026761662
0.741 0.05852018 0.006629327 0.009301114 0.023376543 0.052380983 0.02648326
0.742 0.05784832 0.006561001 0.009184823 0.023164751 0.051785275 0.026206493
0.743 0.057181925 0.0064931125 0.009069655 0.022952395 0.05119441 0.025931396
0.744 0.056520853 0.0064256615 0.0089556165 0.022739522 0.05060845 0.025657972
0.745 0.055865165 0.0063586533 0.00884268 0.02252612 0.050027296 0.025386175
0.746 0.055214785 0.0062920805 0.0087308325 0.022312304 0.04945096 0.025116073
0.747 0.054569744 0.006225953 0.00862007 0.022098074 0.048879396 0.024847636
0.748 0.05392999 0.006160265 0.008510424 0.021883488 0.048312627 0.024580888
0.749 0.05329551 0.006095019 0.008401833 0.021668606 0.04775054 0.024315853
0.75 0.052666295 0.0060302205 0.008294309 0.021453477 0.047193155 0.024052562
0.751 0.05204233 0.0059658755 0.008187879 0.021238133 0.046640366 0.023791024
0.752 0.051423606 0.0059019825 0.008082489 0.021022629 0.046092164 0.023531301
0.753 0.050810076 0.0058385525 0.007978176 0.020807013 0.04554846 0.023273394
0.754 0.05020177 0.0057755844 0.007874913 0.020591289 0.045009237 0.02301736
0.755 0.049598623 0.0057130884 0.0077726943 0.02037557 0.044474363 0.022763215
0.756 0.049000654 0.005651063 0.0076715555 0.020159828 0.043943834 0.022510994
0.757 0.048407875 0.005589521 0.007571453 0.01994418 0.04341753 0.022260725
0.758 0.047820214 0.0055284677 0.007472398 0.019728627 0.042895425 0.022012414
0.759 0.047237687 0.0054679005 0.0073743938 0.019513218 0.04237746 0.021766076
0.76 0.046660267 0.005407828 0.007277422 0.01929797 0.04186358 0.021521728
0.761 0.046087965 0.0053482535 0.007181485 0.019082967 0.04135374 0.021279342
0.762 0.04552072 0.0052891714 0.007086577 0.018868247 0.04084795 0.021038951
0.763 0.04495852 0.0052305977 0.0069926875 0.01865385 0.040346164 0.020800494
0.764 0.044401333 0.00517252 0.006899793 0.018439805 0.039848357 0.020563977
0.765 0.043849126 0.0051149367 0.006807907 0.01822616 0.039354585 0.020329364
0.766 0.04330185 0.0050578467 0.006717002 0.018012943 0.03886482 0.020096647
0.767 0.04275952 0.0050012423 0.006627068 0.017800244 0.038379095 0.019865772
0.768 0.042222023 0.00494512 0.0065380936 0.017588044 0.037897404 0.01963672
0.769 0.041689396 0.0048894654 0.0064500617 0.017376421 0.037419844 0.019409453
0.77 0.041161507 0.0048342617 0.006362958 0.017165419 0.036946405 0.019183934
0.771 0.040638372 0.0047795014 0.006276774 0.016955065 0.036477115 0.018960118
0.772 0.04011995 0.004725165 0.006191494 0.016745405 0.036011983 0.018737966
0.773 0.039606187 0.0046712384 0.006107099 0.016536485 0.03555107 0.018517455
0.774 0.039097074 0.004617709 0.006023586 0.016328333 0.035094377 0.018298535
0.775 0.038592562 0.00456456 0.0059409533 0.016120994 0.034641918 0.018081192
0.776 0.038092643 0.0045117815 0.005859186 0.015914522 0.034193676 0.017865388
0.777 0.037597276 0.0044593634 0.0057782857 0.015708936 0.033749655 0.017651102
0.778 0.037106447 0.0044072955 0.0056982324 0.015504269 0.03330986 0.017438319
0.779 0.03662013 0.0043555796 0.0056190337 0.015300567 0.032874264 0.01722702
0.78 0.036138363 0.0043042125 0.005540681 0.015097875 0.032442838 0.017017215
0.781 0.035661034 0.004253192 0.0054631834 0.014896251 0.03201558 0.016808879
0.782 0.035188224 0.004202525 0.00538654 0.014695691 0.03159244 0.016602019
0.783 0.034719862 0.0041522123 0.0053107287 0.014496262 0.031173408 0.016396638
0.784 0.034255974 0.0041022603 0.0052357595 0.014297997 0.030758483 0.016192744
0.785 0.033796526 0.004052681 0.005161636 0.014100949 0.030347561 0.015990328
0.786 0.033341505 0.004003475 0.0050883438 0.013905113 0.02994067 0.01578941
0.787 0.032890912 0.003954656 0.0050158924 0.0137105705 0.029537786 0.015589991
0.788 0.032444734 0.0039062342 0.0049442756 0.01351735 0.029138826 0.015392076
0.789 0.032002937 0.0038582163 0.004873493 0.013325479 0.028743815 0.015195683
0.79 0.031565532 0.0038106167 0.004803542 0.013135018 0.028352713 0.015000804
0.791 0.031132478 0.0037634454 0.0047344193 0.012945994 0.027965486 0.014807459
0.792 0.030703792 0.0037167121 0.0046661124 0.012758444 0.027582102 0.0146156475
0.793 0.030279439 0.0036704296 0.0045986273 0.012572407 0.02720252 0.014425372
0.794 0.029859388 0.0036246122 0.0045319577 0.012387949 0.026826764 0.014236655
0.795 0.029443622 0.0035792696 0.0044661034 0.012205078 0.026454784 0.014049479
0.796 0.029032161 0.0035344167 0.0044010454 0.01202385 0.026086535 0.013863863
0.797 0.028624926 0.0034900687 0.0043367804 0.011844311 0.025722025 0.013679812
0.798 0.02822193 0.0034462376 0.004273312 0.011666488 0.025361216 0.013497323
0.799 0.027823133 0.0034029414 0.0042106225 0.011490435 0.025004087 0.013316399
0.8 0.027428519 0.0033601918 0.0041487063 0.011316176 0.024650605 0.013137042
0.801 0.027038064 0.003318005 0.0040875473 0.011143752 0.024300763 0.012959255
0.802 0.026651712 0.0032763958 0.0040271385 0.010973207 0.02395453 0.012783034
0.803 0.02626947 0.0032353806 0.0039674654 0.010804562 0.023611872 0.012608386
0.8039999999999999 0.025891278 0.0031949764 0.0039085215 0.010637859 0.023272771 0.012435307
0.8049999999999999 0.025517125 0.0031551938 0.0038502847 0.010473115 0.022937197 0.012263793
0.8059999999999999 0.025146978 0.0031160505 0.0037927434 0.010310364 0.02260515 0.01209385
0.8069999999999999 0.024780752 0.0030775582 0.0037358794 0.010149622 0.022276554 0.011925461
0.8079999999999999 0.024418471 0.0030397282 0.0036796809 0.009990902 0.021951418 0.011758626
0.8089999999999999 0.024060054 0.0030025733 0.0036241207 0.00983421 0.021629699 0.011593345
0.8099999999999999 0.02370549 0.002966097 0.0035691846 0.009679541 0.021311365 0.011429602
0.8109999999999999 0.023354711 0.0029303087 0.003514857 0.009526917 0.020996384 0.011267397
0.8119999999999999 0.023007683 0.0028952092 0.003461114 0.009376307 0.020684736 0.011106722
0.813 0.022664357 0.002860796 0.0034079456 0.009227708 0.020376386 0.010947564
0.814 0.022324687 0.0028270637 0.0033553198 0.00908109 0.020071285 0.010789913
0.815 0.02198863 0.0027940017 0.0033032289 0.00893642 0.019769428 0.010633765
0.816 0.021656137 0.0027615956 0.0032516466 0.008793661 0.019470762 0.010479097
0.817 0.021327145 0.0027298217 0.0032005617 0.008652778 0.019175254 0.010325905
0.818 0.021001626 0.002698654 0.00314996 0.008513737 0.018882878 0.010174183
0.819 0.020679515 0.002668059 0.0030998222 0.008376462 0.01859362 0.010023914
0.82 0.020360762 0.0026379975 0.0030501399 0.008240914 0.01830741 0.009875086
0.821 0.02004533 0.0026084243 0.003000894 0.008107037 0.018024229 0.009727681
0.822 0.01973318 0.0025792911 0.0029520849 0.007974776 0.017744062 0.009581695
0.823 0.019424243 0.0025505442 0.0029036955 0.007844058 0.017466864 0.009437119
0.824 0.019118499 0.0025221298 0.0028557216 0.0077148383 0.017192615 0.009293931
0.825 0.018815883 0.0024939894 0.0028081557 0.007587053 0.016921274 0.009152129
0.826 0.018516386 0.002466067 0.002760997 0.0074606477 0.016652828 0.009011694
0.827 0.018219957 0.0024383082 0.0027142423 0.0073355744 0.016387234 0.008872621
0.828 0.017926566 0.00241066 0.002667889 0.0072117867 0.01612449 0.008734896
0.829 0.017636182 0.0023830747 0.0026219317 0.0070892246 0.015864551 0.008598509
0.83 0.017348768 0.0023555106 0.0025763765 0.006967852 0.015607409 0.008463452
0.831 0.017064318 0.0023279313 0.00253122 0.006847639 0.015353041 0.008329714
0.832 0.016782803 0.0023003076 0.0024864688 0.0067285444 0.015101417 0.008197286
0.833 0.016504193 0.0022726182 0.0024421203 0.0066105407 0.014852521 0.008066164
0.834 0.016228486 0.0022448476 0.002398179 0.0064936066 0.014606344 0.00793634
0.835 0.015955677 0.002216988 0.0023546477 0.0063777184 0.014362855 0.007807807
0.836 0.015685722 0.0021890362 0.0023115282 0.0062628547 0.014122051 0.007680561
0.837 0.0154186245 0.0021609988 0.0022688217 0.006149013 0.013883901 0.0075545935
0.838 0.015154386 0.0021328814 0.002226535 0.0060361805 0.013648405 0.007429906
0.839 0.014892983 0.0021047012 0.0021846688 0.005924351 0.013415528 0.0073064906
0.84 0.014634401 0.0020764733 0.0021432277 0.0058135237 0.01318528 0.0071843527
0.841 0.014378655 0.002048218 0.0021022158 0.005703699 0.012957635 0.0070634875
0.842 0.014125723 0.0020199586 0.002061634 0.005594885 0.012732581 0.006943895
0.843 0.013875601 0.001991717 0.0020214836 0.0054870844 0.012510092 0.006825575
0.844 0.013628274 0.0019635193 0.0019817692 0.0053802966 0.012290172 0.006708528
0.845 0.013383749 0.0019353906 0.0019424941 0.005274535 0.0120728025 0.0065927566
0.846 0.0131420065 0.0019073543 0.00190366 0.005169823 0.011857965 0.0064782654
0.847 0.01290304 0.0018794378 0.0018652674 0.0050661517 0.011645649 0.0063650534
0.848 0.012666844 0.0018516644 0.0018273196 0.0049635554 0.011435844 0.0062531284
0.849 0.012433424 0.0018240578 0.0017898215 0.0048620375 0.011228541 0.0061424924
0.85 0.012202754 0.0017966412 0.0017527709 0.0047616083 0.011023722 0.0060331505
0.851 0.011974827 0.001769436 0.0017161708 0.0046622907 0.0108213695 0.0059251054
0.852 0.011749637 0.0017424636 0.0016800201 0.0045640874 0.010621479 0.0058183633
0.853 0.011527175 0.0017157426 0.0016443244 0.0044670226 0.010424034 0.0057129296
0.854 0.011307435 0.0016892933 0.0016090822 0.004371105 0.010229021 0.005608807
0.855 0.011090403 0.0016631314 0.0015743003 0.0042763646 0.010036427 0.005506007
0.856 0.010876063 0.0016372742 0.001539971 0.00418279 0.009846239 0.0054045296
0.857 0.010664412 0.0016117374 0.0015060998 0.00409041 0.009658458 0.005304384
0.858 0.010455439 0.0015865342 0.0014726843 0.00399923 0.009473048 0.0052055754
0.859 0.010249122 0.0015616784 0.0014397275 0.0039092656 0.009290002 0.0051081083
0.86 0.0100454595 0.0015371812 0.0014072311 0.003820521 0.009109315 0.005011993
0.861 0.009844435 0.0015130554 0.0013751924 0.0037330128 0.00893097 0.0049172305
0.862 0.009646037 0.0014893102 0.0013436121 0.0036467467 0.008754949 0.004823829
0.863 0.009450246 0.0014659555 0.0013124896 0.0035617338 0.008581245 0.0047317958
0.864 0.0092570605 0.0014430003 0.0012818271 0.0034779771 0.008409845 0.004641137
0.865 0.009066459 0.0014204512 0.0012516205 0.0033954778 0.008240724 0.004551856
0.866 0.008878426 0.0013983148 0.0012218709 0.0033142467 0.008073881 0.0044639604
0.867 0.008692952 0.0013765985 0.0011925782 0.0032342908 0.007909296 0.004377455
0.868 0.008510021 0.0013553071 0.0011637371 0.0031555989 0.007746956 0.004292348
0.869 0.008329621 0.0013344452 0.0011353523 0.0030781857 0.0075868475 0.0042086416
0.87 0.008151728 0.0013140155 0.0011074204 0.0030020548 0.0074289506 0.0041263415
0.871 0.007976336 0.0012940221 0.0010799383 0.0029271937 0.0072732614 0.004045453
0.872 0.007803428 0.001274468 0.0010529059 0.0028536068 0.0071197576 0.003965981
0.873 0.0076329857 0.0012553526 0.0010263213 0.0027812934 0.0069684284 0.0038879293
0.874 0.0074649965 0.0012366772 0.0010001818 0.0027102483 0.006819253 0.0038113
0.875 0.007299444 0.0012184415 0.00097448635 0.0026404685 0.006672222 0.0037360976
0.876 0.007136311 0.0012006455 0.0009492313 0.002571946 0.00652732 0.0036623245
0.877 0.0069755767 0.0011832869 0.00092441676 0.0025046852 0.0063845324 0.003589982
0.878 0.006817233 0.0011663631 0.0009000378 0.002438671 0.00624384 0.003519074
0.879 0.0066612614 0.0011498713 0.0008760921 0.0023738954 0.0061052297 0.0034495976
0.88 0.006507646 0.0011338072 0.0008525787 0.002310356 0.005968686 0.0033815545
0.881 0.006356373 0.0011181664 0.0008294937 0.0022480441 0.005834195 0.003314944
0.882 0.006207413 0.0011029432 0.0008068337 0.00218695 0.00570174 0.003249763
0.883 0.006060755 0.0010881306 0.0007845949 0.0021270597 0.005571302 0.0031860084
0.884 0.0059163915 0.001073723 0.00076277583 0.00206837 0.00544287 0.0031236769
0.885 0.005774295 0.0010597118 0.00074137235 0.0020108665 0.005316428 0.0030627626
0.886 0.005634455 0.0010460878 0.0007203809 0.0019545394 0.005191955 0.0030032594
0.887 0.005496847 0.0010328433 0.0006997987 0.0018993753 0.0050694374 0.0029451584
0.888 0.005361461 0.0010199671 0.0006796213 0.0018453636 0.004948863 0.002888452
0.889 0.005228272 0.0010074488 0.0006598454 0.0017924937 0.004830208 0.0028331254
0.89 0.0050972705 0.0009952771 0.00064046605 0.0017407477 0.0047134627 0.0027791692
0.891 0.004968433 0.0009834403 0.00062148256 0.0016901203 0.004598604 0.0027265681
0.892 0.004841748 0.00097192643 0.00060288724 0.0016405897 0.0044856234 0.0026753063
0.893 0.004717192 0.00096072035 0.0005846791 0.0015921484 0.0043744966 0.002625364
0.894 0.004594751 0.0009498103 0.00056685245 0.001544779 0.00426521 0.0025767228
0.895 0.0044744033 0.0009391811 0.0005494033 0.0014984665 0.004157749 0.002529361
0.896 0.004356138 0.00092881895 0.0005323284 0.001453199 0.0040520965 0.002483255
0.897 0.00423993 0.00091870676 0.00051562197 0.0014089599 0.0039482308 0.0024383767
0.898 0.004125765 0.00090883067 0.0004992815 0.001365737 0.0038461406 0.002394699
0.899 0.004013625 0.00089917425 0.0004833015 0.0013235109 0.0037458064 0.0023521946
0.9 0.0039034933 0.0008897214 0.00046767783 0.0012822698 0.0036472112 0.002310829
0.901 0.0037953516 0.0008804555 0.00045240688 0.0012419972 0.0035503411 0.0022705677
0.902 0.0036891794 0.0008713593 0.0004374831 0.001202675 0.0034551746 0.0022313758
0.903 0.003584962 0.0008624164 0.00042290322 0.0011642928 0.0033616973 0.002193216
0.904 0.0034826791 0.00085360976 0.00040866193 0.0011268316 0.003269892 0.0021560478
0.905 0.003382317 0.0008449218 0.00039475496 0.0010902751 0.0031797406 0.0021198292
0.906 0.003283851 0.0008363358 0.0003811786 0.0010546097 0.0030912263 0.0020845195
0.907 0.0031872713 0.0008278353 0.00036792734 0.0010198174 0.0030043367 0.0020500734
0.908 0.0030925525 0.00081940094 0.00035499723 0.0009858842 0.002919048 0.0020164433
0.909 0.0029996806 0.0008110181 0.0003423835 0.00095279235 0.0028353482 0.0019835844
0.91 0.0029086373 0.0008026691 0.00033008237 0.0009205291 0.0027532186 0.0019514499
0.911 0.0028194042 0.0007943373 0.00031808857 0.00088907627 0.0026726422 0.0019199896
0.912 0.002731962 0.0007860057 0.00030639785 0.00085841934 0.0025936044 0.0018891543
0.913 0.0026462944 0.0007776597 0.00029500588 0.0008285423 0.0025160848 0.0018588944
0.914 0.002562386 0.00076928316 0.00028390813 0.0007994288 0.0024400712 0.0018291624
0.915 0.0024802154 0.00076086057 0.00027310025 0.0007710644 0.0023655442 0.0017999066
0.916 0.002399764 0.00075237756 0.00026257764 0.0007434354 0.0022924892 0.0017710791
0.917 0.0023210177 0.0007438195 0.00025233618 0.0007165251 0.0022208889 0.0017426299
0.918 0.002243956 0.0007351733 0.00024237175 0.0006903206 0.0021507274 0.0017145115
0.919 0.0021685625 0.00072642555 0.00023267925 0.0006648037 0.0020819888 0.0016866777
0.92 0.0020948173 0.0007175639 0.0002232548 0.00063996285 0.0020146566 0.0016590817
0.921 0.0020227067 0.00070857676 0.00021409443 0.0006157837 0.0019487173 0.0016316788
0.922 0.0019522082 0.00069945265 0.00020519296 0.0005922505 0.0018841517 0.0016044264
0.923 0.0018833078 0.00069018215 0.00019654719 0.00056935195 0.0018209465 0.001577283
0.924 0.001815986 0.0006807559 0.00018815235 0.000547073 0.001759087 0.0015502097
0.925 0.0017502266 0.0006711648 0.00018000451 0.00052540185 0.0016985573 0.001523169
0.926 0.0016860109 0.0006614011 0.00017209921 0.00050432363 0.001639342 0.0014961257
0.927 0.0016233223 0.0006514587 0.00016443283 0.0004838282 0.0015814264 0.0014690481
0.928 0.0015621425 0.00064133183 0.0001570011 0.0004639024 0.0015247964 0.0014419053
0.929 0.001502456 0.0006310157 0.00014980011 0.0004445348 0.0014694384 0.0014146714
0.93 0.0014442441 0.00062050583 0.00014282568 0.00042571302 0.0014153372 0.0013873194
0.931 0.0013874881 0.00060980016 0.0001360739 0.00040742604 0.0013624787 0.0013598294
0.932 0.001332174 0.0005988973 0.00012954103 0.00038966432 0.0013108497 0.0013321824
0.9329999999999999 0.001278283 0.0005877963 0.00012322312 0.00037241672 0.0012604374 0.0013043623
0.9339999999999999 0.0012257979 0.00057649735 0.000117116186 0.00035567282 0.0012112269 0.0012763559
0.9349999999999999 0.0011747015 0.0005650024 0.00011121657 0.00033942328 0.0011632052 0.0012481542
0.9359999999999999 0.0011249781 0.0005533144 0.000105520536 0.00032365913 0.0011163608 0.0012197506
0.9369999999999999 0.00107661 0.0005414368 0.000100024234 0.0003083712 0.0010706797 0.0011911406
0.938 0.0010295802 0.00052937475 9.472409e-05 0.00029355063 0.0010261503 0.0011623253
0.939 0.0009838722 0.000517134 8.961622e-05 0.00027918932 0.0009827594 0.001133306
0.94 0.0009394693 0.000504722 8.469706e-05 0.0002652795 0.0009404952 0.0011040891
0.941 0.00089635456 0.0004921472 7.996293e-05 0.0002518135 0.00089934637 0.0010746834
0.942 0.0008545118 0.0004794185 7.541024e-05 0.00023878361 0.0008593005 0.0010450999
0.943 0.00081392395 0.00046654695 7.103551e-05 0.00022618365 0.0008203467 0.0010153544
0.944 0.0007745752 0.00045354333 6.6834975e-05 0.00021400624 0.00078247354 0.0009854635
0.945 0.00073644804 0.00044042035 6.280513e-05 0.00020224495 0.00074566924 0.0009554468
0.946 0.0006995268 0.00042719144 5.8942456e-05 0.0001908939 0.00070992345 0.0009253279
0.947 0.00066379434 0.00041387102 5.5243367e-05 0.00017994671 0.00067522464 0.00089513155
0.948 0.00062923454 0.00040047418 5.1704348e-05 0.00016939761 0.0006415623 0.0008648843
0.949 0.00059583125 0.00038701715 4.8321886e-05 0.00015924074 0.0006089256 0.0008346168
0.95 0.00056356774 0.00037351708 4.5092424e-05 0.00014947075 0.00057730416 0.0008043615
0.951 0.0005324274 0.000359991 4.201247e-05 0.00014008213 0.0005466871 0.00077415054
0.952 0.00050239405 0.00034645814 3.9078477e-05 0.00013106938 0.00051706453 0.0007440209
0.953 0.0004734507 0.00033293656 3.6286874e-05 0.00012242702 0.000488425 0.0007140083
0.954 0.00044558107 0.0003194459 3.3634184e-05 0.00011414989 0.0004607584 0.00068415166
0.955 0.00041876885 0.00030600646 3.1116804e-05 0.000106232306 0.0004340544 0.0006544905
0.956 0.00039299688 0.00029263846 2.8731225e-05 9.866913e-05 0.00040830247 0.0006250656
0.957 0.00036824853 0.00027936266 2.6473866e-05 9.14546e-05 0.00038349166 0.00059591833
0.958 0.00034450716 0.00026619952 2.4341112e-05 8.4583124e-05 0.00035961115 0.00056709006
0.959 0.0003217557 0.00025317052 2.2329432e-05 7.8049095e-05 0.0003366501 0.0005386237
0.96 0.00029997676 0.00024029645 2.043516e-05 7.1846356e-05 0.00031459768 0.0005105616
0.961 0.0002791538 0.00022759872 1.8654706e-05 6.5968896e-05 0.00029344234 0.00048294637
0.962 0.0002592689 0.0002150978 1.6984417e-05 6.041031e-05 0.00027317269 0.00045581945
0.963 0.00024030468 0.00020281474 1.5420646e-05 5.5164095e-05 0.00025377714 0.00042922335
0.964 0.00022224359 0.00019076957 1.3959714e-05 5.0223378e-05 0.00023524345 0.0004031978
0.965 0.0002050677 0.00017898256 1.2597958e-05 4.5581135e-05 0.00021755957 0.00037778373
0.966 0.00018875877 0.00016747303 1.1331668e-05 4.1229967e-05 0.00020071278 0.00035301928
0.967 0.00017329857 0.00015625967 1.0157147e-05 3.7162226e-05 0.00018468987 0.0003289416
0.968 0.00015866868 0.00014536055 9.070683e-06 3.3370023e-05 0.00016947763 0.00030558652
0.969 0.00014485001 0.00013479314 8.068553e-06 2.984507e-05 0.00015506211 0.00028298766
0.97 0.00013182372 0.00012457353 7.1470504e-06 2.6578873e-05 0.0001414291 0.00026117673
0.971 0.00011957043 0.00011471716 6.3024445e-06 2.3562563e-05 0.00012856365 0.00024018301
0.972 0.0001080704 0.0001052382 5.5310234e-06 2.0787054e-05 0.00011645065 0.00022003346
0.973 9.730367e-05 9.61497e-05 4.8290854e-06 1.8242952e-05 0.00010507417 0.00020075243
0.974 8.7249915e-05 8.746327e-05 4.1929375e-06 1.5920583e-05 9.441774e-05 0.0001823611
0.975 7.7888544e-05 7.9189354e-05 3.6189158e-06 1.3810077e-05 8.446447e-05 0.000164878
0.976 6.919849e-05 7.133673e-05 3.1033694e-06 1.1901278e-05 7.519669e-05 0.00014831826
0.977 6.1158404e-05 6.391275e-05 2.6426842e-06 1.0183879e-05 6.659617e-05 0.00013269365
0.978 5.3746513e-05 5.692308e-05 2.233288e-06 8.647383e-06 5.864399e-05 0.00011801252
0.979 4.6940637e-05 5.0371666e-05 1.8716519e-06 7.2811517e-06 5.132048e-05 0.000104279534
0.98 4.071821e-05 4.426076e-05 1.5542987e-06 6.0744587e-06 4.4605447e-05 9.149566e-05
0.981 3.5056266e-05 3.859068e-05 1.277814e-06 5.016498e-06 3.847781e-05 7.965795e-05
0.982 2.9931354e-05 3.3359887e-05 1.0388496e-06 4.096449e-06 3.2915807e-05 6.875944e-05
0.983 2.5319616e-05 2.856488e-05 8.341392e-07 3.3035137e-06 2.7896922e-05 5.8789185e-05
0.984 2.1196722e-05 2.4200128e-05 6.604989e-07 2.6269602e-06 2.3397875e-05 4.9732025e-05
0.985 1.7537886e-05 2.0258043e-05 5.1484335e-07 2.0561786e-06 1.9394623e-05 4.1568655e-05
0.986 1.4317876e-05 1.6728944e-05 3.941927e-07 1.580734e-06 1.5862288e-05 3.4275494e-05
0.987 1.15109515e-05 1.3600981e-05 2.956811e-07 1.1904139e-06 1.277523e-05 2.7824592e-05
0.988 9.090896e-06 1.086014e-05 2.1656881e-07 8.7529503e-07 1.0106986e-05 2.2183716e-05
0.989 7.0310075e-06 8.4902e-06 1.5425114e-07 6.25793e-07 7.830271e-06 1.7316263e-05
0.99 5.3040876e-06 6.472694e-06 1.0627005e-07 4.3272965e-07 5.9169874e-06 1.3181234e-05
0.991 3.882427e-06 4.7869166e-06 7.0323324e-08 2.8738762e-07 4.3382115e-06 9.733275e-06
0.992 2.7378194e-06 3.4098914e-06 4.4276447e-08 1.8157847e-07 3.0641936e-06 6.9226708e-06
0.993 1.8415398e-06 2.3163618e-06 2.6172982e-08 1.0770287e-07 2.0643486e-06 4.695342e-06
0.994 1.1643568e-06 1.4787952e-06 1.424553e-08 5.8815907e-08 1.307269e-06 2.9929195e-06
0.995 6.7651933e-07 8.6737674e-07 6.926757e-09 2.8691186e-08 7.6071615e-07 1.7527468e-06
0.996 3.4776076e-07 4.500116e-07 2.8604237e-09 1.1885331e-08 3.9162774e-07 9.0794185e-07
0.997 1.4729451e-07 1.9233411e-07 9.1238833e-10 3.8026227e-09 1.661177e-07 3.8744736e-07
0.998 4.3815433e-08 5.772128e-08 1.8166965e-10 7.593972e-10 4.948569e-08 1.1609491e-07
0.999 5.4984817e-09 7.3064164e-09 1.1444405e-11 4.797598e-11 6.2187775e-09 1.4672424e-08
1.0 0.0 0.0 0.0 0.0 0.0 0.0
