0.001 0.413597 0.197504 0.671542
0.00100692 0.415401 0.198864 0.673735
0.0010139 0.417213 0.200232 0.675934
0.00102092 0.419032 0.201609 0.678139
0.00102799 0.420858 0.202995 0.68035
0.00103511 0.422693 0.20439 0.682569
0.00104227 0.424536 0.205793 0.684793
0.00104949 0.426386 0.207206 0.687025
0.00105676 0.428245 0.208627 0.689263
0.00106408 0.430112 0.210058 0.691507
0.00107145 0.431987 0.211499 0.693758
0.00107886 0.43387 0.212948 0.696016
0.00108634 0.435761 0.214408 0.698281
0.00109386 0.437661 0.215877 0.700552
0.00110143 0.43957 0.217356 0.70283
0.00110906 0.441487 0.218845 0.705115
0.00111674 0.443411 0.220341 0.707407
0.00112447 0.445342 0.221845 0.709705
0.00113226 0.447281 0.223357 0.712009
0.0011401 0.449226 0.224875 0.714319
0.001148 0.451178 0.226401 0.716636
0.00115594 0.453138 0.227935 0.718959
0.00116395 0.455105 0.229476 0.721289
0.00117201 0.457079 0.231026 0.723626
0.00118013 0.459061 0.232583 0.725968
0.0011883 0.46105 0.234149 0.728317
0.00119653 0.463047 0.235723 0.730673
0.00120481 0.465051 0.237306 0.733036
0.00121315 0.467063 0.238897 0.735405
0.00122156 0.469083 0.240497 0.73778
0.00123001 0.471111 0.242105 0.740162
0.00123853 0.473147 0.243723 0.742551
0.00124711 0.475191 0.24535 0.744946
0.00125574 0.477243 0.246986 0.747349
0.00126444 0.479303 0.248631 0.749758
0.0012732 0.481372 0.250286 0.752173
0.00128201 0.483448 0.251951 0.754596
0.00129089 0.485534 0.253625 0.757025
0.00129983 0.487627 0.25531 0.759461
0.00130883 0.48973 0.257004 0.761904
0.00131789 0.491841 0.258709 0.764354
0.00132702 0.49396 0.260423 0.76681
0.00133621 0.496089 0.262149 0.769274
0.00134546 0.498226 0.263885 0.771744
0.00135478 0.500373 0.265632 0.774222
0.00136416 0.502528 0.267389 0.776706
0.00137361 0.504692 0.269158 0.779198
0.00138312 0.506866 0.270937 0.781696
0.0013927 0.509049 0.272728 0.784202
0.00140234 0.511241 0.274531 0.786715
0.00141205 0.513443 0.276344 0.789234
0.00142183 0.515654 0.27817 0.791761
0.00143167 0.517875 0.280007 0.794296
0.00144159 0.520104 0.281853 0.796837
0.00145157 0.52234 0.283709 0.799385
0.00146162 0.524585 0.285572 0.80194
0.00147174 0.526838 0.287445 0.804502
0.00148194 0.529099 0.289327 0.80707
0.0014922 0.531368 0.291218 0.809646
0.00150253 0.533645 0.293118 0.812229
0.00151293 0.535931 0.295028 0.814819
0.00152341 0.538225 0.296947 0.817415
0.00153396 0.540527 0.298876 0.820019
0.00154458 0.542838 0.300815 0.82263
0.00155528 0.545157 0.302764 0.825247
0.00156605 0.547485 0.304723 0.827872
0.00157689 0.549821 0.306692 0.830503
0.00158781 0.552167 0.308671 0.833142
0.00159881 0.554521 0.310661 0.835787
0.00160988 0.556883 0.312661 0.838439
0.00162103 0.559255 0.314673 0.841099
0.00163225 0.561636 0.316695 0.843765
0.00164355 0.564026 0.318728 0.846439
0.00165494 0.566424 0.320772 0.849119
0.0016664 0.568832 0.322827 0.851807
0.00167794 0.57125 0.324894 0.854501
0.00168955 0.573676 0.326973 0.857202
0.00170125 0.576112 0.329063 0.859909
0.00171303 0.578557 0.331164 0.862624
0.0017249 0.581012 0.333278 0.865345
0.00173684 0.583476 0.335404 0.868073
0.00174887 0.58595 0.337542 0.870807
0.00176098 0.588433 0.339692 0.873549
0.00177317 0.590926 0.341855 0.876297
0.00178545 0.593429 0.34403 0.879052
0.00179782 0.595942 0.346218 0.881814
0.00181027 0.598465 0.348418 0.884583
0.0018228 0.600997 0.350632 0.887358
0.00183542 0.60354 0.352859 0.89014
0.00184813 0.606093 0.355099 0.892929
0.00186093 0.608655 0.35735 0.895726
0.00187382 0.611227 0.359612 0.898529
0.00188679 0.613807 0.361885 0.90134
0.00189986 0.616397 0.364169 0.904157
0.00191301 0.618996 0.366463 0.906982
0.00192626 0.621604 0.368769 0.909815
0.0019396 0.624221 0.371085 0.912654
0.00195303 0.626848 0.373413 0.9155
0.00196656 0.629484 0.375752 0.918354
0.00198017 0.632129 0.378103 0.921214
0.00199389 0.634784 0.380465 0.924082
0.00200769 0.637449 0.382839 0.926956
0.0020216 0.640123 0.385225 0.929838
0.00203559 0.642806 0.387622 0.932727
0.00204969 0.645499 0.390032 0.935622
0.00206388 0.648202 0.392454 0.938524
0.00207818 0.650914 0.394888 0.941434
0.00209257 0.653637 0.397335 0.94435
0.00210706 0.656369 0.399794 0.947273
0.00212165 0.65911 0.402266 0.950203
0.00213634 0.661862 0.404751 0.953139
0.00215113 0.664624 0.407249 0.956082
0.00216603 0.667395 0.409759 0.959032
0.00218103 0.670177 0.412283 0.961989
0.00219613 0.672968 0.41482 0.964953
0.00221134 0.67577 0.417371 0.967923
0.00222665 0.678582 0.419935 0.970899
0.00224207 0.681404 0.422512 0.973883
0.0022576 0.684236 0.425104 0.976873
0.00227323 0.687078 0.427709 0.979869
0.00228897 0.689931 0.430328 0.982872
0.00230482 0.692794 0.432962 0.985882
0.00232078 0.695667 0.435609 0.988898
0.00233685 0.698551 0.438271 0.991921
0.00235303 0.701445 0.440948 0.99495
0.00236933 0.70435 0.443639 0.997985
0.00238574 0.707265 0.446344 1.00103
0.00240226 0.71019 0.449062 1.00408
0.00241889 0.713126 0.451792 1.00713
0.00243564 0.716071 0.454535 1.0102
0.00245251 0.719026 0.45729 1.01327
0.00246949 0.721991 0.460057 1.01635
0.00248659 0.724966 0.462837 1.01943
0.00250381 0.727951 0.46563 1.02253
0.00252115 0.730946 0.468436 1.02563
0.00253861 0.733951 0.471254 1.02873
0.00255619 0.736967 0.474085 1.03185
0.00257389 0.739992 0.47693 1.03497
0.00259171 0.743027 0.479788 1.0381
0.00260966 0.746073 0.482659 1.04123
0.00262773 0.749128 0.485543 1.04437
0.00264592 0.752194 0.488441 1.04752
0.00266425 0.75527 0.491352 1.05068
0.0026827 0.758356 0.494278 1.05384
0.00270127 0.761452 0.497217 1.05701
0.00271998 0.764559 0.50017 1.06018
0.00273881 0.767675 0.503136 1.06336
0.00275778 0.770802 0.506117 1.06655
0.00277688 0.773939 0.509113 1.06975
0.0027961 0.777087 0.512122 1.07295
0.00281547 0.780244 0.515146 1.07615
0.00283496 0.783412 0.518185 1.07937
0.00285459 0.786591 0.521238 1.08259
0.00287436 0.789779 0.524306 1.08581
0.00289427 0.792978 0.527388 1.08904
0.00291431 0.796187 0.530486 1.09228
0.00293449 0.799407 0.533598 1.09552
0.00295481 0.802637 0.536726 1.09877
0.00297527 0.805877 0.539869 1.10203
0.00299587 0.809128 0.543027 1.10529
0.00301662 0.81239 0.5462 1.10855
0.00303751 0.815661 0.549389 1.11182
0.00305854 0.818944 0.552594 1.1151
0.00307972 0.822236 0.555814 1.11838
0.00310105 0.82554 0.559047 1.12168
0.00312252 0.828854 0.562294 1.12497
0.00314414 0.832179 0.565556 1.12828
0.00316592 0.835515 0.568831 1.13159
0.00318784 0.838861 0.57212 1.13491
0.00320991 0.842218 0.575424 1.13824
0.00323214 0.845585 0.578741 1.14158
0.00325452 0.848963 0.582073 1.14492
0.00327706 0.852351 0.585419 1.14827
0.00329975 0.85575 0.588779 1.15162
0.0033226 0.859159 0.592154 1.15498
0.00334561 0.862578 0.595543 1.15835
0.00336878 0.866008 0.598947 1.16173
0.00339211 0.869448 0.602365 1.16511
0.0034156 0.872899 0.605797 1.16849
0.00343925 0.876359 0.609245 1.17189
0.00346306 0.87983 0.612707 1.17528
0.00348704 0.883311 0.616183 1.17869
0.00351119 0.886802 0.619675 1.1821
0.00353551 0.890303 0.623181 1.18552
0.00355999 0.893814 0.626702 1.18894
0.00358464 0.897335 0.630237 1.19236
0.00360946 0.900866 0.633788 1.1958
0.00363446 0.904407 0.637354 1.19924
0.00365962 0.907958 0.640935 1.20268
0.00368497 0.911519 0.644531 1.20613
0.00371048 0.91509 0.648142 1.20958
0.00373618 0.91867 0.651768 1.21304
0.00376205 0.92226 0.65541 1.2165
0.0037881 0.92586 0.659066 1.21997
0.00381433 0.92947 0.662738 1.22344
0.00384075 0.933089 0.666426 1.22691
0.00386734 0.936718 0.670129 1.23039
0.00389412 0.940356 0.673847 1.23388
0.00392109 0.944005 0.677581 1.23737
0.00394824 0.947662 0.68133 1.24086
0.00397558 0.951332 0.685095 1.24436
0.00400311 0.955012 0.688875 1.24787
0.00403083 0.958703 0.69267 1.25139
0.00405874 0.962405 0.69648 1.25491
0.00408685 0.966118 0.700305 1.25844
0.00411515 0.969842 0.704145 1.26198
0.00414365 0.973576 0.708001 1.26552
0.00417234 0.977321 0.711871 1.26907
0.00420123 0.981076 0.715757 1.27262
0.00423032 0.984842 0.719657 1.27618
0.00425962 0.988617 0.723572 1.27975
0.00428911 0.992403 0.727502 1.28332
0.00431882 0.996199 0.731447 1.2869
0.00434872 1 0.735407 1.29048
0.00437884 1.00382 0.739381 1.29407
0.00440916 1.00764 0.74337 1.29767
0.00443969 1.01148 0.747373 1.30126
0.00447043 1.01532 0.751392 1.30487
0.00450139 1.01917 0.755424 1.30848
0.00453256 1.02304 0.759472 1.31209
0.00456395 1.02691 0.763533 1.3157
0.00459555 1.03079 0.767609 1.31932
0.00462737 1.03468 0.7717 1.32295
0.00465942 1.03857 0.775805 1.32658
0.00469168 1.04248 0.779924 1.33021
0.00472417 1.04639 0.784057 1.33384
0.00475689 1.05032 0.788205 1.33748
0.00478983 1.05425 0.792367 1.34112
0.00482299 1.05819 0.796542 1.34477
0.00485639 1.06214 0.800732 1.34842
0.00489002 1.06609 0.804936 1.35207
0.00492388 1.07005 0.809154 1.35572
0.00495798 1.07403 0.813386 1.35937
0.00499231 1.078 0.817632 1.36303
0.00502688 1.08199 0.821891 1.36669
0.00506169 1.08598 0.826165 1.37035
0.00509674 1.08999 0.830455 1.37402
0.00513204 1.09401 0.834556 1.3777
0.00516757 1.09803 0.838609 1.38138
0.00520336 1.10207 0.842674 1.38507
0.00523939 1.10612 0.846752 1.38876
0.00527567 1.11018 0.850841 1.39246
0.0053122 1.11425 0.854941 1.39617
0.00534899 1.11832 0.859053 1.39988
0.00538603 1.12241 0.863176 1.40359
0.00542333 1.12651 0.867309 1.40731
0.00546088 1.13061 0.871454 1.41104
0.0054987 1.13473 0.875608 1.41477
0.00553677 1.13885 0.879774 1.4185
0.00557511 1.14298 0.883949 1.42224
0.00561372 1.14712 0.888134 1.42598
0.00565259 1.15127 0.892329 1.42972
0.00569174 1.15542 0.896534 1.43347
0.00573115 1.15958 0.900748 1.43722
0.00577084 1.16375 0.904971 1.44097
0.0058108 1.16793 0.909203 1.44473
0.00585104 1.17211 0.913444 1.44849
0.00589155 1.1763 0.917694 1.45225
0.00593235 1.1805 0.921952 1.45601
0.00597343 1.1847 0.926218 1.45977
0.00601479 1.18891 0.930492 1.46353
0.00605645 1.19313 0.934774 1.4673
0.00609838 1.19735 0.939064 1.47106
0.00614061 1.20157 0.943361 1.47483
0.00618314 1.2058 0.947666 1.47859
0.00622595 1.21004 0.951978 1.48236
0.00626907 1.21428 0.956296 1.48613
0.00631248 1.21853 0.960622 1.48989
0.00635619 1.22278 0.964954 1.49366
0.0064002 1.22703 0.969292 1.49742
0.00644452 1.23129 0.973636 1.50118
0.00648915 1.23555 0.97799 1.50495
0.00653409 1.23983 0.982354 1.50872
0.00657933 1.24411 0.986728 1.5125
0.00662489 1.2484 0.991112 1.51628
0.00667077 1.25271 0.995506 1.52007
0.00671696 1.25702 0.999909 1.52386
0.00676347 1.26134 1.00432 1.52765
0.00681031 1.26566 1.00874 1.53145
0.00685747 1.27 1.01317 1.53526
0.00690495 1.27434 1.01761 1.53906
0.00695277 1.27869 1.02205 1.54287
0.00700092 1.28305 1.0265 1.54668
0.0070494 1.28741 1.03096 1.55049
0.00709821 1.29178 1.03542 1.55431
0.00714736 1.29615 1.03989 1.55812
0.00719686 1.30053 1.04437 1.56194
0.00724669 1.30491 1.04885 1.56576
0.00729687 1.3093 1.05333 1.56958
0.0073474 1.31369 1.05782 1.5734
0.00739828 1.31808 1.06232 1.57722
0.00744951 1.32248 1.06681 1.58103
0.0075011 1.32688 1.07132 1.58485
0.00755304 1.33129 1.07582 1.58867
0.00760534 1.33569 1.08033 1.59248
0.00765801 1.3401 1.08484 1.5963
0.00771104 1.34451 1.08935 1.60011
0.00776444 1.34892 1.09387 1.60392
0.0078182 1.35334 1.09838 1.60772
0.00787234 1.35775 1.1029 1.61153
0.00792685 1.36216 1.10742 1.61533
0.00798175 1.36658 1.11194 1.61912
0.00803702 1.37099 1.11645 1.62291
0.00809267 1.3754 1.12096 1.6267
0.00814871 1.37981 1.12547 1.63048
0.00820514 1.38422 1.12997 1.63426
0.00826196 1.38863 1.13448 1.63804
0.00831917 1.39305 1.13899 1.64182
0.00837678 1.39748 1.14352 1.6456
0.00843478 1.40191 1.14804 1.64939
0.00849319 1.40635 1.15257 1.65317
0.008552 1.4108 1.15711 1.65697
0.00861122 1.41525 1.16165 1.66076
0.00867086 1.4197 1.16619 1.66455
0.0087309 1.42416 1.17074 1.66835
0.00879136 1.42863 1.17529 1.67214
0.00885224 1.43309 1.17984 1.67594
0.00891353 1.43756 1.18439 1.67974
0.00897526 1.44203 1.18894 1.68353
0.00903741 1.4465 1.19349 1.68732
0.00909999 1.45097 1.19805 1.69112
0.00916301 1.45545 1.2026 1.69491
0.00922646 1.45992 1.20715 1.6987
0.00929035 1.46439 1.2117 1.70248
0.00935468 1.46886 1.21624 1.70626
0.00941946 1.47334 1.22079 1.71004
0.00948469 1.4778 1.22533 1.71382
0.00955037 1.48227 1.22986 1.71758
0.0096165 1.48673 1.2344 1.72135
0.00968309 1.49119 1.23892 1.72511
0.00975014 1.49565 1.24345 1.72886
0.00981766 1.5001 1.24796 1.73261
0.00988564 1.50455 1.25247 1.73635
0.0099541 1.50899 1.25698 1.74009
0.010023 1.51342 1.26147 1.74381
0.0100924 1.51785 1.26595 1.74753
0.0101623 1.52227 1.27042 1.75124
0.0102327 1.52669 1.27488 1.75494
0.0103036 1.53109 1.27933 1.75863
0.0103749 1.53549 1.28377 1.76231
0.0104467 1.53988 1.28821 1.76598
0.0105191 1.54427 1.29264 1.76964
0.0105919 1.54866 1.29707 1.7733
0.0106653 1.55306 1.30151 1.77696
0.0107391 1.55745 1.30594 1.78062
0.0108135 1.56185 1.31037 1.78428
0.0108884 1.56625 1.3148 1.78793
0.0109638 1.57065 1.31923 1.79158
0.0110397 1.57504 1.32365 1.79522
0.0111161 1.57944 1.32806 1.79886
0.0111931 1.58383 1.33247 1.80249
0.0112706 1.58822 1.33688 1.80612
0.0113487 1.59261 1.34128 1.80974
0.0114273 1.59699 1.34567 1.81335
0.0115064 1.60137 1.35005 1.81695
0.0115861 1.60574 1.35443 1.82055
0.0116663 1.61011 1.3588 1.82414
0.0117471 1.61447 1.36316 1.82772
0.0118284 1.61882 1.36751 1.83129
0.0119103 1.62316 1.37185 1.83485
0.0119928 1.6275 1.37618 1.83839
0.0120759 1.63182 1.38049 1.84193
0.0121595 1.63614 1.3848 1.84546
0.0122437 1.64044 1.38909 1.84897
0.0123285 1.64473 1.39337 1.85247
0.0124138 1.64901 1.39763 1.85596
0.0124998 1.65328 1.40188 1.85943
0.0125864 1.65753 1.40611 1.86289
0.0126735 1.66177 1.41033 1.86633
0.0127613 1.666 1.41453 1.86976
0.0128496 1.67021 1.41861 1.87318
0.0129386 1.6744 1.42265 1.87657
0.0130282 1.67858 1.42668 1.87995
0.0131184 1.68274 1.43068 1.88331
0.0132093 1.68688 1.43467 1.88665
0.0133007 1.69101 1.43864 1.88999
0.0133929 1.69515 1.44262 1.89332
0.0134856 1.69927 1.44658 1.89665
0.013579 1.7034 1.45053 1.89997
0.013673 1.70751 1.45448 1.90328
0.0137677 1.71162 1.45842 1.90658
0.013863 1.71572 1.46235 1.90988
0.013959 1.71982 1.46626 1.91317
0.0140557 1.7239 1.47017 1.91644
0.014153 1.72798 1.47406 1.91972
0.014251 1.73204 1.47795 1.92299
0.0143497 1.73609 1.48181 1.92625
0.0144491 1.74013 1.48567 1.9295
0.0145491 1.74416 1.48951 1.93274
0.0146499 1.74817 1.49333 1.93597
0.0147513 1.75217 1.49714 1.93918
0.0148535 1.75615 1.50093 1.94238
0.0149563 1.76012 1.50471 1.94556
0.0150599 1.76407 1.50847 1.94873
0.0151642 1.768 1.5122 1.95188
0.0152692 1.77191 1.51592 1.95504
0.0153749 1.77581 1.51962 1.95822
0.0154814 1.77968 1.52329 1.96139
0.0155886 1.78353 1.52695 1.96454
0.0156965 1.78736 1.53058 1.96767
0.0158052 1.79117 1.53419 1.97079
0.0159147 1.79496 1.53778 1.97388
0.0160249 1.79872 1.54134 1.97695
0.0161359 1.80245 1.54488 1.98
0.0162476 1.80616 1.54839 1.98304
0.0163601 1.80985 1.55188 1.98605
0.0164734 1.8135 1.55534 1.98904
0.0165875 1.81713 1.55877 1.99201
0.0167023 1.82074 1.56219 1.99497
0.016818 1.82434 1.56559 1.99792
0.0169345 1.82793 1.56898 2.00086
0.0170517 1.8315 1.57235 2.00379
0.0171698 1.83505 1.57571 2.00672
0.0172887 1.83859 1.57905 2.00963
0.0174084 1.84211 1.58237 2.01254
0.017529 1.84562 1.58567 2.01544
0.0176503 1.84911 1.58896 2.01832
0.0177726 1.85258 1.59222 2.02119
0.0178956 1.85602 1.59547 2.02405
0.0180196 1.85945 1.59869 2.0269
0.0181443 1.86286 1.60189 2.02973
0.01827 1.86624 1.60507 2.03255
0.0183965 1.8696 1.60823 2.03535
0.0185239 1.87293 1.61136 2.03814
0.0186522 1.87624 1.61447 2.04091
0.0187813 1.87953 1.61755 2.04367
0.0189114 1.88279 1.62061 2.04641
0.0190423 1.88602 1.62364 2.04913
0.0191742 1.88922 1.62665 2.05183
0.019307 1.89239 1.62963 2.05452
0.0194407 1.89553 1.63258 2.05718
0.0195753 1.89864 1.6355 2.05982
0.0197108 1.90172 1.63839 2.06244
0.0198473 1.90477 1.64125 2.06504
0.0199848 1.90778 1.64407 2.06761
0.0201232 1.91076 1.64687 2.07016
0.0202625 1.9137 1.64964 2.07268
0.0204028 1.91661 1.65238 2.07518
0.0205441 1.91948 1.65509 2.07765
0.0206864 1.92231 1.65776 2.08009
0.0208296 1.92511 1.66041 2.08251
0.0209739 1.92788 1.66303 2.08491
0.0211191 1.93063 1.66564 2.0873
0.0212653 1.93336 1.66822 2.08968
0.0214126 1.93606 1.67079 2.09204
0.0215609 1.93874 1.67333 2.09438
0.0217102 1.94139 1.67584 2.0967
0.0218605 1.94401 1.67833 2.09901
0.0220119 1.9466 1.6808 2.10129
0.0221643 1.94916 1.68325 2.10356
0.0223178 1.9517 1.68566 2.10581
0.0224723 1.9542 1.68805 2.10804
0.022628 1.95667 1.69042 2.11024
0.0227846 1.95911 1.69275 2.11242
0.0229424 1.96151 1.69506 2.11458
0.0231013 1.96388 1.69734 2.11672
0.0232613 1.96622 1.69958 2.11882
0.0234223 1.96851 1.7018 2.12091
0.0235845 1.97078 1.70399 2.12296
0.0237479 1.973 1.70614 2.12499
0.0239123 1.97519 1.70827 2.12699
0.0240779 1.97734 1.71036 2.12895
0.0242446 1.97944 1.71241 2.13089
0.0244125 1.98151 1.71443 2.1328
0.0245816 1.98354 1.71642 2.13467
0.0247518 1.98552 1.71838 2.1365
0.0249232 1.98746 1.7203 2.1383
0.0250958 1.98936 1.72218 2.14007
0.0252695 1.99121 1.72402 2.1418
0.0254445 1.99302 1.72583 2.14348
0.0256207 1.99478 1.7276 2.14513
0.0257981 1.99649 1.72934 2.14674
0.0259768 1.99817 1.73104 2.14832
0.0261567 1.99981 1.73272 2.14987
0.0263378 2.00142 1.73437 2.15139
0.0265202 2.00299 1.73599 2.15288
0.0267038 2.00453 1.73758 2.15434
0.0268887 2.00602 1.73914 2.15577
0.0270749 2.00748 1.74067 2.15717
0.0272624 2.0089 1.74217 2.15853
0.0274512 2.01028 1.74363 2.15986
0.0276413 2.01162 1.74507 2.16115
0.0278327 2.01291 1.74647 2.1625
0.0280254 2.01417 1.74784 2.16389
0.0282195 2.01539 1.74917 2.16523
0.0284149 2.01656 1.75045 2.16652
0.0286117 2.01769 1.7517 2.16777
0.0288098 2.01878 1.75292 2.16897
0.0290093 2.01982 1.7541 2.17013
0.0292102 2.02082 1.75524 2.17124
0.0294125 2.02177 1.75634 2.17231
0.0296161 2.02267 1.7574 2.17334
0.0298212 2.02353 1.75843 2.17432
0.0300277 2.02434 1.75942 2.17525
0.0302357 2.02511 1.76037 2.17614
0.030445 2.02582 1.76129 2.17698
0.0306559 2.02649 1.76216 2.17777
0.0308681 2.02711 1.763 2.17851
0.0310819 2.02768 1.7638 2.1792
0.0312971 2.02819 1.76455 2.17983
0.0315139 2.02866 1.76527 2.18042
0.0317321 2.02907 1.76594 2.18094
0.0319518 2.02944 1.76658 2.18142
0.0321731 2.02976 1.76718 2.18186
0.0323959 2.03003 1.76775 2.18224
0.0326202 2.03026 1.76829 2.18257
0.0328461 2.03044 1.76878 2.18286
0.0330735 2.03057 1.76924 2.18309
0.0333026 2.03065 1.76967 2.18327
0.0335332 2.03068 1.77006 2.18341
0.0337654 2.03067 1.77041 2.18349
0.0339992 2.03061 1.77072 2.18352
0.0342346 2.0305 1.77099 2.1835
0.0344717 2.03034 1.77123 2.18342
0.0347104 2.03012 1.77143 2.1833
0.0349508 2.02986 1.77159 2.18312
0.0351928 2.02955 1.77171 2.18288
0.0354365 2.02919 1.7718 2.1826
0.0356819 2.02878 1.77184 2.18225
0.035929 2.02832 1.77185 2.18186
0.0361778 2.02781 1.77181 2.18141
0.0364283 2.02725 1.77173 2.1809
0.0366805 2.02663 1.77162 2.18034
0.0369345 2.02596 1.77146 2.17971
0.0371903 2.02524 1.77126 2.17904
0.0374478 2.02447 1.77102 2.1783
0.0377071 2.02365 1.77074 2.17751
0.0379682 2.02277 1.77042 2.17666
0.0382312 2.02184 1.77006 2.17575
0.0384959 2.02086 1.76965 2.17477
0.0387625 2.01982 1.7692 2.17374
0.0390309 2.01873 1.76871 2.17265
0.0393012 2.01759 1.76818 2.17149
0.0395733 2.01638 1.76761 2.17028
0.0398474 2.01513 1.76699 2.169
0.0401233 2.01382 1.76634 2.16765
0.0404011 2.01246 1.76564 2.16625
0.0406809 2.01104 1.7649 2.16478
0.0409626 2.00957 1.76412 2.16326
0.0412463 2.00804 1.7633 2.16167
0.0415319 2.00646 1.76244 2.16002
0.0418195 2.00483 1.76154 2.15831
0.0421091 2.00315 1.76059 2.15654
0.0424007 2.00141 1.7596 2.15471
0.0426943 1.99962 1.75857 2.15282
0.0429899 1.99778 1.7575 2.15087
0.0432876 1.99588 1.75639 2.14886
0.0435874 1.99394 1.75524 2.14679
0.0438892 1.99194 1.75404 2.14466
0.0441931 1.98988 1.75281 2.14247
0.0444991 1.98778 1.75153 2.14022
0.0448073 1.98563 1.7502 2.13791
0.0451176 1.98342 1.74884 2.13554
0.04543 1.98116 1.74744 2.13311
0.0457446 1.97885 1.74599 2.13063
0.0460614 1.97649 1.7445 2.12808
0.0463803 1.97408 1.74297 2.12548
0.0467015 1.97162 1.7414 2.12282
0.0470249 1.9691 1.73978 2.12009
0.0473505 1.96653 1.73812 2.11729
0.0476784 1.96389 1.73641 2.11442
0.0480086 1.9612 1.73466 2.11148
0.048341 1.95844 1.73287 2.10847
0.0486758 1.95563 1.73103 2.10539
0.0490128 1.95277 1.72914 2.10225
0.0493522 1.94985 1.72722 2.09904
0.049694 1.94687 1.72525 2.09577
0.0500381 1.94384 1.72324 2.09243
0.0503846 1.94075 1.72119 2.08903
0.0507335 1.93761 1.71909 2.08556
0.0510848 1.93442 1.71695 2.08204
0.0514385 1.93118 1.71477 2.07845
0.0517947 1.92789 1.71255 2.0748
0.0521534 1.92454 1.71028 2.07109
0.0525146 1.92115 1.70798 2.06733
0.0528782 1.9177 1.70563 2.06351
0.0532444 1.91421 1.70325 2.05963
0.0536131 1.91067 1.70082 2.05569
0.0539843 1.90708 1.69836 2.0517
0.0543582 1.90345 1.69585 2.04766
0.0547346 1.89977 1.6933 2.04356
0.0551136 1.89605 1.69072 2.03941
0.0554952 1.89228 1.68809 2.03521
0.0558795 1.88846 1.68543 2.03096
0.0562665 1.8846 1.68273 2.02665
0.0566561 1.88067 1.67997 2.02226
0.0570484 1.87669 1.67718 2.01781
0.0574435 1.87265 1.67433 2.01328
0.0578413 1.86855 1.67145 2.00869
0.0582418 1.8644 1.66851 2.00403
0.0586451 1.86019 1.66554 1.9993
0.0590512 1.85593 1.66252 1.99451
0.0594601 1.85162 1.65946 1.98966
0.0598719 1.84726 1.65636 1.98475
0.0602865 1.84284 1.65321 1.97978
0.0607039 1.83838 1.65003 1.97475
0.0611243 1.83387 1.6468 1.96966
0.0615476 1.82932 1.64354 1.96453
0.0619738 1.82471 1.64024 1.95933
0.0624029 1.82007 1.63689 1.95409
0.062835 1.81538 1.63351 1.9488
0.0632701 1.81065 1.6301 1.94345
0.0637083 1.80588 1.62664 1.93806
0.0641494 1.80107 1.62315 1.93263
0.0645936 1.79622 1.61962 1.92715
0.0650409 1.79133 1.61606 1.92163
0.0654913 1.78641 1.61246 1.91607
0.0659448 1.78145 1.60883 1.91046
0.0664015 1.77646 1.60516 1.90482
0.0668613 1.77141 1.60146 1.89912
0.0673243 1.76632 1.5977 1.89335
0.0677905 1.76116 1.59391 1.88752
0.0682599 1.75596 1.59007 1.88163
0.0687326 1.75071 1.58618 1.87567
0.0692086 1.7454 1.58226 1.86966
0.0696878 1.74006 1.57829 1.86359
0.0701704 1.73466 1.57429 1.85747
0.0706563 1.72922 1.57024 1.8513
0.0711456 1.72374 1.56616 1.84508
0.0716382 1.71821 1.56204 1.8388
0.0721343 1.71265 1.55788 1.83249
0.0726338 1.70705 1.55369 1.82612
0.0731368 1.70141 1.54946 1.81972
0.0736432 1.69573 1.5452 1.81327
0.0741532 1.69003 1.54091 1.80679
0.0746667 1.68429 1.53658 1.80027
0.0751837 1.67851 1.53222 1.79372
0.0757044 1.67271 1.52782 1.78713
0.0762286 1.66688 1.5234 1.78052
0.0767565 1.66103 1.51895 1.77387
0.077288 1.65515 1.51447 1.7672
0.0778232 1.64924 1.50996 1.7605
0.0783621 1.6433 1.50542 1.75376
0.0789047 1.63731 1.50083 1.74697
0.0794511 1.63128 1.49621 1.74013
0.0800013 1.62521 1.49154 1.73323
0.0805553 1.61909 1.48684 1.72629
0.0811131 1.61294 1.4821 1.7193
0.0816748 1.60674 1.47732 1.71226
0.0822403 1.60051 1.4725 1.70519
0.0828098 1.59425 1.46766 1.69807
0.0833833 1.58795 1.46277 1.69092
0.0839607 1.58162 1.45786 1.68374
0.0845421 1.57527 1.45291 1.67652
0.0851275 1.56888 1.44794 1.66927
0.085717 1.56247 1.44293 1.662
0.0863106 1.55603 1.4379 1.65469
0.0869082 1.54957 1.43283 1.64737
0.0875101 1.54309 1.42774 1.64002
0.088116 1.53659 1.42263 1.63265
0.0887262 1.53008 1.41749 1.62527
0.0893406 1.52354 1.41233 1.61787
0.0899593 1.517 1.40714 1.61046
0.0905822 1.51044 1.40194 1.60304
0.0912095 1.50385 1.3967 1.59559
0.0918411 1.49722 1.39142 1.5881
0.092477 1.49057 1.38611 1.58058
0.0931174 1.48388 1.38077 1.57302
0.0937622 1.47716 1.37539 1.56542
0.0944115 1.47042 1.36999 1.5578
0.0950653 1.46365 1.36455 1.55015
0.0957236 1.45685 1.35908 1.54247
0.0963864 1.45003 1.35358 1.53477
0.0970539 1.44319 1.34805 1.52705
0.097726 1.43633 1.3425 1.51931
0.0984027 1.42946 1.33692 1.51155
0.0990841 1.42256 1.33132 1.50378
0.0997702 1.41566 1.32569 1.49599
0.100461 1.40874 1.32004 1.4882
0.101157 1.40181 1.31437 1.4804
0.101857 1.39487 1.30868 1.47259
0.102563 1.38792 1.30297 1.46478
0.103273 1.38097 1.29724 1.45697
0.103988 1.37402 1.2915 1.44915
0.104708 1.36705 1.28573 1.44134
0.105433 1.36007 1.27993 1.43351
0.106163 1.35307 1.27411 1.42565
0.106898 1.34604 1.26825 1.41778
0.107639 1.339 1.26237 1.40988
0.108384 1.33194 1.25646 1.40197
0.109134 1.32486 1.25052 1.39405
0.10989 1.31777 1.24455 1.38612
0.110651 1.31067 1.23857 1.37818
0.111417 1.30356 1.23256 1.37023
0.112189 1.29644 1.22652 1.36227
0.112966 1.28931 1.22047 1.35431
0.113748 1.28218 1.21439 1.34636
0.114536 1.27504 1.2083 1.3384
0.115329 1.2679 1.20218 1.33044
0.116127 1.26076 1.19604 1.32248
0.116932 1.25362 1.18988 1.31454
0.117741 1.24649 1.18371 1.3066
0.118557 1.23936 1.17752 1.29867
0.119378 1.23223 1.17131 1.29075
0.120204 1.2251 1.16509 1.28284
0.121037 1.21795 1.15884 1.27491
0.121875 1.2108 1.15256 1.26699
0.122719 1.20364 1.14625 1.25906
0.123569 1.19647 1.13993 1.25113
0.124424 1.1893 1.13358 1.2432
0.125286 1.18213 1.12721 1.23527
0.126153 1.17495 1.12082 1.22735
0.127027 1.16777 1.1144 1.21944
0.127907 1.1606 1.10797 1.21154
0.128792 1.15342 1.10153 1.20364
0.129684 1.14625 1.09506 1.19576
0.130582 1.13909 1.08858 1.1879
0.131486 1.13193 1.08208 1.18005
0.132397 1.12479 1.07558 1.17222
0.133314 1.11765 1.06908 1.16441
0.134237 1.11052 1.06258 1.15664
0.135167 1.10341 1.05609 1.14894
0.136103 1.0963 1.04958 1.14126
0.137045 1.08919 1.04307 1.1336
0.137994 1.08208 1.03655 1.12597
0.13895 1.07497 1.03003 1.11836
0.139912 1.06787 1.0235 1.11078
0.140881 1.06077 1.01696 1.10322
0.141856 1.05368 1.01042 1.0957
0.142838 1.0466 1.00388 1.08821
0.143828 1.03952 0.99734 1.08074
0.144824 1.03246 0.990795 1.07332
0.145826 1.0254 0.98425 1.06592
0.146836 1.01836 0.977706 1.05857
0.147853 1.01133 0.971165 1.05125
0.148877 1.00432 0.964631 1.04396
0.149908 0.997323 0.958105 1.03672
0.150946 0.990342 0.951589 1.02954
0.151991 0.98338 0.945081 1.0224
0.153044 0.976428 0.938565 1.01529
0.154103 0.969486 0.932052 1.00821
0.155171 0.962555 0.925541 1.00116
0.156245 0.955635 0.919032 0.994139
0.157327 0.948727 0.912526 0.98715
0.158416 0.941832 0.906024 0.980191
0.159513 0.934952 0.899525 0.973266
0.160618 0.928086 0.893031 0.966372
0.16173 0.921236 0.886543 0.959512
0.16285 0.914403 0.880061 0.952685
0.163978 0.907587 0.873585 0.945892
0.165113 0.90079 0.867117 0.939133
0.166257 0.894012 0.860658 0.932409
0.167408 0.887255 0.854207 0.925719
0.168567 0.880519 0.84775 0.919064
0.169735 0.873804 0.841298 0.912444
0.17091 0.867106 0.834854 0.905852
0.172093 0.860426 0.828416 0.899285
0.173285 0.853763 0.821986 0.892745
0.174485 0.847117 0.815565 0.886232
0.175693 0.840491 0.809152 0.879744
0.17691 0.833884 0.802749 0.873284
0.178135 0.827296 0.796356 0.866849
0.179369 0.820729 0.789974 0.860442
0.180611 0.814184 0.783602 0.854061
0.181861 0.80766 0.777243 0.847708
0.183121 0.801158 0.770896 0.841381
0.184389 0.794679 0.764563 0.835083
0.185666 0.788224 0.758243 0.828812
0.186951 0.781793 0.751938 0.82257
0.188246 0.775387 0.745648 0.816356
0.189549 0.769003 0.739372 0.810164
0.190862 0.762642 0.733112 0.803995
0.192184 0.756303 0.726867 0.797848
0.193514 0.749987 0.720638 0.791724
0.194854 0.743695 0.714425 0.785623
0.196204 0.737427 0.708229 0.779544
0.197562 0.731183 0.70205 0.773489
0.19893 0.724963 0.695889 0.767457
0.200308 0.718767 0.689746 0.761448
0.201695 0.712597 0.683622 0.755462
0.203092 0.706452 0.677517 0.7495
0.204498 0.700333 0.671431 0.743561
0.205914 0.694239 0.665365 0.737647
0.20734 0.688172 0.65932 0.731757
0.208776 0.682131 0.653297 0.725888
0.210222 0.676117 0.647297 0.72004
0.211677 0.670129 0.641319 0.714213
0.213143 0.664167 0.635364 0.708407
0.214619 0.658232 0.629432 0.702623
0.216105 0.652323 0.623523 0.69686
0.217602 0.646441 0.617639 0.69112
0.219109 0.640586 0.611777 0.685401
0.220626 0.634758 0.60594 0.679705
0.222154 0.628956 0.600126 0.674031
0.223692 0.623182 0.594337 0.66838
0.225241 0.617434 0.588573 0.662753
0.226801 0.611714 0.582832 0.657149
0.228371 0.606023 0.577119 0.651567
0.229953 0.60036 0.571435 0.646008
0.231545 0.594726 0.565779 0.64047
0.233148 0.58912 0.56015 0.634955
0.234763 0.583544 0.55455 0.629462
0.236389 0.577995 0.548978 0.62399
0.238025 0.572475 0.5434 0.61854
0.239674 0.566982 0.537839 0.613109
0.241333 0.561518 0.5323 0.6077
0.243005 0.556081 0.526789 0.602311
0.244687 0.550672 0.521306 0.596945
0.246382 0.54529 0.515852 0.591602
0.248088 0.539937 0.510426 0.586282
0.249806 0.534613 0.505033 0.580985
0.251536 0.52932 0.499672 0.575711
0.253277 0.524057 0.494344 0.57046
0.255031 0.518823 0.489048 0.565232
0.256797 0.513619 0.483784 0.560028
0.258576 0.508443 0.478551 0.554846
0.260366 0.503296 0.473349 0.549688
0.262169 0.498178 0.468177 0.544552
0.263984 0.493087 0.463036 0.53944
0.265813 0.488024 0.457925 0.534351
0.267653 0.482988 0.452844 0.529285
0.269507 0.477981 0.447793 0.524243
0.271373 0.473005 0.442778 0.519225
0.273252 0.46806 0.437798 0.514231
0.275144 0.463146 0.432852 0.509261
0.27705 0.458261 0.427938 0.504315
0.278968 0.453405 0.423058 0.499393
0.2809 0.448578 0.41821 0.494494
0.282845 0.443779 0.413393 0.489618
0.284804 0.439008 0.408606 0.484766
0.286776 0.434265 0.40385 0.479937
0.288762 0.429548 0.399123 0.475131
0.290761 0.424859 0.394427 0.470348
0.292775 0.4202 0.389766 0.465589
0.294802 0.415573 0.385139 0.460855
0.296843 0.410976 0.380547 0.456145
0.298899 0.406409 0.375989 0.451459
0.300969 0.40187 0.371463 0.446798
0.303053 0.39736 0.36697 0.442159
0.305151 0.392879 0.362508 0.437544
0.307265 0.388424 0.358076 0.432952
0.309392 0.383996 0.353675 0.428383
0.311535 0.379595 0.349303 0.423836
0.313692 0.375222 0.344964 0.419313
0.315864 0.37088 0.340659 0.414816
0.318052 0.366567 0.336389 0.410342
0.320254 0.362283 0.332152 0.405892
0.322472 0.358028 0.327947 0.401466
0.324705 0.353801 0.323773 0.397064
0.326953 0.349601 0.31963 0.392685
0.329217 0.345428 0.315518 0.388328
0.331497 0.34128 0.311434 0.383994
0.333792 0.337158 0.307378 0.379682
0.336104 0.333064 0.303354 0.375394
0.338431 0.329 0.299364 0.37113
0.340775 0.324966 0.295407 0.366891
0.343135 0.320959 0.291482 0.362675
0.345511 0.31698 0.287589 0.358483
0.347903 0.313028 0.283726 0.354314
0.350312 0.309103 0.279893 0.350168
0.352738 0.305203 0.276088 0.346044
0.355181 0.301327 0.272312 0.341942
0.35764 0.297477 0.268563 0.337862
0.360117 0.293655 0.264847 0.333807
0.362611 0.289861 0.261164 0.329775
0.365122 0.286096 0.257512 0.325768
0.36765 0.282357 0.25389 0.321783
0.370196 0.278644 0.250299 0.317822
0.372759 0.274957 0.246736 0.313883
0.375341 0.271295 0.243201 0.309965
0.37794 0.267656 0.239693 0.306069
0.380557 0.264042 0.236212 0.302195
0.383192 0.260454 0.232761 0.298343
0.385846 0.256894 0.229341 0.294515
0.388518 0.25336 0.225952 0.29071
0.391208 0.249853 0.222591 0.286928
0.393917 0.24637 0.21926 0.283169
0.396645 0.242912 0.215955 0.279431
0.399391 0.239478 0.212678 0.275714
0.402157 0.236067 0.209426 0.272018
0.404942 0.232679 0.2062 0.268344
0.407746 0.229318 0.203004 0.264692
0.410569 0.225983 0.199838 0.261064
0.413413 0.222674 0.196701 0.257458
0.416275 0.219389 0.193591 0.253874
0.419158 0.216128 0.190509 0.250312
0.42206 0.21289 0.187452 0.246771
0.424983 0.209675 0.18442 0.24325
0.427926 0.206482 0.181412 0.23975
0.430889 0.203314 0.178433 0.236271
0.433873 0.200171 0.175482 0.232816
0.436877 0.197053 0.172559 0.229382
0.439903 0.193958 0.169662 0.22597
0.442949 0.190887 0.166791 0.222579
0.446016 0.187838 0.163946 0.219209
0.449105 0.184812 0.161124 0.21586
0.452215 0.181806 0.158326 0.21253
0.455346 0.178825 0.155556 0.209222
0.458499 0.175869 0.152812 0.205936
0.461674 0.172935 0.150094 0.202672
0.464871 0.170025 0.147403 0.199429
0.46809 0.167138 0.144736 0.196207
0.471332 0.164272 0.142092 0.193005
0.474596 0.161427 0.139472 0.189823
0.477882 0.158604 0.136876 0.186661
0.481191 0.155804 0.134306 0.183521
0.484523 0.153027 0.131762 0.180403
0.487879 0.150274 0.129242 0.177306
0.491257 0.147542 0.126747 0.17423
0.494659 0.144832 0.124276 0.171174
0.498084 0.142143 0.121827 0.168138
0.501533 0.139475 0.119401 0.165122
0.505006 0.136829 0.116999 0.162128
0.508503 0.134207 0.114623 0.159155
0.512024 0.131607 0.112271 0.156203
0.51557 0.129028 0.109943 0.153271
0.51914 0.126471 0.107638 0.150361
0.522735 0.123935 0.105355 0.147471
0.526355 0.12142 0.103094 0.144601
0.53 0.118927 0.100857 0.141752
0.53367 0.116457 0.098645 0.138924
0.537365 0.114009 0.0964564 0.136118
0.541087 0.111582 0.094291 0.133333
0.544833 0.109177 0.0921482 0.130569
0.548606 0.106793 0.0900274 0.127825
0.552405 0.10443 0.0879287 0.125103
0.55623 0.102089 0.085854 0.122402
0.560082 0.0997697 0.0838029 0.119723
0.563961 0.0974728 0.0817751 0.117065
0.567866 0.0951977 0.07977 0.11443
0.571798 0.0929442 0.0777871 0.111816
0.575758 0.0907121 0.0758261 0.109223
0.579745 0.0885021 0.0738879 0.106653
0.583759 0.0863147 0.0719734 0.104104
0.587802 0.0841497 0.070082 0.101578
0.591872 0.0820069 0.0682135 0.0990751
0.595971 0.0798862 0.0663675 0.0965943
0.600097 0.0777874 0.0645435 0.0941363
0.604253 0.0757106 0.062742 0.0917013
0.608437 0.0736568 0.0609641 0.0892893
0.61265 0.071626 0.0592096 0.0869009
0.616893 0.0696182 0.0574784 0.0845363
0.621165 0.0676334 0.0557701 0.0821958
0.625466 0.0656717 0.0540845 0.0798797
0.629797 0.0637332 0.0524217 0.0775882
0.634158 0.0618182 0.0507827 0.075321
0.63855 0.0599268 0.0491672 0.0730786
0.642972 0.0580594 0.0475753 0.0708614
0.647424 0.056216 0.0460066 0.0686701
0.651907 0.054397 0.0444612 0.066505
0.656422 0.0526023 0.0429394 0.0643662
0.660967 0.0508323 0.0414417 0.0622534
0.665544 0.0490873 0.0399682 0.0601674
0.670153 0.0473675 0.0385189 0.0581087
0.674793 0.0456733 0.0370935 0.0560782
0.679466 0.0440049 0.0356923 0.0540763
0.684171 0.0423624 0.0343156 0.0521026
0.688909 0.040746 0.0329638 0.0501573
0.693679 0.0391561 0.0316369 0.0482412
0.698483 0.0375933 0.0303349 0.0463553
0.70332 0.0360579 0.029058 0.0445004
0.70819 0.0345502 0.0278064 0.0426767
0.713094 0.03307 0.0265805 0.0408835
0.718032 0.0316179 0.0253803 0.0391217
0.723004 0.0301944 0.0242062 0.0373923
0.728011 0.0288 0.023058 0.0356963
0.733052 0.0274352 0.0219361 0.0340345
0.738128 0.0260997 0.0208407 0.0324059
0.74324 0.024794 0.0197722 0.0308111
0.748386 0.0235187 0.0187307 0.0292514
0.753569 0.0222744 0.0177162 0.0277277
0.758787 0.0210615 0.0167289 0.026241
0.764041 0.01988 0.0157693 0.0247906
0.769332 0.0187302 0.0148377 0.0233769
0.77466 0.0176127 0.013934 0.0220011
0.780024 0.0165281 0.0130585 0.0206642
0.785425 0.0154769 0.0122112 0.0193672
0.790864 0.0144592 0.0113928 0.0181095
0.796341 0.013475 0.0106032 0.0168915
0.801855 0.0125249 0.00984255 0.0157141
0.807408 0.0116092 0.00911069 0.0145781
0.812999 0.0107284 0.00840776 0.0134844
0.818629 0.00988313 0.00773476 0.012433
0.824297 0.00907336 0.00709157 0.0114242
0.830005 0.00829913 0.00647783 0.0104585
0.835753 0.00756046 0.00589317 0.00953614
0.84154 0.00685781 0.0053379 0.00865788
0.847368 0.00619208 0.00481317 0.00782431
0.853236 0.00556279 0.00431828 0.00703519
0.859144 0.00496938 0.00385245 0.00629019
0.865093 0.00441137 0.00341494 0.00558909
0.871084 0.00389054 0.00300746 0.00493376
0.877116 0.0034069 0.00263009 0.00432418
0.88319 0.00295895 0.00228129 0.00375881
0.889305 0.00254516 0.00195953 0.0032361
0.895464 0.0021658 0.0016649 0.00275648
0.901664 0.00182369 0.00139999 0.00232315
0.907908 0.00151621 0.00116247 0.00193304
0.914195 0.00124038 0.000949746 0.00158272
0.920526 0.000994029 0.000759872 0.00126973
0.9269 0.000782314 0.000597122 0.00100028
0.933319 0.000602737 0.000459495 0.000771273
0.939782 0.000450252 0.000342863 0.000576566
0.946289 0.000319992 0.000243241 0.000410228
0.952842 0.000217732 0.000165166 0.000279503
0.95944 0.000142779 0.000108166 0.00018344
0.966084 8.72294e-05 6.60543e-05 0.000112103
0.972774 4.31859e-05 3.26441e-05 5.5564e-05
0.97951 1.57223e-05 1.17829e-05 2.03404e-05
0.986293 6.82146e-06 5.06619e-06 8.87621e-06
0.993123 5.30632e-06 3.97757e-06 6.86401e-06
